,bankssts-lh,bankssts-rh,caudalanteriorcingulate-lh,caudalanteriorcingulate-rh,caudalmiddlefrontal-lh,caudalmiddlefrontal-rh,cuneus-lh,cuneus-rh,entorhinal-lh,entorhinal-rh,frontalpole-lh,frontalpole-rh,fusiform-lh,fusiform-rh,inferiorparietal-lh,inferiorparietal-rh,inferiortemporal-lh,inferiortemporal-rh,insula-lh,insula-rh,isthmuscingulate-lh,isthmuscingulate-rh,lateraloccipital-lh,lateraloccipital-rh,lateralorbitofrontal-lh,lateralorbitofrontal-rh,lingual-lh,lingual-rh,medialorbitofrontal-lh,medialorbitofrontal-rh,middletemporal-lh,middletemporal-rh,paracentral-lh,paracentral-rh,parahippocampal-lh,parahippocampal-rh,parsopercularis-lh,parsopercularis-rh,parsorbitalis-lh,parsorbitalis-rh,parstriangularis-lh,parstriangularis-rh,pericalcarine-lh,pericalcarine-rh,postcentral-lh,postcentral-rh,posteriorcingulate-lh,posteriorcingulate-rh,precentral-lh,precentral-rh,precuneus-lh,precuneus-rh,rostralanteriorcingulate-lh,rostralanteriorcingulate-rh,rostralmiddlefrontal-lh,rostralmiddlefrontal-rh,superiorfrontal-lh,superiorfrontal-rh,superiorparietal-lh,superiorparietal-rh,superiortemporal-lh,superiortemporal-rh,supramarginal-lh,supramarginal-rh,temporalpole-lh,temporalpole-rh,transversetemporal-lh,transversetemporal-rh
bankssts-lh,0.0,0.0,0.0,0.0,0.0,0.0,0.0,0.0,0.0,0.0,0.0,0.0,0.0,0.0,0.0,0.0,0.0,0.0,0.0,0.0,0.0,0.0,0.0,0.0,0.0,0.0,0.0,0.0,0.0,0.0,0.0,0.0,0.0,0.0,0.0,0.0,0.0,0.0,0.0,0.0,0.0,0.0,0.0,0.0,0.0,0.0,0.0,0.0,0.0,0.0,0.0,0.0,0.0,0.0,0.0,0.0,0.0,0.0,0.0,0.0,0.0,0.0,0.0,0.0,0.0,0.0,0.0,0.0
bankssts-rh,0.0,0.07083333333333333,0.0,0.016666666666666666,0.004166666666666667,0.04583333333333333,0.0,0.05,0.020833333333333332,0.07916666666666666,0.0,0.004166666666666667,0.0,0.004166666666666667,0.016666666666666666,0.0,0.029166666666666667,0.0375,0.0125,0.03333333333333333,0.0,0.0,0.0,0.0,0.0,0.0,0.0,0.06666666666666667,0.025,0.05,0.008333333333333333,0.0,0.0,0.03333333333333333,0.020833333333333332,0.0375,0.008333333333333333,0.020833333333333332,0.0,0.0,0.041666666666666664,0.0,0.020833333333333332,0.029166666666666667,0.0,0.025,0.008333333333333333,0.05,0.0,0.0,0.0,0.0,0.0,0.0,0.0,0.020833333333333332,0.020833333333333332,0.0,0.0,0.0,0.0,0.016666666666666666,0.0,0.025,0.008333333333333333,0.0375,0.0,0.0
caudalanteriorcingulate-lh,0.0,0.0,0.08,0.06666666666666667,0.09333333333333334,0.0,0.06666666666666667,0.0,0.0,0.0,0.0,0.0,0.0,0.0,0.0,0.05333333333333334,0.0,0.0,0.0,0.0,0.0,0.0,0.0,0.09333333333333334,0.0,0.06666666666666667,0.0,0.05333333333333334,0.0,0.0,0.0,0.0,0.0,0.013333333333333334,0.0,0.0,0.013333333333333334,0.0,0.013333333333333334,0.02666666666666667,0.013333333333333334,0.013333333333333334,0.02666666666666667,0.02666666666666667,0.0,0.02666666666666667,0.05333333333333334,0.0,0.0,0.0,0.0,0.0,0.0,0.0,0.0,0.0,0.04,0.02666666666666667,0.0,0.0,0.04,0.0,0.0,0.0,0.0,0.0,0.0,0.09333333333333334
caudalanteriorcingulate-rh,0.0,0.04020100502512563,0.005025125628140704,0.07035175879396985,0.05527638190954774,0.010050251256281407,0.010050251256281407,0.020100502512562814,0.0,0.02512562814070352,0.0,0.0,0.0,0.0,0.0,0.005025125628140704,0.0,0.010050251256281407,0.02512562814070352,0.0,0.0,0.0,0.0,0.020100502512562814,0.0,0.020100502512562814,0.0,0.08040201005025126,0.0,0.010050251256281407,0.0,0.0,0.0,0.07035175879396985,0.0,0.020100502512562814,0.03015075376884422,0.0,0.0,0.0,0.035175879396984924,0.0,0.04020100502512563,0.07035175879396985,0.010050251256281407,0.04020100502512563,0.06030150753768844,0.04522613065326633,0.0,0.0,0.0,0.0,0.0,0.0,0.0,0.010050251256281407,0.07537688442211055,0.0,0.0,0.0,0.01507537688442211,0.0,0.01507537688442211,0.010050251256281407,0.0,0.03015075376884422,0.0,0.01507537688442211
caudalmiddlefrontal-lh,0.0,0.02304147465437788,0.018433179723502304,0.06912442396313365,0.08755760368663594,0.0,0.03686635944700461,0.013824884792626729,0.0,0.009216589861751152,0.0,0.0,0.0,0.0,0.0,0.009216589861751152,0.0,0.004608294930875576,0.018433179723502304,0.013824884792626729,0.0,0.0,0.0,0.03225806451612903,0.0,0.041474654377880185,0.0,0.06451612903225806,0.0,0.004608294930875576,0.0,0.0,0.0,0.05069124423963134,0.0,0.013824884792626729,0.027649769585253458,0.0,0.004608294930875576,0.013824884792626729,0.027649769585253458,0.004608294930875576,0.03225806451612903,0.05069124423963134,0.009216589861751152,0.03225806451612903,0.059907834101382486,0.027649769585253458,0.0,0.0,0.0,0.0,0.0,0.0,0.0,0.0,0.06912442396313365,0.0,0.0,0.0,0.018433179723502304,0.0,0.013824884792626729,0.004608294930875576,0.0,0.03686635944700461,0.0,0.055299539170506916
caudalmiddlefrontal-rh,0.0,0.03804347826086957,0.0,0.0,0.0,0.09782608695652174,0.0,0.021739130434782608,0.03804347826086957,0.08695652173913043,0.0,0.02717391304347826,0.016304347826086956,0.059782608695652176,0.0,0.0,0.043478260869565216,0.04891304347826087,0.0,0.10326086956521739,0.005434782608695652,0.0,0.0,0.0,0.0,0.0,0.0,0.02717391304347826,0.03804347826086957,0.02717391304347826,0.03260869565217391,0.0,0.0,0.010869565217391304,0.0,0.016304347826086956,0.0,0.07065217391304347,0.0,0.0,0.016304347826086956,0.0,0.005434782608695652,0.005434782608695652,0.0,0.010869565217391304,0.0,0.03260869565217391,0.0,0.021739130434782608,0.0,0.0,0.0,0.0,0.0,0.016304347826086956,0.0,0.0,0.0,0.0,0.0,0.03804347826086957,0.0,0.021739130434782608,0.0,0.021739130434782608,0.0,0.0
cuneus-lh,0.0,0.0,0.01607717041800643,0.012861736334405145,0.028938906752411574,0.0,0.10289389067524116,0.0,0.0,0.0,0.0,0.01607717041800643,0.01929260450160772,0.022508038585209004,0.0,0.04823151125401929,0.0,0.0,0.0,0.022508038585209004,0.003215434083601286,0.0,0.0,0.07395498392282958,0.012861736334405145,0.07717041800643087,0.0,0.00964630225080386,0.0,0.0,0.01607717041800643,0.022508038585209004,0.0,0.006430868167202572,0.0,0.003215434083601286,0.01929260450160772,0.003215434083601286,0.0,0.06430868167202572,0.01607717041800643,0.04180064308681672,0.01929260450160772,0.01929260450160772,0.0,0.01929260450160772,0.012861736334405145,0.0,0.0,0.0,0.0,0.0,0.03858520900321544,0.00964630225080386,0.0,0.0,0.01607717041800643,0.01607717041800643,0.0,0.0,0.03215434083601286,0.0,0.01929260450160772,0.0,0.00964630225080386,0.028938906752411574,0.0,0.09967845659163987
cuneus-rh,0.0,0.061611374407582936,0.0,0.009478672985781991,0.004739336492890996,0.02843601895734597,0.0,0.06635071090047394,0.023696682464454975,0.07582938388625593,0.0,0.0,0.0,0.0,0.02843601895734597,0.0,0.03317535545023697,0.03317535545023697,0.014218009478672985,0.018957345971563982,0.0,0.0,0.0,0.0,0.004739336492890996,0.0,0.0,0.06635071090047394,0.02843601895734597,0.06635071090047394,0.009478672985781991,0.0,0.0,0.018957345971563982,0.03317535545023697,0.052132701421800945,0.018957345971563982,0.018957345971563982,0.0,0.0,0.05687203791469194,0.0,0.03317535545023697,0.018957345971563982,0.0,0.037914691943127965,0.004739336492890996,0.02843601895734597,0.0,0.0,0.0,0.0,0.0,0.0,0.0,0.0,0.009478672985781991,0.0,0.0,0.0,0.004739336492890996,0.014218009478672985,0.004739336492890996,0.02843601895734597,0.018957345971563982,0.023696682464454975,0.0,0.0
entorhinal-lh,0.0,0.006493506493506494,0.0,0.0,0.0,0.032467532467532464,0.006493506493506494,0.006493506493506494,0.14285714285714285,0.045454545454545456,0.0,0.08441558441558442,0.07142857142857142,0.045454545454545456,0.0,0.006493506493506494,0.12987012987012986,0.006493506493506494,0.0,0.045454545454545456,0.0,0.0,0.0,0.0,0.0,0.0,0.0,0.01948051948051948,0.07792207792207792,0.025974025974025976,0.12337662337662338,0.012987012987012988,0.0,0.0,0.006493506493506494,0.0,0.0,0.032467532467532464,0.0,0.012987012987012988,0.0,0.006493506493506494,0.0,0.0,0.0,0.0,0.0,0.0,0.0,0.0,0.0,0.0,0.0,0.032467532467532464,0.0,0.0,0.0,0.0,0.0,0.0,0.0,0.01948051948051948,0.0,0.0,0.0,0.0,0.0,0.0
entorhinal-rh,0.0,0.03456221198156682,0.0,0.002304147465437788,0.0,0.04608294930875576,0.0,0.029953917050691243,0.02534562211981567,0.1175115207373272,0.0,0.016129032258064516,0.004608294930875576,0.020737327188940093,0.013824884792626729,0.0,0.029953917050691243,0.029953917050691243,0.004608294930875576,0.055299539170506916,0.0,0.0,0.0,0.0,0.002304147465437788,0.016129032258064516,0.0,0.03686635944700461,0.055299539170506916,0.06912442396313365,0.018433179723502304,0.0,0.0,0.01152073732718894,0.016129032258064516,0.02304147465437788,0.0069124423963133645,0.029953917050691243,0.0,0.02304147465437788,0.06221198156682028,0.0,0.013824884792626729,0.009216589861751152,0.0,0.016129032258064516,0.0,0.020737327188940093,0.0,0.0069124423963133645,0.0,0.0,0.018433179723502304,0.0,0.02304147465437788,0.009216589861751152,0.004608294930875576,0.0,0.0,0.0,0.002304147465437788,0.016129032258064516,0.002304147465437788,0.013824884792626729,0.02534562211981567,0.016129032258064516,0.0,0.0
frontalpole-lh,0.0,0.0,0.0,0.0,0.0,0.0,0.0,0.0,0.0,0.0,0.3902439024390244,0.0,0.0,0.0,0.0,0.0,0.024390243902439025,0.0,0.0,0.0,0.0,0.0,0.0,0.0,0.0975609756097561,0.0,0.0,0.0,0.0,0.0,0.0,0.0,0.0,0.0,0.14634146341463414,0.0,0.0,0.0,0.0,0.0,0.14634146341463414,0.0,0.0,0.0,0.0,0.0,0.0,0.0,0.0,0.0,0.0,0.0,0.0,0.0,0.0,0.0,0.0,0.0,0.0,0.0,0.07317073170731707,0.0,0.0,0.0,0.12195121951219512,0.0,0.0,0.0
frontalpole-rh,0.0,0.0,0.0,0.0,0.0,0.01675977653631285,0.05027932960893855,0.0,0.05027932960893855,0.0111731843575419,0.0,0.12849162011173185,0.1005586592178771,0.055865921787709494,0.0,0.027932960893854747,0.07262569832402235,0.0,0.0,0.027932960893854747,0.0,0.0,0.0,0.0335195530726257,0.0,0.0111731843575419,0.0,0.0,0.0335195530726257,0.0,0.07262569832402235,0.0335195530726257,0.0,0.0,0.0,0.0,0.0,0.0223463687150838,0.0,0.0335195530726257,0.0,0.027932960893854747,0.0,0.0,0.0,0.0,0.0,0.0,0.0,0.0,0.0,0.0,0.061452513966480445,0.05027932960893855,0.0446927374301676,0.0,0.0,0.0,0.0,0.0,0.0,0.00558659217877095,0.0,0.0,0.0,0.00558659217877095,0.0,0.0223463687150838
fusiform-lh,0.0,0.0,0.0,0.0,0.0,0.007407407407407408,0.07407407407407407,0.0,0.06666666666666667,0.0,0.0,0.1037037037037037,0.1259259259259259,0.05925925925925926,0.0,0.037037037037037035,0.044444444444444446,0.0,0.0,0.022222222222222223,0.0,0.0,0.0,0.05185185185185185,0.0,0.014814814814814815,0.0,0.0,0.022222222222222223,0.0,0.08148148148148149,0.044444444444444446,0.0,0.0,0.0,0.0,0.0,0.007407407407407408,0.0,0.044444444444444446,0.0,0.037037037037037035,0.0,0.0,0.0,0.0,0.0,0.0,0.0,0.0,0.0,0.0,0.05925925925925926,0.06666666666666667,0.0,0.0,0.0,0.0,0.0,0.0,0.0,0.0,0.0,0.0,0.0,0.0,0.0,0.02962962962962963
fusiform-rh,0.0,0.0,0.01020408163265306,0.0,0.0,0.03571428571428571,0.05612244897959184,0.0,0.025510204081632654,0.025510204081632654,0.0,0.04591836734693878,0.04081632653061224,0.11734693877551021,0.0,0.061224489795918366,0.025510204081632654,0.0,0.0,0.05102040816326531,0.02040816326530612,0.0,0.0,0.05102040816326531,0.0,0.025510204081632654,0.0,0.0,0.015306122448979591,0.0,0.03571428571428571,0.05612244897959184,0.0,0.0,0.0,0.0,0.0,0.030612244897959183,0.0,0.0663265306122449,0.0,0.061224489795918366,0.0,0.0,0.0,0.0,0.0,0.0,0.0,0.02040816326530612,0.0,0.0,0.02040816326530612,0.02040816326530612,0.0,0.0,0.0,0.025510204081632654,0.0,0.0,0.0,0.00510204081632653,0.0,0.0,0.0,0.0,0.0,0.05102040816326531
inferiorparietal-lh,0.0,0.078125,0.0,0.0,0.0,0.0,0.0,0.09375,0.03125,0.09375,0.0,0.0,0.0,0.0,0.078125,0.0,0.046875,0.0,0.0,0.0,0.0,0.0,0.0,0.0,0.0,0.0,0.0,0.09375,0.03125,0.09375,0.0,0.0,0.0,0.0,0.09375,0.0625,0.015625,0.0,0.0,0.0,0.078125,0.0,0.03125,0.0,0.0,0.03125,0.0,0.0,0.0,0.0,0.0,0.0,0.0,0.0,0.0,0.0,0.0,0.0,0.0,0.0,0.0,0.0,0.0,0.0,0.046875,0.0,0.0,0.0
inferiorparietal-rh,0.0,0.0,0.024875621890547265,0.014925373134328358,0.01990049751243781,0.0,0.08955223880597014,0.0,0.0,0.0,0.0,0.014925373134328358,0.014925373134328358,0.03980099502487562,0.0,0.07960199004975124,0.0,0.0,0.0,0.0,0.009950248756218905,0.0,0.0,0.08955223880597014,0.014925373134328358,0.06467661691542288,0.0,0.009950248756218905,0.0,0.0,0.004975124378109453,0.03980099502487562,0.0,0.004975124378109453,0.0,0.0,0.01990049751243781,0.0,0.0,0.06467661691542288,0.014925373134328358,0.04975124378109453,0.01990049751243781,0.01990049751243781,0.0,0.01990049751243781,0.014925373134328358,0.0,0.0,0.0,0.0,0.0,0.03482587064676617,0.009950248756218905,0.0,0.0,0.009950248756218905,0.029850746268656716,0.0,0.0,0.03482587064676617,0.0,0.01990049751243781,0.0,0.009950248756218905,0.0,0.0,0.08955223880597014
inferiortemporal-lh,0.0,0.015544041450777202,0.0,0.0,0.0,0.031088082901554404,0.0051813471502590676,0.015544041450777202,0.11917098445595854,0.046632124352331605,0.0,0.08290155440414508,0.06217616580310881,0.03626943005181347,0.0051813471502590676,0.0051813471502590676,0.13989637305699482,0.010362694300518135,0.0,0.04145077720207254,0.0,0.0,0.0,0.0,0.0,0.0,0.0,0.025906735751295335,0.07253886010362694,0.031088082901554404,0.08808290155440414,0.010362694300518135,0.0,0.0,0.010362694300518135,0.0,0.0,0.031088082901554404,0.0,0.010362694300518135,0.0051813471502590676,0.0051813471502590676,0.0,0.0,0.0,0.0,0.0,0.0,0.0,0.0,0.0,0.0,0.02072538860103627,0.025906735751295335,0.02072538860103627,0.0,0.0,0.0,0.0,0.0,0.0,0.02072538860103627,0.0,0.0051813471502590676,0.0,0.0,0.0,0.0
inferiortemporal-rh,0.0,0.039473684210526314,0.0,0.0,0.0,0.07236842105263158,0.0,0.03289473684210526,0.019736842105263157,0.09868421052631579,0.0,0.006578947368421052,0.0,0.019736842105263157,0.0,0.0,0.02631578947368421,0.07894736842105263,0.006578947368421052,0.08552631578947369,0.0,0.0,0.0,0.0,0.0,0.02631578947368421,0.0,0.02631578947368421,0.039473684210526314,0.05921052631578947,0.013157894736842105,0.0,0.0,0.013157894736842105,0.0,0.02631578947368421,0.0,0.05263157894736842,0.0,0.02631578947368421,0.05263157894736842,0.0,0.013157894736842105,0.013157894736842105,0.0,0.019736842105263157,0.0,0.03289473684210526,0.0,0.0,0.0,0.0,0.0,0.0,0.0,0.006578947368421052,0.0,0.0,0.0,0.0,0.0,0.039473684210526314,0.0,0.03289473684210526,0.0,0.019736842105263157,0.0,0.0
insula-lh,0.0,0.056179775280898875,0.0,0.033707865168539325,0.02247191011235955,0.02247191011235955,0.0,0.056179775280898875,0.0,0.0449438202247191,0.0,0.0,0.0,0.0,0.0,0.0,0.0,0.033707865168539325,0.0449438202247191,0.0,0.0,0.0,0.0,0.0,0.0,0.0,0.0,0.056179775280898875,0.0,0.033707865168539325,0.0,0.0,0.0,0.056179775280898875,0.0,0.056179775280898875,0.033707865168539325,0.0,0.0,0.0,0.056179775280898875,0.0,0.056179775280898875,0.056179775280898875,0.011235955056179775,0.056179775280898875,0.02247191011235955,0.056179775280898875,0.0,0.0,0.0,0.0,0.0,0.0,0.0,0.0,0.033707865168539325,0.0,0.0,0.0,0.0,0.0,0.011235955056179775,0.033707865168539325,0.0,0.056179775280898875,0.0,0.0
insula-rh,0.0,0.013245033112582781,0.0,0.0,0.0033112582781456954,0.04966887417218543,0.013245033112582781,0.006622516556291391,0.026490066225165563,0.07947019867549669,0.0,0.023178807947019868,0.016556291390728478,0.04966887417218543,0.0,0.006622516556291391,0.029801324503311258,0.03642384105960265,0.0,0.1291390728476821,0.006622516556291391,0.0,0.0,0.0,0.0,0.059602649006622516,0.0,0.006622516556291391,0.046357615894039736,0.039735099337748346,0.026490066225165563,0.009933774834437087,0.0,0.0,0.0,0.0033112582781456954,0.0,0.039735099337748346,0.0,0.076158940397351,0.04304635761589404,0.033112582781456956,0.0,0.0,0.0,0.0,0.0,0.009933774834437087,0.0,0.013245033112582781,0.0,0.0,0.0,0.006622516556291391,0.0033112582781456954,0.006622516556291391,0.016556291390728478,0.0,0.0,0.0,0.0,0.023178807947019868,0.0,0.006622516556291391,0.019867549668874173,0.006622516556291391,0.0,0.013245033112582781
isthmuscingulate-lh,0.0,0.0,0.0,0.0,0.0,0.0,0.08571428571428572,0.0,0.0,0.0,0.0,0.0,0.0,0.11428571428571428,0.0,0.11428571428571428,0.0,0.0,0.0,0.0,0.08571428571428572,0.0,0.0,0.08571428571428572,0.0,0.0,0.0,0.0,0.0,0.0,0.0,0.11428571428571428,0.0,0.0,0.0,0.0,0.0,0.0,0.0,0.11428571428571428,0.0,0.11428571428571428,0.0,0.0,0.0,0.0,0.0,0.0,0.0,0.0,0.0,0.0,0.0,0.0,0.0,0.0,0.0,0.08571428571428572,0.0,0.0,0.0,0.0,0.0,0.0,0.0,0.0,0.0,0.08571428571428572
isthmuscingulate-rh,0.0,0.0,0.0,0.0,0.0,0.0,0.0,0.0,0.0,0.0,0.0,0.0,0.0,0.0,0.0,0.0,0.0,0.0,0.0,0.0,0.0,0.0,0.0,0.0,0.0,0.0,0.0,0.0,0.0,0.0,0.0,0.0,0.0,0.0,0.0,0.0,0.0,0.0,0.0,0.0,0.0,0.0,0.0,0.0,0.0,0.0,0.0,0.0,0.0,0.0,0.0,0.0,0.0,0.0,0.0,0.0,0.0,0.0,0.0,0.0,0.0,0.0,0.0,0.0,0.0,0.0,0.0,0.0
lateraloccipital-lh,0.0,0.0,0.0,0.0,0.0,0.0,0.0,0.0,0.0,0.0,0.0,0.0,0.0,0.0,0.0,0.0,0.0,0.0,0.0,0.0,0.0,0.0,0.0,0.0,0.0,0.0,0.0,0.0,0.0,0.0,0.0,0.0,0.0,0.0,0.0,0.0,0.0,0.0,0.0,0.0,0.0,0.0,0.0,0.0,0.0,0.0,0.0,0.0,0.0,0.0,0.0,0.0,0.0,0.0,0.0,0.0,0.0,0.0,0.0,0.0,0.0,0.0,0.0,0.0,0.0,0.0,0.0,0.0
lateraloccipital-rh,0.0,0.0032258064516129032,0.025806451612903226,0.025806451612903226,0.035483870967741936,0.0,0.05806451612903226,0.0064516129032258064,0.0,0.0032258064516129032,0.0,0.0064516129032258064,0.00967741935483871,0.01935483870967742,0.0,0.04516129032258064,0.0,0.0,0.0064516129032258064,0.0,0.0032258064516129032,0.0,0.0,0.09032258064516129,0.02258064516129032,0.05161290322580645,0.0,0.02903225806451613,0.0,0.0,0.0,0.01935483870967742,0.0,0.012903225806451613,0.0,0.012903225806451613,0.03225806451612903,0.0,0.00967741935483871,0.035483870967741936,0.02903225806451613,0.025806451612903226,0.03225806451612903,0.03225806451612903,0.0064516129032258064,0.03225806451612903,0.02258064516129032,0.0032258064516129032,0.0,0.0,0.0,0.0,0.03870967741935484,0.0032258064516129032,0.0,0.0,0.01935483870967742,0.016129032258064516,0.0,0.0,0.04516129032258064,0.0,0.03225806451612903,0.0,0.02258064516129032,0.0032258064516129032,0.0,0.07096774193548387
lateralorbitofrontal-lh,0.0,0.007936507936507936,0.0,0.0,0.0,0.0,0.015873015873015872,0.023809523809523808,0.0,0.023809523809523808,0.047619047619047616,0.0,0.0,0.0,0.015873015873015872,0.007936507936507936,0.0,0.0,0.0,0.0,0.0,0.0,0.0,0.031746031746031744,0.09523809523809523,0.023809523809523808,0.0,0.031746031746031744,0.0,0.007936507936507936,0.0,0.0,0.0,0.0,0.03968253968253968,0.03968253968253968,0.05555555555555555,0.0,0.0,0.0,0.09523809523809523,0.0,0.05555555555555555,0.03968253968253968,0.0,0.05555555555555555,0.0,0.0,0.0,0.0,0.0,0.0,0.015873015873015872,0.0,0.0,0.0,0.0,0.0,0.0,0.0,0.0873015873015873,0.0,0.047619047619047616,0.0,0.1111111111111111,0.0,0.0,0.023809523809523808
lateralorbitofrontal-rh,0.0,0.002702702702702703,0.010810810810810811,0.016216216216216217,0.024324324324324326,0.0,0.043243243243243246,0.002702702702702703,0.0,0.02972972972972973,0.0,0.0,0.0,0.002702702702702703,0.0,0.024324324324324326,0.0,0.010810810810810811,0.005405405405405406,0.05405405405405406,0.0,0.0,0.0,0.04054054054054054,0.013513513513513514,0.11891891891891893,0.0,0.016216216216216217,0.01891891891891892,0.024324324324324326,0.0,0.002702702702702703,0.0,0.010810810810810811,0.0,0.008108108108108109,0.024324324324324326,0.0,0.0,0.10810810810810811,0.05405405405405406,0.02972972972972973,0.024324324324324326,0.024324324324324326,0.005405405405405406,0.024324324324324326,0.016216216216216217,0.002702702702702703,0.0,0.0,0.0,0.0,0.013513513513513514,0.0,0.002702702702702703,0.0,0.02702702702702703,0.005405405405405406,0.0,0.0,0.02702702702702703,0.0,0.024324324324324326,0.0,0.043243243243243246,0.010810810810810811,0.0,0.051351351351351354
lingual-lh,0.0,0.0,0.0,0.0,0.0,0.0,0.0,0.0,0.0,0.0,0.0,0.0,0.0,0.0,0.0,0.0,0.0,0.0,0.0,0.0,0.0,0.0,0.0,0.0,0.0,0.0,0.0,0.0,0.0,0.0,0.0,0.0,0.0,0.0,0.0,0.0,0.0,0.0,0.0,0.0,0.0,0.0,0.0,0.0,0.0,0.0,0.0,0.0,0.0,0.0,0.0,0.0,0.0,0.0,0.0,0.0,0.0,0.0,0.0,0.0,0.0,0.0,0.0,0.0,0.0,0.0,0.0,0.0
lingual-rh,0.0,0.050397877984084884,0.0,0.034482758620689655,0.026525198938992044,0.023872679045092837,0.002652519893899204,0.042440318302387266,0.01856763925729443,0.058355437665782495,0.0,0.0,0.0,0.0,0.015915119363395226,0.0,0.023872679045092837,0.021220159151193633,0.013262599469496022,0.015915119363395226,0.0,0.0,0.0,0.007957559681697613,0.005305039787798408,0.007957559681697613,0.0,0.07957559681697612,0.015915119363395226,0.03713527851458886,0.005305039787798408,0.0,0.0,0.042440318302387266,0.01856763925729443,0.034482758620689655,0.023872679045092837,0.007957559681697613,0.0,0.0,0.04509283819628647,0.0,0.03183023872679045,0.03978779840848806,0.005305039787798408,0.034482758620689655,0.029177718832891247,0.03978779840848806,0.0,0.0,0.0,0.0,0.0,0.0,0.0,0.013262599469496022,0.03713527851458886,0.0,0.0,0.0,0.010610079575596816,0.005305039787798408,0.013262599469496022,0.015915119363395226,0.013262599469496022,0.026525198938992044,0.0,0.005305039787798408
medialorbitofrontal-lh,0.0,0.010050251256281407,0.0,0.0,0.0,0.03015075376884422,0.0,0.010050251256281407,0.07537688442211055,0.09045226130653267,0.0,0.05025125628140704,0.035175879396984924,0.02512562814070352,0.0,0.0,0.07537688442211055,0.010050251256281407,0.0,0.05025125628140704,0.0,0.0,0.0,0.0,0.0,0.01507537688442211,0.0,0.010050251256281407,0.11557788944723618,0.08040201005025126,0.06532663316582915,0.0,0.0,0.0,0.005025125628140704,0.0,0.0,0.03015075376884422,0.0,0.02512562814070352,0.05527638190954774,0.0,0.0,0.0,0.0,0.0,0.0,0.0,0.0,0.0,0.0,0.0,0.035175879396984924,0.010050251256281407,0.04020100502512563,0.0,0.0,0.0,0.0,0.0,0.0,0.020100502512562814,0.0,0.005025125628140704,0.02512562814070352,0.0,0.0,0.0
medialorbitofrontal-rh,0.0,0.03816793893129771,0.0,0.0,0.0,0.026717557251908396,0.0,0.03816793893129771,0.030534351145038167,0.10305343511450382,0.0,0.007633587786259542,0.0,0.003816793893129771,0.015267175572519083,0.0,0.03816793893129771,0.026717557251908396,0.003816793893129771,0.03816793893129771,0.0,0.0,0.0,0.0,0.0,0.019083969465648856,0.0,0.03816793893129771,0.08015267175572519,0.09923664122137404,0.019083969465648856,0.0,0.0,0.007633587786259542,0.019083969465648856,0.026717557251908396,0.0,0.019083969465648856,0.0,0.026717557251908396,0.08396946564885496,0.0,0.011450381679389313,0.007633587786259542,0.0,0.015267175572519083,0.0,0.015267175572519083,0.0,0.0,0.0,0.0,0.030534351145038167,0.0,0.03435114503816794,0.0,0.0,0.0,0.0,0.0,0.0,0.015267175572519083,0.0,0.019083969465648856,0.030534351145038167,0.011450381679389313,0.0,0.0
middletemporal-lh,0.0,0.0,0.0,0.0,0.0,0.02185792349726776,0.04918032786885246,0.0,0.08743169398907104,0.02185792349726776,0.0,0.08196721311475409,0.07650273224043716,0.04918032786885246,0.0,0.01639344262295082,0.06557377049180328,0.0,0.0,0.03825136612021858,0.0,0.0,0.0,0.01092896174863388,0.0,0.01092896174863388,0.0,0.0,0.04918032786885246,0.00546448087431694,0.15300546448087432,0.02185792349726776,0.0,0.0,0.0,0.0,0.0,0.04371584699453552,0.0,0.03278688524590164,0.0,0.01639344262295082,0.0,0.0,0.0,0.0,0.0,0.0,0.0,0.0,0.0,0.0,0.00546448087431694,0.03825136612021858,0.0,0.0,0.0,0.0,0.0,0.0,0.0,0.01092896174863388,0.0,0.0,0.0,0.04371584699453552,0.0,0.04918032786885246
middletemporal-rh,0.0,0.0,0.017699115044247787,0.0,0.0,0.0,0.09734513274336283,0.0,0.0,0.0,0.0,0.035398230088495575,0.035398230088495575,0.07964601769911504,0.0,0.09734513274336283,0.0,0.0,0.0,0.0,0.017699115044247787,0.0,0.0,0.08849557522123894,0.0,0.04424778761061947,0.0,0.0,0.0,0.0,0.017699115044247787,0.07964601769911504,0.0,0.0,0.0,0.0,0.0,0.0,0.0,0.09734513274336283,0.0,0.09734513274336283,0.0,0.0,0.0,0.0,0.0,0.0,0.0,0.0,0.0,0.0,0.035398230088495575,0.02654867256637168,0.0,0.0,0.0,0.04424778761061947,0.0,0.0,0.0,0.0,0.0,0.0,0.0,0.0,0.0,0.08849557522123894
paracentral-lh,0.0,0.0,0.0,0.0,0.0,0.0,0.0,0.0,0.0,0.0,0.0,0.0,0.0,0.0,0.0,0.0,0.0,0.0,0.0,0.0,0.0,0.0,0.0,0.0,0.0,0.0,0.0,0.0,0.0,0.0,0.0,0.0,0.0,0.0,0.0,0.0,0.0,0.0,0.0,0.0,0.0,0.0,0.0,0.0,0.0,0.0,0.0,0.0,0.0,0.0,0.0,0.0,0.0,0.0,0.0,0.0,0.0,0.0,0.0,0.0,0.0,0.0,0.0,0.0,0.0,0.0,0.0,0.0
paracentral-rh,0.0,0.05825242718446602,0.0,0.04854368932038835,0.03398058252427184,0.02912621359223301,0.0,0.02912621359223301,0.0,0.043689320388349516,0.0,0.0,0.0,0.0,0.0,0.0,0.0,0.024271844660194174,0.024271844660194174,0.014563106796116505,0.0,0.0,0.0,0.009708737864077669,0.0,0.009708737864077669,0.0,0.07766990291262135,0.0,0.019417475728155338,0.0,0.0,0.0,0.06796116504854369,0.0,0.02912621359223301,0.024271844660194174,0.0048543689320388345,0.0,0.0,0.038834951456310676,0.0,0.03398058252427184,0.06310679611650485,0.009708737864077669,0.038834951456310676,0.038834951456310676,0.06310679611650485,0.0,0.0,0.0,0.0,0.0,0.0,0.0,0.019417475728155338,0.05339805825242718,0.0,0.0,0.0,0.0048543689320388345,0.0,0.014563106796116505,0.019417475728155338,0.0,0.04854368932038835,0.0,0.0048543689320388345
parahippocampal-lh,0.0,0.056818181818181816,0.0,0.0,0.0,0.0,0.0,0.06818181818181818,0.03409090909090909,0.07954545454545454,0.056818181818181816,0.0,0.0,0.0,0.056818181818181816,0.0,0.056818181818181816,0.0,0.0,0.0,0.0,0.0,0.0,0.0,0.011363636363636364,0.0,0.0,0.07954545454545454,0.03409090909090909,0.07954545454545454,0.011363636363636364,0.0,0.0,0.0,0.125,0.045454545454545456,0.011363636363636364,0.0,0.0,0.0,0.09090909090909091,0.0,0.022727272727272728,0.0,0.0,0.022727272727272728,0.0,0.0,0.0,0.0,0.0,0.0,0.0,0.0,0.0,0.0,0.0,0.0,0.0,0.0,0.0,0.0,0.0,0.0,0.056818181818181816,0.0,0.0,0.0
parahippocampal-rh,0.0,0.05741626794258373,0.0,0.009569377990430622,0.004784688995215311,0.023923444976076555,0.0,0.06698564593301436,0.009569377990430622,0.06698564593301436,0.0,0.0,0.0,0.0,0.028708133971291867,0.0,0.019138755980861243,0.028708133971291867,0.014354066985645933,0.014354066985645933,0.0,0.0,0.0,0.004784688995215311,0.014354066985645933,0.0,0.0,0.06698564593301436,0.014354066985645933,0.05263157894736842,0.0,0.0,0.0,0.019138755980861243,0.028708133971291867,0.06220095693779904,0.028708133971291867,0.014354066985645933,0.0,0.0,0.06698564593301436,0.0,0.0430622009569378,0.028708133971291867,0.0,0.04784688995215311,0.004784688995215311,0.028708133971291867,0.0,0.0,0.0,0.0,0.0,0.0,0.0,0.0,0.009569377990430622,0.0,0.0,0.0,0.014354066985645933,0.009569377990430622,0.014354066985645933,0.028708133971291867,0.028708133971291867,0.023923444976076555,0.0,0.0
parsopercularis-lh,0.0,0.02857142857142857,0.0,0.023809523809523808,0.01904761904761905,0.004761904761904762,0.009523809523809525,0.0380952380952381,0.0,0.03333333333333333,0.0,0.0,0.0,0.0,0.014285714285714285,0.004761904761904762,0.0,0.009523809523809525,0.023809523809523808,0.0,0.0,0.0,0.0,0.02857142857142857,0.02857142857142857,0.023809523809523808,0.0,0.05238095238095238,0.0,0.01904761904761905,0.0,0.0,0.0,0.02857142857142857,0.014285714285714285,0.047619047619047616,0.05714285714285714,0.0,0.0,0.0,0.06666666666666667,0.0,0.06666666666666667,0.05238095238095238,0.009523809523809525,0.06666666666666667,0.01904761904761905,0.01904761904761905,0.0,0.0,0.0,0.0,0.004761904761904762,0.0,0.0,0.0,0.023809523809523808,0.0,0.0,0.0,0.03333333333333333,0.0,0.04285714285714286,0.009523809523809525,0.0380952380952381,0.01904761904761905,0.0,0.01904761904761905
parsopercularis-rh,0.0,0.02142857142857143,0.0,0.0,0.0,0.08571428571428572,0.02142857142857143,0.014285714285714285,0.05,0.07142857142857142,0.0,0.03571428571428571,0.02142857142857143,0.07142857142857142,0.0,0.0,0.05714285714285714,0.02857142857142857,0.0,0.09285714285714286,0.0,0.0,0.0,0.0,0.0,0.0,0.0,0.007142857142857143,0.05,0.02142857142857143,0.07857142857142857,0.0,0.0,0.0,0.0,0.007142857142857143,0.0,0.10714285714285714,0.0,0.0,0.007142857142857143,0.0,0.0,0.0,0.0,0.0,0.0,0.007142857142857143,0.0,0.02142857142857143,0.0,0.0,0.0,0.0,0.0,0.0,0.0,0.0,0.0,0.0,0.0,0.04285714285714286,0.0,0.014285714285714285,0.0,0.03571428571428571,0.0,0.02857142857142857
parsorbitalis-lh,0.0,0.0,0.15789473684210525,0.05263157894736842,0.15789473684210525,0.0,0.0,0.0,0.0,0.0,0.0,0.0,0.0,0.0,0.0,0.0,0.0,0.0,0.0,0.0,0.0,0.0,0.0,0.21052631578947367,0.0,0.0,0.0,0.05263157894736842,0.0,0.0,0.0,0.0,0.0,0.0,0.0,0.0,0.0,0.0,0.15789473684210525,0.0,0.0,0.0,0.0,0.0,0.0,0.0,0.0,0.0,0.0,0.0,0.0,0.0,0.0,0.0,0.0,0.0,0.0,0.0,0.0,0.0,0.0,0.0,0.0,0.0,0.0,0.0,0.0,0.21052631578947367
parsorbitalis-rh,0.0,0.0,0.011396011396011397,0.002849002849002849,0.008547008547008548,0.0,0.05698005698005698,0.0,0.0,0.045584045584045586,0.0,0.011396011396011397,0.011396011396011397,0.02564102564102564,0.0,0.045584045584045586,0.0,0.011396011396011397,0.0,0.05413105413105413,0.005698005698005698,0.0,0.0,0.042735042735042736,0.005698005698005698,0.1111111111111111,0.0,0.0,0.02564102564102564,0.03133903133903134,0.005698005698005698,0.02564102564102564,0.0,0.0,0.0,0.0,0.005698005698005698,0.0,0.0,0.14814814814814814,0.042735042735042736,0.05413105413105413,0.002849002849002849,0.002849002849002849,0.0,0.002849002849002849,0.002849002849002849,0.0,0.0,0.0,0.0,0.0,0.02564102564102564,0.008547008547008548,0.008547008547008548,0.0,0.014245014245014245,0.017094017094017096,0.0,0.0,0.011396011396011397,0.0,0.008547008547008548,0.0,0.042735042735042736,0.005698005698005698,0.0,0.05698005698005698
parstriangularis-lh,0.0,0.02981651376146789,0.0,0.011467889908256881,0.009174311926605505,0.011467889908256881,0.0022935779816513763,0.03669724770642202,0.006880733944954129,0.07339449541284404,0.013761467889908258,0.0022935779816513763,0.0,0.0,0.013761467889908258,0.0,0.011467889908256881,0.01834862385321101,0.011467889908256881,0.02522935779816514,0.0,0.0,0.0,0.011467889908256881,0.01834862385321101,0.027522935779816515,0.0,0.04128440366972477,0.03669724770642202,0.06192660550458716,0.0,0.0,0.0,0.016055045871559634,0.027522935779816515,0.034403669724770644,0.02522935779816514,0.006880733944954129,0.0,0.022935779816513763,0.09403669724770643,0.0,0.03211009174311927,0.02522935779816514,0.0045871559633027525,0.034403669724770644,0.009174311926605505,0.016055045871559634,0.0,0.0,0.0,0.0,0.020642201834862386,0.0,0.022935779816513763,0.0,0.011467889908256881,0.0,0.0,0.0,0.01834862385321101,0.0045871559633027525,0.01834862385321101,0.013761467889908258,0.045871559633027525,0.013761467889908258,0.0,0.006880733944954129
parstriangularis-rh,0.0,0.0,0.018292682926829267,0.0,0.006097560975609756,0.0,0.07926829268292683,0.0,0.0,0.012195121951219513,0.0,0.018292682926829267,0.018292682926829267,0.04878048780487805,0.0,0.07317073170731707,0.0,0.012195121951219513,0.0,0.04878048780487805,0.012195121951219513,0.0,0.0,0.07317073170731707,0.0,0.09146341463414634,0.0,0.0,0.0,0.0,0.006097560975609756,0.04878048780487805,0.0,0.0,0.0,0.0,0.0,0.0,0.0,0.12195121951219512,0.018292682926829267,0.0975609756097561,0.0,0.0,0.0,0.0,0.0,0.0,0.0,0.0,0.0,0.0,0.03048780487804878,0.012195121951219513,0.0,0.0,0.018292682926829267,0.036585365853658534,0.0,0.0,0.006097560975609756,0.0,0.006097560975609756,0.0,0.006097560975609756,0.0,0.0,0.07926829268292683
pericalcarine-lh,0.0,0.03571428571428571,0.0,0.023809523809523808,0.01984126984126984,0.011904761904761904,0.007936507936507936,0.04365079365079365,0.0,0.03968253968253968,0.0,0.0,0.0,0.0,0.015873015873015872,0.0,0.0,0.015873015873015872,0.01984126984126984,0.003968253968253968,0.0,0.0,0.0,0.023809523809523808,0.01984126984126984,0.01984126984126984,0.0,0.05952380952380952,0.0,0.027777777777777776,0.0,0.0,0.0,0.031746031746031744,0.015873015873015872,0.051587301587301584,0.047619047619047616,0.003968253968253968,0.0,0.0,0.06746031746031746,0.0,0.05952380952380952,0.047619047619047616,0.007936507936507936,0.06349206349206349,0.01984126984126984,0.023809523809523808,0.0,0.0,0.0,0.0,0.0,0.0,0.0,0.0,0.023809523809523808,0.0,0.0,0.0,0.027777777777777776,0.0,0.031746031746031744,0.015873015873015872,0.031746031746031744,0.023809523809523808,0.0,0.015873015873015872
pericalcarine-rh,0.0,0.04059040590405904,0.0,0.03690036900369004,0.025830258302583026,0.01845018450184502,0.007380073800738007,0.02952029520295203,0.0,0.03690036900369004,0.0,0.0,0.0,0.0,0.0036900369003690036,0.0,0.0,0.014760147601476014,0.01845018450184502,0.007380073800738007,0.0,0.0,0.0,0.02214022140221402,0.01845018450184502,0.01845018450184502,0.0,0.06642066420664207,0.0,0.014760147601476014,0.0,0.0,0.0,0.05166051660516605,0.0036900369003690036,0.03690036900369004,0.04059040590405904,0.0036900369003690036,0.0,0.0,0.05166051660516605,0.0,0.04797047970479705,0.06273062730627306,0.007380073800738007,0.05166051660516605,0.02952029520295203,0.04428044280442804,0.0,0.0,0.0,0.0,0.0,0.0,0.0,0.01107011070110701,0.04059040590405904,0.0,0.0,0.0,0.025830258302583026,0.0,0.02952029520295203,0.014760147601476014,0.01845018450184502,0.033210332103321034,0.0,0.014760147601476014
postcentral-lh,0.0,0.05405405405405406,0.0,0.05405405405405406,0.05405405405405406,0.0,0.0,0.05405405405405406,0.0,0.02702702702702703,0.0,0.0,0.0,0.0,0.0,0.0,0.0,0.0,0.05405405405405406,0.0,0.0,0.0,0.0,0.0,0.0,0.0,0.0,0.05405405405405406,0.0,0.0,0.0,0.0,0.0,0.05405405405405406,0.0,0.05405405405405406,0.05405405405405406,0.0,0.0,0.0,0.05405405405405406,0.0,0.05405405405405406,0.05405405405405406,0.02702702702702703,0.05405405405405406,0.05405405405405406,0.05405405405405406,0.0,0.0,0.0,0.0,0.0,0.0,0.0,0.0,0.05405405405405406,0.0,0.0,0.0,0.0,0.0,0.02702702702702703,0.0,0.0,0.05405405405405406,0.0,0.0
postcentral-rh,0.0,0.03731343283582089,0.0,0.022388059701492536,0.018656716417910446,0.014925373134328358,0.007462686567164179,0.04477611940298507,0.0,0.041044776119402986,0.0,0.0,0.0,0.0,0.014925373134328358,0.0,0.0037313432835820895,0.018656716417910446,0.018656716417910446,0.007462686567164179,0.0,0.0,0.0,0.022388059701492536,0.018656716417910446,0.018656716417910446,0.0,0.05970149253731343,0.0037313432835820895,0.029850746268656716,0.0,0.0,0.0,0.029850746268656716,0.014925373134328358,0.05223880597014925,0.04477611940298507,0.007462686567164179,0.0,0.0,0.06716417910447761,0.0,0.055970149253731345,0.04477611940298507,0.007462686567164179,0.05970149253731343,0.018656716417910446,0.026119402985074626,0.0,0.0,0.0,0.0,0.0,0.0,0.0,0.0,0.022388059701492536,0.0,0.0,0.0,0.026119402985074626,0.0037313432835820895,0.029850746268656716,0.018656716417910446,0.029850746268656716,0.022388059701492536,0.0,0.014925373134328358
posteriorcingulate-lh,0.0,0.03592814371257485,0.005988023952095809,0.07784431137724551,0.059880239520958084,0.0,0.011976047904191617,0.017964071856287425,0.0,0.017964071856287425,0.0,0.0,0.0,0.0,0.0,0.005988023952095809,0.0,0.005988023952095809,0.023952095808383235,0.0,0.0,0.0,0.0,0.023952095808383235,0.0,0.023952095808383235,0.0,0.07784431137724551,0.0,0.005988023952095809,0.0,0.0,0.0,0.0718562874251497,0.0,0.017964071856287425,0.03592814371257485,0.0,0.0,0.0,0.03592814371257485,0.0,0.041916167664670656,0.0718562874251497,0.011976047904191617,0.041916167664670656,0.0658682634730539,0.041916167664670656,0.0,0.0,0.0,0.0,0.0,0.0,0.0,0.005988023952095809,0.07784431137724551,0.0,0.0,0.0,0.017964071856287425,0.0,0.017964071856287425,0.005988023952095809,0.0,0.023952095808383235,0.0,0.017964071856287425
posteriorcingulate-rh,0.0,0.0718232044198895,0.0,0.027624309392265192,0.011049723756906077,0.055248618784530384,0.0,0.03867403314917127,0.0055248618784530384,0.0718232044198895,0.0,0.0,0.0,0.0,0.0,0.0,0.011049723756906077,0.049723756906077346,0.016574585635359115,0.03867403314917127,0.0,0.0,0.0,0.0,0.0,0.0,0.0,0.06629834254143646,0.011049723756906077,0.03314917127071823,0.0,0.0,0.0,0.049723756906077346,0.0,0.03314917127071823,0.011049723756906077,0.022099447513812154,0.0,0.0,0.03314917127071823,0.0,0.022099447513812154,0.04419889502762431,0.0,0.027624309392265192,0.016574585635359115,0.0718232044198895,0.0,0.0,0.0,0.0,0.0,0.0,0.0,0.027624309392265192,0.03314917127071823,0.0,0.0,0.0,0.0,0.016574585635359115,0.0,0.03314917127071823,0.0,0.049723756906077346,0.0,0.0
precentral-lh,0.0,0.0,0.0,0.0,0.0,0.0,0.0,0.0,0.0,0.0,0.0,0.0,0.0,0.0,0.0,0.0,0.0,0.0,0.0,0.0,0.0,0.0,0.0,0.0,0.0,0.0,0.0,0.0,0.0,0.0,0.0,0.0,0.0,0.0,0.0,0.0,0.0,0.0,0.0,0.0,0.0,0.0,0.0,0.0,0.0,0.0,0.0,0.0,0.0,0.0,0.0,0.0,0.0,0.0,0.0,0.0,0.0,0.0,0.0,0.0,0.0,0.0,0.0,0.0,0.0,0.0,0.0,0.0
precentral-rh,0.0,0.0,0.0,0.0,0.0,0.1,0.0,0.0,0.0,0.05,0.0,0.0,0.0,0.2,0.0,0.05,0.0,0.0,0.0,0.15,0.1,0.0,0.0,0.0,0.0,0.0,0.0,0.0,0.0,0.0,0.0,0.05,0.0,0.0,0.0,0.0,0.0,0.05,0.0,0.05,0.0,0.05,0.0,0.0,0.0,0.0,0.0,0.0,0.0,0.15,0.0,0.0,0.0,0.0,0.0,0.0,0.0,0.0,0.0,0.0,0.0,0.0,0.0,0.0,0.0,0.0,0.0,0.0
precuneus-lh,0.0,0.0,0.0,0.0,0.0,0.0,0.0,0.0,0.0,0.0,0.0,0.0,0.0,0.0,0.0,0.0,0.0,0.0,0.0,0.0,0.0,0.0,0.0,0.0,0.0,0.0,0.0,0.0,0.0,0.0,0.0,0.0,0.0,0.0,0.0,0.0,0.0,0.0,0.0,0.0,0.0,0.0,0.0,0.0,0.0,0.0,0.0,0.0,0.0,0.0,0.0,0.0,0.0,0.0,0.0,0.0,0.0,0.0,0.0,0.0,0.0,0.0,0.0,0.0,0.0,0.0,0.0,0.0
precuneus-rh,0.0,0.0,0.0,0.0,0.0,0.0,0.0,0.0,0.0,0.0,0.0,0.0,0.0,0.0,0.0,0.0,0.0,0.0,0.0,0.0,0.0,0.0,0.0,0.0,0.0,0.0,0.0,0.0,0.0,0.0,0.0,0.0,0.0,0.0,0.0,0.0,0.0,0.0,0.0,0.0,0.0,0.0,0.0,0.0,0.0,0.0,0.0,0.0,0.0,0.0,0.0,0.0,0.0,0.0,0.0,0.0,0.0,0.0,0.0,0.0,0.0,0.0,0.0,0.0,0.0,0.0,0.0,0.0
rostralanteriorcingulate-lh,0.0,0.0,0.0,0.0,0.0,0.0,0.06321839080459771,0.0,0.005747126436781609,0.028735632183908046,0.005747126436781609,0.05172413793103448,0.034482758620689655,0.011494252873563218,0.0,0.034482758620689655,0.028735632183908046,0.0,0.0,0.0,0.0,0.0,0.0,0.06896551724137931,0.034482758620689655,0.040229885057471264,0.0,0.0,0.017241379310344827,0.022988505747126436,0.011494252873563218,0.011494252873563218,0.0,0.0,0.0,0.0,0.017241379310344827,0.0,0.0,0.028735632183908046,0.040229885057471264,0.017241379310344827,0.011494252873563218,0.011494252873563218,0.0,0.011494252873563218,0.0,0.0,0.0,0.0,0.0,0.0,0.15517241379310345,0.005747126436781609,0.07471264367816093,0.0,0.0,0.0,0.0,0.0,0.05172413793103448,0.0,0.022988505747126436,0.0,0.040229885057471264,0.0,0.0,0.040229885057471264
rostralanteriorcingulate-rh,0.0,0.0,0.0,0.0,0.0,0.0,0.1,0.0,0.014285714285714285,0.0,0.0,0.12857142857142856,0.12857142857142856,0.05714285714285714,0.0,0.05714285714285714,0.014285714285714285,0.0,0.0,0.0,0.0,0.0,0.0,0.05714285714285714,0.0,0.014285714285714285,0.0,0.0,0.0,0.0,0.04285714285714286,0.05714285714285714,0.0,0.0,0.0,0.0,0.0,0.0,0.0,0.05714285714285714,0.0,0.05714285714285714,0.0,0.0,0.0,0.0,0.0,0.0,0.0,0.0,0.0,0.0,0.07142857142857142,0.1,0.0,0.0,0.0,0.0,0.0,0.0,0.0,0.0,0.0,0.0,0.0,0.0,0.0,0.04285714285714286
rostralmiddlefrontal-lh,0.0,0.0,0.0,0.0,0.0,0.0,0.0,0.0,0.013157894736842105,0.07894736842105263,0.0,0.10526315789473684,0.02631578947368421,0.0,0.0,0.0,0.06578947368421052,0.0,0.0,0.0,0.0,0.0,0.0,0.0,0.0,0.0,0.0,0.0,0.05263157894736842,0.06578947368421052,0.05263157894736842,0.0,0.0,0.0,0.0,0.0,0.0,0.02631578947368421,0.0,0.0,0.07894736842105263,0.0,0.0,0.0,0.0,0.0,0.0,0.0,0.0,0.0,0.0,0.0,0.17105263157894737,0.0,0.2236842105263158,0.0,0.0,0.0,0.0,0.0,0.0,0.0,0.0,0.0,0.013157894736842105,0.02631578947368421,0.0,0.0
rostralmiddlefrontal-rh,0.0,0.075,0.0,0.0,0.0,0.125,0.0,0.0,0.0,0.125,0.0,0.0,0.0,0.0,0.0,0.0,0.0,0.075,0.0,0.1,0.0,0.0,0.0,0.0,0.0,0.0,0.0,0.075,0.0,0.0,0.0,0.0,0.0,0.05,0.0,0.0,0.0,0.025,0.0,0.0,0.0,0.0,0.0,0.025,0.0,0.0,0.0,0.1,0.0,0.0,0.0,0.0,0.0,0.0,0.0,0.1,0.025,0.0,0.0,0.0,0.0,0.025,0.0,0.0,0.0,0.075,0.0,0.0
superiorfrontal-lh,0.0,0.041666666666666664,0.0,0.05555555555555555,0.041666666666666664,0.013888888888888888,0.004629629629629629,0.018518518518518517,0.0,0.032407407407407406,0.0,0.0,0.0,0.0,0.0,0.0,0.0,0.018518518518518517,0.023148148148148147,0.027777777777777776,0.0,0.0,0.0,0.013888888888888888,0.0,0.037037037037037035,0.0,0.06944444444444445,0.0,0.009259259259259259,0.0,0.0,0.0,0.06944444444444445,0.0,0.018518518518518517,0.027777777777777776,0.0,0.0,0.023148148148148147,0.037037037037037035,0.018518518518518517,0.032407407407407406,0.06018518518518518,0.009259259259259259,0.032407407407407406,0.046296296296296294,0.046296296296296294,0.0,0.0,0.0,0.0,0.0,0.0,0.0,0.013888888888888888,0.0787037037037037,0.0,0.0,0.0,0.009259259259259259,0.0,0.013888888888888888,0.009259259259259259,0.0,0.032407407407407406,0.0,0.013888888888888888
superiorfrontal-rh,0.0,0.0,0.06896551724137931,0.017241379310344827,0.034482758620689655,0.0,0.10344827586206896,0.0,0.0,0.0,0.0,0.0,0.0,0.05172413793103448,0.0,0.10344827586206896,0.0,0.0,0.0,0.0,0.017241379310344827,0.0,0.0,0.10344827586206896,0.0,0.06896551724137931,0.0,0.0,0.0,0.0,0.0,0.05172413793103448,0.0,0.0,0.0,0.0,0.0,0.0,0.0,0.08620689655172414,0.0,0.06896551724137931,0.0,0.0,0.0,0.0,0.017241379310344827,0.0,0.0,0.0,0.0,0.0,0.0,0.0,0.0,0.0,0.0,0.08620689655172414,0.0,0.0,0.017241379310344827,0.0,0.0,0.0,0.0,0.0,0.0,0.10344827586206896
superiorparietal-lh,0.0,0.0,0.0,0.0,0.0,0.0,0.0,0.0,0.0,0.0,0.0,0.0,0.0,0.0,0.0,0.0,0.0,0.0,0.0,0.0,0.0,0.0,0.0,0.0,0.0,0.0,0.0,0.0,0.0,0.0,0.0,0.0,0.0,0.0,0.0,0.0,0.0,0.0,0.0,0.0,0.0,0.0,0.0,0.0,0.0,0.0,0.0,0.0,0.0,0.0,0.0,0.0,0.0,0.0,0.0,0.0,0.0,0.0,0.0,0.0,0.0,0.0,0.0,0.0,0.0,0.0,0.0,0.0
superiorparietal-rh,0.0,0.0,0.0,0.0,0.0,0.0,0.0,0.0,0.0,0.0,0.0,0.0,0.0,0.0,0.0,0.0,0.0,0.0,0.0,0.0,0.0,0.0,0.0,0.0,0.0,0.0,0.0,0.0,0.0,0.0,0.0,0.0,0.0,0.0,0.0,0.0,0.0,0.0,0.0,0.0,0.0,0.0,0.0,0.0,0.0,0.0,0.0,0.0,0.0,0.0,0.0,0.0,0.0,0.0,0.0,0.0,0.0,0.0,0.0,0.0,0.0,0.0,0.0,0.0,0.0,0.0,0.0,0.0
superiortemporal-lh,0.0,0.004901960784313725,0.004901960784313725,0.0196078431372549,0.0196078431372549,0.0,0.024509803921568627,0.014705882352941176,0.0,0.014705882352941176,0.024509803921568627,0.0,0.0,0.0,0.00980392156862745,0.014705882352941176,0.0,0.0,0.004901960784313725,0.0,0.0,0.0,0.0,0.049019607843137254,0.06862745098039216,0.0392156862745098,0.0,0.0392156862745098,0.0,0.004901960784313725,0.0,0.0,0.0,0.014705882352941176,0.0196078431372549,0.024509803921568627,0.05392156862745098,0.0,0.0,0.004901960784313725,0.06862745098039216,0.0,0.05392156862745098,0.04411764705882353,0.004901960784313725,0.05392156862745098,0.0196078431372549,0.0,0.0,0.0,0.0,0.0,0.024509803921568627,0.0,0.0,0.0,0.0196078431372549,0.0,0.0,0.0,0.08333333333333333,0.0,0.04411764705882353,0.0,0.07352941176470588,0.0,0.0,0.03431372549019608
superiortemporal-rh,0.0,0.02857142857142857,0.0,0.0,0.0,0.1,0.0,0.014285714285714285,0.07142857142857142,0.1,0.0,0.04285714285714286,0.014285714285714285,0.07142857142857142,0.0,0.0,0.07142857142857142,0.04285714285714286,0.0,0.1,0.0,0.0,0.0,0.0,0.0,0.0,0.0,0.0,0.07142857142857142,0.02857142857142857,0.05714285714285714,0.0,0.0,0.0,0.0,0.0,0.0,0.1,0.0,0.0,0.0,0.0,0.0,0.0,0.0,0.0,0.0,0.0,0.0,0.0,0.0,0.0,0.0,0.0,0.0,0.0,0.0,0.0,0.0,0.0,0.0,0.07142857142857142,0.0,0.014285714285714285,0.0,0.0,0.0,0.0
supramarginal-lh,0.0,0.01910828025477707,0.0,0.01910828025477707,0.01910828025477707,0.0,0.01910828025477707,0.03184713375796178,0.0,0.025477707006369428,0.0,0.0,0.0,0.0,0.012738853503184714,0.012738853503184714,0.0,0.0,0.01910828025477707,0.0,0.0,0.0,0.0,0.03821656050955414,0.044585987261146494,0.03184713375796178,0.0,0.044585987261146494,0.0,0.006369426751592357,0.0,0.0,0.0,0.01910828025477707,0.012738853503184714,0.044585987261146494,0.07006369426751592,0.0,0.0,0.006369426751592357,0.06369426751592357,0.0,0.06369426751592357,0.050955414012738856,0.012738853503184714,0.06369426751592357,0.01910828025477707,0.012738853503184714,0.0,0.0,0.0,0.0,0.012738853503184714,0.0,0.0,0.0,0.01910828025477707,0.0,0.0,0.0,0.044585987261146494,0.0,0.05732484076433121,0.0,0.044585987261146494,0.012738853503184714,0.0,0.025477707006369428
supramarginal-rh,0.0,0.06741573033707865,0.0,0.0,0.0,0.06741573033707865,0.0,0.056179775280898875,0.02247191011235955,0.06741573033707865,0.0,0.0,0.0,0.0,0.0,0.0,0.033707865168539325,0.06741573033707865,0.011235955056179775,0.0449438202247191,0.0,0.0,0.0,0.0,0.0,0.0,0.0,0.0449438202247191,0.033707865168539325,0.06741573033707865,0.011235955056179775,0.0,0.0,0.02247191011235955,0.0,0.0449438202247191,0.0,0.0449438202247191,0.0,0.0,0.0449438202247191,0.0,0.02247191011235955,0.02247191011235955,0.0,0.033707865168539325,0.0,0.0449438202247191,0.0,0.0,0.0,0.0,0.0,0.0,0.0,0.0,0.0,0.0,0.0,0.0,0.0,0.033707865168539325,0.0,0.056179775280898875,0.0,0.033707865168539325,0.0,0.0
temporalpole-lh,0.0,0.017937219730941704,0.0,0.0,0.0,0.0,0.004484304932735426,0.026905829596412557,0.0,0.05829596412556054,0.03139013452914798,0.0,0.0,0.0,0.02242152466367713,0.0,0.004484304932735426,0.0,0.0,0.017937219730941704,0.0,0.0,0.0,0.013452914798206279,0.053811659192825115,0.04932735426008968,0.0,0.03139013452914798,0.03139013452914798,0.053811659192825115,0.0,0.0,0.0,0.0,0.04035874439461883,0.03587443946188341,0.026905829596412557,0.0,0.0,0.04932735426008968,0.1031390134529148,0.0,0.03139013452914798,0.017937219730941704,0.0,0.03139013452914798,0.0,0.0,0.0,0.0,0.0,0.0,0.02242152466367713,0.0,0.013452914798206279,0.0,0.0,0.0,0.0,0.0,0.04932735426008968,0.0,0.02242152466367713,0.0,0.13004484304932734,0.0,0.0,0.008968609865470852
temporalpole-rh,0.0,0.04128440366972477,0.0,0.009174311926605505,0.03211009174311927,0.03669724770642202,0.05504587155963303,0.027522935779816515,0.0,0.045871559633027525,0.0,0.0,0.0,0.0,0.0,0.0,0.0045871559633027525,0.03211009174311927,0.013761467889908258,0.045871559633027525,0.0,0.0,0.0,0.0,0.0,0.03211009174311927,0.0,0.04128440366972477,0.0045871559633027525,0.022935779816513763,0.03211009174311927,0.0,0.0,0.027522935779816515,0.0,0.027522935779816515,0.009174311926605505,0.027522935779816515,0.0,0.027522935779816515,0.027522935779816515,0.009174311926605505,0.01834862385321101,0.022935779816513763,0.0,0.022935779816513763,0.0045871559633027525,0.045871559633027525,0.0,0.0,0.0,0.0,0.0,0.0,0.0,0.01834862385321101,0.022935779816513763,0.0,0.0,0.0,0.0,0.0045871559633027525,0.0,0.022935779816513763,0.0,0.11467889908256881,0.0,0.06880733944954129
transversetemporal-lh,0.0,0.0,0.0,0.0,0.0,0.0,0.0,0.0,0.0,0.0,0.0,0.0,0.0,0.0,0.0,0.0,0.0,0.0,0.0,0.0,0.0,0.0,0.0,0.0,0.0,0.0,0.0,0.0,0.0,0.0,0.0,0.0,0.0,0.0,0.0,0.0,0.0,0.0,0.0,0.0,0.0,0.0,0.0,0.0,0.0,0.0,0.0,0.0,0.0,0.0,0.0,0.0,0.0,0.0,0.0,0.0,0.0,0.0,0.0,0.0,0.0,0.0,0.0,0.0,0.0,0.0,0.0,0.0
transversetemporal-rh,0.0,0.0,0.022922636103151862,0.02005730659025788,0.04297994269340974,0.0,0.0830945558739255,0.0,0.0,0.0,0.0,0.0057306590257879654,0.0057306590257879654,0.017191977077363897,0.0,0.04011461318051576,0.0,0.0,0.0028653295128939827,0.022922636103151862,0.0028653295128939827,0.0,0.0,0.07163323782234957,0.014326647564469915,0.07449856733524356,0.0,0.02005730659025788,0.0,0.0,0.014326647564469915,0.017191977077363897,0.0,0.008595988538681949,0.0,0.0057306590257879654,0.022922636103151862,0.0057306590257879654,0.011461318051575931,0.05730659025787966,0.02005730659025788,0.03724928366762178,0.022922636103151862,0.022922636103151862,0.0028653295128939827,0.022922636103151862,0.017191977077363897,0.0,0.0,0.0,0.0,0.0,0.02005730659025788,0.0028653295128939827,0.0,0.0,0.022922636103151862,0.014326647564469915,0.0,0.0,0.02865329512893983,0.0,0.022922636103151862,0.0,0.011461318051575931,0.03151862464183381,0.0,0.10888252148997135
