,Fp1,Fz,F3,F7,FT9,FC5,FC1,C3,T7,TP9,CP5,CP1,Pz,P3,P7,O1,Oz,O2,P4,P8,TP10,CP6,CP2,Cz,C4,T8,FT10,FC6,FC2,F4,F8,AF7,AF3,AFz,F1,F5,FT7,FC3,C1,C5,TP7,CP3,P1,P5,PO7,PO3,POz,PO4,PO8,P6,P2,CPz,CP4,TP8,C6,C2,FC4,FT8,F6,AF8,AF4,F2,FCz
Fp1,0.3875455549699447,0.0,0.0,0.0,0.0,0.0,0.0,0.0,0.0268370607028754,0.0,0.006683081252198382,0.0,0.0,0.0,0.0,0.0,0.0,0.0268370607028754,0.0,0.04505399169980862,0.0,0.0,0.0,0.0,0.0,0.0,0.0,0.02268370607028754,0.0,0.009318105452661603,0.0,0.0,0.0,0.18827050128166373,0.0,0.0,0.0,0.0,0.0,0.0,0.0268370607028754,0.0,0.0,0.008441786844882167,0.0,0.0,0.0,0.0,0.0,0.0,0.007034822370735139,0.0,0.0,0.011501597444089457,0.010223642172523962,0.0,0.0,0.007034822370735139,0.007034822370735139,0.03064530448082224,0.17801707911028603,0.0,0.0
Fz,0.0,0.13564525485510445,0.006731170506593245,0.011436314363143631,0.00924344355264639,0.019721118297444953,0.0008130081300813008,0.004419595314164004,0.005403863303808758,0.02712356165095197,0.005091993731438912,0.0005420054200542005,0.0023848238482384824,0.009371931738486714,0.002926829268292683,0.018451648094755708,0.019267686606578526,0.011501597444089457,0.007609808046962258,0.001951219512195122,0.008292682926829269,0.04320467198282206,0.0,0.021029810298102983,0.01856680260093336,0.04751413456626579,0.029039628734945498,0.01790981583937245,0.014925842229668303,0.0016250638544724105,0.01636250292215382,0.003956639566395664,0.022219797916829008,0.0,0.033296882170099656,0.008295366979228898,0.018975557806696276,0.03518784037680633,0.0,0.010500445899027681,0.012152090530489969,0.0,0.004498644986449865,0.0,0.021833900447630675,0.006775067750677507,0.0,0.021165484817787475,0.009901469302232959,0.055532784401326446,0.0,0.0,0.018761526273409698,0.038181857537425215,0.00910750928595548,0.016097387810938814,0.04136574975973402,0.0014634146341463415,0.006178861788617886,0.019382321618743342,0.0,0.049392192004987144,0.017669376693766937
F3,0.0,0.0054238075302376855,0.11218697045748044,0.0,0.014820936639118458,0.0,0.0,0.0,0.007638702760653981,0.03913864406103874,0.0,0.0,0.0,0.006336088154269973,0.0,0.06610593397733087,0.0,0.08261812836092215,0.005702479338842975,0.051291893620053264,0.0,0.0019231249164730318,0.0,0.0,0.0,0.001019283746556474,0.0030303030303030303,0.04780622186387153,0.007057982667738765,0.06991587865202056,0.004556419190565532,0.0,0.007057982667738765,0.0,0.0,0.04330946215646881,0.07077931676601298,0.0,0.0018457300275482094,0.0,0.031139385374418634,0.0,0.0,0.0,0.03338055145150489,0.0,0.004478337626896385,0.0,0.0021441972661484857,0.02091063408136579,0.0,0.0048715438294152265,0.0,0.04444435830245143,0.08894668524380275,0.00030303030303030303,0.0,0.07071727976384296,0.028058696661800876,0.0,0.0,0.02104000951007603,0.0
F7,0.0,0.013044015825914936,0.0,0.16614986139493212,0.013493840735552466,0.009910827206425875,0.04470899072414383,0.028645628487093188,0.004018298714144411,0.0,0.02125097559111477,0.0007990223726264335,0.0,0.01415677546983185,0.016715836737790677,0.0027200791295746785,0.03657985509647683,0.0,0.020895955264788955,0.002679075014100395,0.04388005208359484,0.02022820882308147,0.02896236435866495,0.03444816410349104,0.03968194195490886,0.004352398573391509,0.030027948349319357,0.0,0.008106227716215816,0.0022560631697687537,0.003854107915021621,0.025809475632676767,0.0023500658018424515,0.0,0.0071711177052423344,0.0,0.0,0.012054896142433234,0.01631374536053775,0.05251330123296865,0.0175568743818002,0.0,0.0,0.011072226936300803,0.013353115727002967,0.010091928716437295,0.019817191379874956,0.004636498516320474,0.019807742302244403,0.006429277942631058,0.0006800197823936696,0.02668367221700605,0.0,0.0,0.0,0.03987322475889859,0.03134952912212699,0.0006580184245158864,0.03389743280764383,0.0,0.00035864654061945785,0.02293611921430536,0.013019364542207182
FT9,0.0,0.014254325268542173,0.015255099158144528,0.021296009623386875,0.15597351087173958,0.024599825650555917,0.02330031720375101,0.00593253856150065,0.0007062545906548393,0.0,0.0017797615684501948,0.003277021300638454,0.0283064215339697,0.008192553251596135,0.009068308944008136,0.008079552517091361,0.007232047008305554,0.010396067574439234,0.034882892490490376,0.014068591445844398,0.018300034701914752,0.018158783783783782,0.02377803321712582,0.01084807051245833,0.023074315734741464,0.0,0.026165714559126616,0.006497542234024521,0.022226810225955657,0.015226848974518334,0.011808576755748913,0.0037007740550313575,0.01076331996157975,0.0,0.036903917944160335,0.014040341262218205,0.008927058025877168,0.013717571779644496,0.011271823266851234,0.01826051466744444,0.022345895248319113,0.003107520198881293,0.001638510650319227,0.0055087858071077465,0.004887281767331488,0.0,0.016787512553516282,0.0,0.033711535847955984,0.00011300073450477429,0.004378778462060004,0.0018927623029549691,0.02702702702702703,0.027729662858236505,0.012995084468049043,0.00940731114752246,0.03491767234775314,0.018871122662297304,0.024499812683467126,0.0037007740550313575,0.0,0.04847787183477053,0.017730927117580318
FC5,0.0,0.020999074604885537,5.9623181492964464e-05,0.011442098205101848,0.020525007675511214,0.1849125723045345,0.01238755731578807,0.01747546985166186,0.0031401677683242928,5.9623181492964464e-05,0.02034046360223151,0.0,0.002385008517887564,0.0,0.0,0.0004769854519437157,0.02509329453526625,0.007154781779155735,0.022120362850227785,0.0,0.01013594085380396,0.03841192149431606,0.011121365440602785,0.0,0.04791494924140759,0.016723188494710026,0.04497634913276542,5.9623181492964464e-05,0.01904541153402828,5.9623181492964464e-05,0.03640220382988711,0.0,0.012052597600202495,0.0,0.03691035856115077,0.006362859978767241,0.0041139995230145485,0.020346097501947824,0.00272572402044293,0.01706661937441232,0.0036058447917508875,0.017092561044860875,0.008290743895513913,0.018580222059615598,5.9623181492964464e-05,0.014366837024417944,0.0034071550255536627,0.037702320990623754,0.023312663963749106,0.015539277287136439,0.0,0.012291009068005367,0.017952455303605574,0.015692367677504745,0.0007154781779155736,0.03175710768589872,0.03944274231152134,0.0,0.0,0.0072144049606487,0.006260434056761269,0.0448004793690249,0.008915348354447591
FC1,0.0,0.0006054396423248882,0.0,0.04997049221615542,0.016014757246545726,0.011118684340772627,0.11949410601263782,0.036841243349028954,0.0,0.0,0.015543873485624062,0.003730120845578426,0.0011643070044709389,0.0,0.021261818381375266,0.0,0.04764095353536883,0.0,0.03821482724635478,0.0,0.03803532263650006,0.021407395060927703,0.04281351601006937,0.015814383008195775,0.04966350653970937,0.0,0.031964991751927144,0.0,0.013144753248522718,0.0014660295778008568,0.019290772824384777,0.001558351610296664,0.005741878843731834,0.0,0.00197832465976807,0.002188897168405365,0.0,0.006240685543964232,0.019949590761745524,0.06535928963182233,0.0,0.004424366616989568,0.0,0.02877802959913282,0.0,0.006134402041813059,0.03725992078271795,0.0027011922503725784,0.045959314137776625,0.0008960177695263599,0.011270491803278689,0.02173786310143022,0.0,0.0,0.0,0.059907413683388575,0.029946777178858026,0.00013971684053651267,0.010100427103774673,0.009221311475409836,0.0,0.0036361537573588827,0.029668289673626107
C3,0.0,0.004079371474617244,0.0,0.02753037895370342,0.008958280010238035,0.014113806936605106,0.03294516955833387,0.14045301583052272,0.01109120382219947,0.0,0.022730819136929308,0.013821758792819433,0.006954040596432184,0.007854143898005749,0.027085825038648717,0.0,0.051059020734631894,0.0,0.024803390314195317,0.011164382358544184,0.012288477034649477,0.007006826593672204,0.04396687718848123,0.016015310233682516,0.04763193981394305,0.004935535858178888,0.03009832211597592,0.002260899240679123,0.003114068765463698,0.012758725720847469,0.02018486691758513,0.003978646253021757,0.0,0.0,0.00508662369057212,0.0,0.0,0.011022141605379052,0.015999489473256162,0.03898767740649664,0.0,0.007806501151778858,0.0,0.035625086923949875,0.0,0.0033273611466598414,0.029783161568514703,0.01776174687594551,0.03642759735980813,0.0009568896051571314,0.015956122027579032,0.0034979950516167563,0.02384192893035985,0.0,0.0,0.05566371278202632,0.023981037327644804,0.004752351045778904,0.015016905096955739,0.014626142626707533,0.005288074133763095,0.0,0.025706350977442845
T7,0.008204727485837077,0.006293771999811621,0.01631177964446181,0.003709810387469085,0.0017076904958191026,0.005159502739522023,0.0,0.015310328583205747,0.2430472157539271,0.0008244023083264633,0.022023318808149804,0.0,5.888587916617595e-05,0.0,0.0,0.007618675522563001,0.0,0.057636414908041056,0.018195736662348368,0.0,0.0014132610999882229,0.026941158224850374,0.010540572370745495,0.0,0.0186079378165116,0.023995518369322892,0.030472010295814634,0.03561365976624779,0.0,0.012687520005841883,0.0027349091619456923,0.006359674949947003,0.0,0.0139675717913655,0.009539512424920503,0.016664703804027795,0.030218164877654836,0.038271105066051456,0.0,0.0,0.032232857980074234,0.026206459390979438,0.0,0.0,0.006446571596014847,0.007325649540925962,0.010884063746385661,0.0032387233541396774,0.0,0.01853686984200708,0.00443373054019552,0.0,0.010725144344025685,0.06085414456624827,0.03483410919514909,0.009951713579083735,0.02022586732090002,0.0037630826098598957,0.003352284869890505,0.01949122600400424,0.022756556710851743,0.01884482723039499,0.0017665763749852785
TP9,0.0,0.03181019013669449,0.054917394933182095,0.0,0.0,0.0,0.0,0.0,0.0005950019833399445,0.12406388059497925,0.0,6.611133148221606e-05,0.0,0.006974745471373793,0.0,0.07000097619979438,0.0,0.06612310776046001,0.0,0.026618714166805897,0.01322226629644321,0.020282003030639414,0.0,0.0034047335713341268,0.0014875049583498612,0.04071191990463803,0.0018306271887933779,0.04466694980249319,0.0,0.03842110228237532,0.0122064439036828,0.0004297236546344043,0.028832970194587054,0.0,0.0,0.047052735373704566,0.06423634592631068,0.0038204393505253103,0.0,0.0,0.005685574507470581,0.0,0.0,0.0,0.048435958704601816,0.0,0.004495570540790692,0.005057516858389528,0.0,0.058763502150228436,0.0,0.007140023800079333,0.010478646039931244,0.032055439813367774,0.05497611846544423,0.0,0.0015440184652042864,0.03320714719691112,0.007617957580393462,0.011654474272210218,0.0032394552426285865,0.013872708345725262,0.0
CP5,0.002002803925495694,0.004561126504313927,0.0,0.02536390258297845,0.003254556378930503,0.02390237458937163,0.021670804828459025,0.03582463529495101,0.018425796114560383,5.007009813739235e-05,0.2068370545699158,0.0,0.0,0.0,0.00010488777008600797,0.0,0.04469090794660248,0.0,0.01238972867027474,0.0,0.012796307950492972,0.021200742503738504,0.019368021460378075,0.0,0.06805543073917918,0.0060938681050891,0.058233960941584215,0.0005507710795113159,0.005257360304426197,0.0,0.00858053593049989,0.013767512402826513,0.003905467654716603,0.0,0.01868994818044192,0.002853995593831364,0.002002803925495694,0.0322058391712736,0.0,0.025924168810112214,0.0,0.0051071500100140195,0.009262968155417585,0.03366339684872856,0.0,0.010214300020028039,0.01732767809063169,0.030596201579631246,0.01195720578980491,0.004706589224914881,0.0018025235329461246,0.0008391021606880638,0.026745551596863256,0.0,0.0,0.06301132262742834,0.03764918462940628,0.0,0.008165291277727985,0.010720578350281961,0.012214898214328255,0.002253154416182656,0.015197519447301742
CP1,0.0,0.0013796275005748448,0.0,0.00354251012145749,0.0133363991722235,0.0,0.012673349450709036,0.06134664490789916,0.0,0.0,0.0,0.2140883752884697,0.04036195905243236,0.020283875580313963,0.06217662071321715,0.0,0.035256080554606536,0.0,0.0025293170843872156,0.03797018580286966,0.0,0.0,0.05248251494363729,0.08297448201131444,0.002277327935222672,0.0,0.0,0.0,0.0,0.04309968646522119,0.024012744797771,0.0,0.027247643136353184,0.0,0.0,0.013451368130604737,0.006208323752586802,0.0,0.04397219380321969,0.01492914979757085,0.0,0.0,0.0,0.0,0.014026212922510922,0.0,0.014923913357158747,0.0,0.0361558755654192,0.0,0.042957953478066996,0.0,0.0,0.0,0.00784151133444982,0.0014945964589560819,0.0,0.017038504360907574,0.013410931174089069,0.0,0.0,0.0,0.036550121345779146
Pz,0.0,0.0032266738370529714,0.0,0.0,0.062244066027923234,0.0029577843506318905,0.0015461145469212155,0.022878552813991614,0.00020166711481581071,0.0,0.0,0.033273841919470526,0.27410803690038493,0.005445012100026889,0.034407228045081034,0.0,0.0037227949599083618,0.0,0.0,0.043701471684828255,0.0009411132024737832,0.0,0.029478434477977086,0.034396370823550286,0.0,0.0,0.0,0.0200994891099758,0.012973917719817155,0.046278791272457126,0.016724972256333917,0.0,0.0289056197902662,0.0,0.002621672492605539,0.0289056197902662,0.01976337725194945,0.0,0.02198310154320389,0.0027561172358160795,0.010713921606856466,0.0,0.0,0.0,0.015730034955633236,0.0,0.006923904275342834,0.0,0.04688240658862403,0.0,0.04947451047791179,0.005243344985211078,0.013525171967608825,0.0,0.025864596741231906,0.007932239849421888,0.0018324833899910895,0.025373865728356322,0.000859106529209622,0.0,0.0,0.0,0.03610257163687168
P3,0.0,0.01841870347393789,0.016698543475062527,0.016992790937178166,0.021185817272326025,0.0,0.0,0.10801123860487923,0.0,0.0157422392231867,0.0,0.03415670107390629,0.0061056348388995145,0.27091671657643324,0.005517139914668236,0.021994997793144035,0.006841253494188613,0.008386052670295718,0.0,0.016772105340591436,0.004413711931734589,0.0,0.0,0.020965131675739296,0.0,0.005590701780197146,0.0,0.02331911137266441,0.0,0.013461821391790496,0.0,0.012946888333088127,0.0,0.0,0.0,0.01934677063410328,0.021994997793144035,0.0,0.0,0.0012505517139914668,0.11842963474291765,0.0,0.0,0.0,0.03324996321906724,0.0,0.0,0.0,0.008459614535824628,0.009930851846402826,0.0,0.0,0.0,0.0642504118616145,0.017581285861409446,0.0,0.0,0.01611004855083125,0.026482271590407534,0.0,0.0,0.014476296476374523,0.0
P7,0.0,0.005286183011301494,0.0,0.0324269354768686,0.029074006562158222,0.0,0.038743324993353985,0.05564966198997418,0.0,0.0,0.0,0.025921870530295415,0.022439515325678474,0.006835581480131243,0.10847837354345244,0.0,0.05327218802242576,0.0,0.023190277015377715,0.011836298119668692,0.022328711256117455,0.0,0.04322484966924558,0.056968903196569165,0.019424053753317804,0.0,0.01011666059059424,0.004465913233685745,0.0,0.015755364834943938,0.026083560467427394,0.0033830366961073687,0.0071090047393364926,0.0,0.0,0.01011666059059424,0.004192489974480496,0.0,0.027421423894367927,0.047758858527029206,0.0,0.0063798760481224934,0.0,0.024736478855565316,0.01066350710900474,0.0,0.02594313182777576,0.0,0.053624151703966616,0.0,0.024844643847991534,0.0010195758564437193,0.0,0.0,0.001733278955954323,0.03172988458237756,0.004384176182707994,0.00441342905179371,0.026309480338206286,0.013397739701057237,0.0,0.0037367845424717463,0.05558015390205768
O1,0.0,0.01545731850339747,0.07490149986134756,0.00133433892208621,0.008180077739745896,0.000489343192692475,0.0,0.0,0.004240974336668117,0.054740060673975785,0.0,0.0,0.0,0.008702210361431803,0.0,0.11489766367164436,0.0,0.0673360244028299,0.0011312873469861344,0.04236144401730671,0.004815223066658931,0.005920729941960282,0.0,0.0029877588907582524,0.0,0.009183850640646456,0.0,0.03816307858942583,0.0027729447585906914,0.0641032989843535,0.007042926463130247,0.0020885304867436327,0.012994780339277947,0.0,0.0,0.04631446124157641,0.0805008933991722,0.0,0.0003770957823287115,0.0,0.019251940232053392,0.0,0.0,0.0,0.047477046011792264,0.0,0.003016766258629692,0.0,0.007645766187290998,0.027408492857664314,0.0,0.0035969136160584787,0.00046411788594302955,0.041578730854096274,0.08206253766447108,0.0,0.00234175509287493,0.05846702167613732,0.01720039760912669,0.0,0.0,0.018450698439126025,0.0
Oz,0.0,0.01124656819386827,0.0,0.029493089771816562,0.006898604047181041,0.015285386024483524,0.03347965618978342,0.039749462608769735,0.0,0.0,0.021452495164369267,0.007478537527078965,0.0006894649751792609,0.0024618547776214697,0.021003874135106067,0.0,0.10851745477713601,0.0,0.03035487249471512,0.003670849505406681,0.02068972899278834,0.0186980523717426,0.028625039863774078,0.022417736181707303,0.050885991963797395,0.008891608714602515,0.04187802748564571,0.0,0.004977816253652202,0.0031184866661855856,0.01282222309631217,0.007685240235829999,0.004400499074854046,0.0,0.017817378562195913,0.0,0.0,0.016947990659864763,0.008733232966850232,0.04935260076942331,0.0,0.0048425495076290445,0.001623200952277892,0.019697444574158597,0.0058435234282004115,0.014997269596338961,0.011899782974342004,0.026552446918981155,0.03273056839847694,0.0039059236618251567,0.007791364570933882,0.00797888272960544,0.031147044696907884,0.0,0.0,0.06513887913164429,0.04227960980863418,0.0017314143490964181,0.015024039430025178,0.012904174003003753,0.007560742105550182,0.009739205713667352,0.02688810939695971
O2,0.0032856137057028865,0.008644293201908786,0.07854383102038093,0.0,0.010732213951878138,0.004811077211922084,0.0,0.0,0.023461147056637384,0.04578769072559381,0.0,0.0,0.0,0.0032600542380705096,0.0,0.05684292895330588,0.0,0.1306972578083361,0.005683457388494605,0.037538976833995395,0.0,0.009492305557551789,0.0,0.0,0.0,0.0076782942812427864,0.004154405400727021,0.05427836306363214,0.0077837753266056485,0.0482529978614952,0.0031923876633637603,0.0,0.009577758813442711,0.006492998513650943,0.001182851537706999,0.03360600105696354,0.07049158310819674,5.770007501009751e-05,0.0,0.0,0.03824711288717025,0.0,0.0,0.0,0.0306010066083445,0.0,0.0013271017252322428,0.0,0.0,0.03199796862153194,0.0,0.004180763813307907,0.0,0.054429681882735705,0.07638640883061124,0.0,0.0006258311820386451,0.05175461784425126,0.014073835052615467,0.0,0.0028944692169287334,0.02795123797941623,0.0
P4,0.0,0.006582460974602183,0.005662301416917132,0.02160162806413209,0.023569746412168052,0.01930515539410854,0.029799330046384846,0.022357038680601637,0.008131172176899957,0.0,0.006960725356831518,0.0006440532417346501,0.0,0.0,0.009566721720207658,0.0011002576212966939,0.03562340714736459,0.005340274796049807,0.11507775804415993,0.006440532417346501,0.019904736840821266,0.0269345586608897,0.03336881420202454,0.005993171571880245,0.04930183856057353,0.01907758686586778,0.05046862598722303,0.0,0.01080044555147872,0.008050665521683126,0.01488089792569317,0.010731704862601976,0.004293688278231,0.0,0.005977746212121212,0.004132674967797338,0.00034886217260626876,0.02330360177830256,0.012559038213825676,0.040074830529424774,0.006306354658651782,0.0025762129669386004,0.0,0.016960094111466748,0.0,0.01188746328408603,0.025275455757120365,0.013344308464095659,0.039477078779421526,0.0053105168120665645,0.0038643194504079004,0.010787891799055389,0.012485570808449458,0.015993988836410476,0.005796479175611851,0.06230495941326099,0.03527309646486332,0.009124087591240875,0.011625333817999661,0.021797126075048467,0.012361329319385352,0.003464378244662165,0.016017901955905123
P8,0.008994228922908118,0.0009221062848823101,0.055276790141692074,0.003771773419284049,0.011938849793739383,0.0,0.0,0.012191004716035576,0.0,0.021095555110093582,0.0,0.00890560543557389,0.011077935916778324,0.005581169619024508,0.006971714336959159,0.041083316628509337,0.003262188367112246,0.038678877013810495,0.005726765348216452,0.16138970068472194,0.0,0.0,0.009052256206281717,0.0010086196891847695,0.0,0.0010191701043436058,0.0033729677262800293,0.030317673000432567,0.0,0.10780414209299136,0.0021955413945538758,0.007466528807908591,0.0,0.00198875325744068,0.0,0.03286981842735512,0.05664412394627728,0.0,0.0067944673622907055,2.426595486532395e-05,0.015190487745692793,0.0,0.0,0.0028116856398299273,0.01722777291286412,0.0016500849308420287,0.007558317419790468,0.0,0.0026059525442326155,0.003072280894253189,0.01566314634480867,0.0,0.004891172467636602,0.010470232003629343,0.0850099701423251,0.0011647658335355497,0.0,0.12138674656847748,0.04757182195119378,0.0,0.0,0.0010191701043436058,0.005280482786997668
TP10,0.0,0.015106042416966788,0.0,0.04994308068054808,0.007041782230133433,0.008519269776876268,0.03341784989858012,0.012626774847870182,0.0026010404161664665,0.040016006402561026,0.006186612576064909,0.0,0.001600640256102441,0.006002400960384154,0.011359026369168357,0.01640656262505002,0.024661243807867977,0.0,0.02067413172165418,0.0,0.15612244897959185,0.04435636323494915,0.030137572270287426,0.024571552759034648,0.05322749789571001,0.051524747830166556,0.01708924949290061,0.011504601840736295,0.010240647983331264,0.0,0.0036511156186612576,0.0285390018076196,0.002129817444219067,0.0,0.0014705882352941176,0.0,0.008303321328531413,0.0,0.0008113590263691683,0.04290060851926978,0.013205282112845138,0.0,0.0,0.002738336713995943,0.0,0.0007606490872210953,0.020740365111561868,0.017006802721088437,0.019581970719322214,0.05534144692359703,0.0,0.008316430020283976,0.028311324529811926,0.0,0.0,0.027977397855694003,0.017342799188640973,0.0,0.014058381973479046,0.004701880752300921,0.011504601840736295,0.004563894523326572,0.011105476673427992
CP6,0.0,0.029066646248948315,0.0019801666508253335,0.014889973140139474,0.004739858906525573,0.023805563476222157,0.014210555960389627,0.005590230473796675,0.013095722135974965,0.015461801265194478,0.010305667324962069,0.0,0.0,0.0,3.6743092298647854e-05,0.006330812801205349,0.021591957179116196,0.00918885333389658,0.02180867541812319,0.0,0.02241240622810816,0.12778763460732856,0.004721597369634629,0.0,0.05877882682606568,0.046531936127744505,0.058749564363336816,0.00243692509161571,0.019628951972598015,3.6743092298647854e-05,0.020599233631502428,0.005768665490887713,0.019778344545476948,0.0,0.01105483037452432,0.0006580753836242858,0.0064621638557100965,0.026948527988115478,0.0,0.025640957943020487,0.008120223398001176,0.0,0.002958368976333048,0.000677216994582264,0.0038947677836566725,0.013480094484751837,0.00619572143191571,0.029972462482442522,0.017966712078488524,0.05441893989798181,0.0,0.005694079213706626,0.019036442106967724,0.020619475335044195,0.0025236123872185083,0.03284040384838788,0.06414001802391689,0.0,0.0,0.023473115497400263,0.02418883573241524,0.019700898027578,0.0
CP2,0.0,0.0,0.0,0.03559281081130476,0.020134636027971095,0.008980626753367246,0.0389193550959166,0.04665202604457551,0.0056488056810845705,0.0,0.012382613871554926,0.014834026662022376,0.010945069984180388,0.0,0.02406218761461783,0.0,0.03848371999017389,0.0,0.039312310037883574,0.010570167210561029,0.03444195148329695,0.006896985458104904,0.14618419267925892,0.01606593709029865,0.04376271154856786,0.0002582311168495804,0.023027032382991936,0.0,0.01154640876523706,0.013584547845592413,0.017847403901095977,0.0003469331112961421,0.008715300193673338,0.0,0.01013557133634603,0.0032278889606197547,0.0,0.01026468689477082,0.0232717803666588,0.0484197499143082,0.00016139444803098772,0.003066494512588767,0.0,0.025257545761574844,0.0020335700451904453,0.0035829567462879277,0.03372631515197776,0.0005487411233053583,0.04132574945167099,0.0,0.01668131445587181,0.0,0.0004196255648805681,0.007391865719819238,3.227888960619755e-05,0.04987486218983642,0.011374093427272695,0.004519044544867657,0.015265056897030253,0.011265332472562943,0.0019690122659780504,0.009909619109102647,0.03707945838836333
Cz,0.0,0.022662566905819383,0.0,0.049070846011011277,0.021840699093163357,0.0,0.024081341419907244,0.028362468783446306,0.0,0.005864935656531147,0.0,0.036836772532463646,0.026325427028965787,0.016114337774740917,0.04482548206053977,0.005864935656531147,0.0441079182776454,0.0,0.010240788833835647,0.0014270424545130217,0.03226319978720312,0.0,0.021850622653108543,0.2014019501694684,0.007046022119158045,0.005864935656531147,0.0,0.015943514406104087,0.012128459173214895,0.005537874622513671,0.008874201884741011,0.003644231864252363,0.032875149264764765,0.0,0.0032778930346278813,0.03485841893495682,0.011900694681699122,0.0009110579660630908,0.013159371803917932,0.03698368591122231,0.004726113198952283,0.0028540849090260435,0.0,0.003032465215840171,0.015203279808677828,0.0,0.018045673809313992,0.0,0.029936262101918475,0.005864935656531147,0.00700375811411001,0.011593226838197787,0.0007971757203052044,0.0,0.0038150552328891927,0.02504890375032559,0.011728286793767053,0.0,0.023270636342542683,0.0,0.0,0.008516476339490655,0.042416819745450626
C4,0.0,0.009775555770422252,0.0,0.026886146821803084,0.008888940085820252,0.025910986021707733,0.028518967239519466,0.030228844108690034,0.007038464986999014,0.0009638662243342598,0.026856516011349956,0.0004177426705149628,0.0,0.0,0.005785972467876313,0.0,0.04242824239689135,0.0,0.03631955900855022,0.0,0.031514845798769904,0.04466811987257076,0.027523243297120456,0.003076105119246544,0.10288240637974844,0.018280470065192823,0.06634740597747495,0.0,0.010324822192323396,0.0,0.016750659447272814,0.0036837308218137625,0.005629619037126282,0.0,0.0096253144179029,0.0,0.0,0.025499743605979605,0.006634986102393975,0.04261903457929881,0.0,0.004102035326817897,0.001860485967901013,0.02035584921255798,0.0,0.00893859263443293,0.02643359084330458,0.03139333972657851,0.02661179793315461,0.014921115236966327,0.005648704384470546,0.006546801922996694,0.024014944443285967,0.003945126871693715,0.0,0.055312884673603235,0.04692004103666349,0.0,0.002311015937180993,0.023474384753438222,0.013037658751101997,0.007061428694847313,0.012029891120289665
T8,0.0,0.04203661225978361,0.001307241324671209,0.0032691043951760994,0.0,0.01364421216257471,7.922674694977024e-05,0.00548185505975222,0.01591177269155748,0.03899997639093321,0.004582347877740335,0.0,0.0,0.0028521628901917286,0.0,0.011404651569870044,0.011803590944270772,0.010301079705686143,0.020871856951778317,0.0015053081920456345,0.02064136887697159,0.05960374709071238,0.00039613373474885124,0.004080177467913167,0.03009256995219694,0.14138658811477883,0.050082135752273035,0.013422132320532743,0.002192742023900888,0.0010299477103470132,0.01833059889149264,0.015985805096365383,0.01702695799293816,0.0,0.01869632227199622,0.001346854698146094,0.01035389608928751,0.037555098028788855,0.0,0.01923890518485856,0.007084796037206847,0.0,0.003287909998415465,0.0,0.008434851596689526,0.020291258924561666,0.0014260814450958643,0.028720907492918453,0.008354825720179468,0.08226219715356652,0.0,0.0,0.03255980429386558,0.009956967568073807,0.005978018968590924,0.025134096980382985,0.046090783272223955,0.0012280145777214388,0.00031690698779908097,0.030868437893327008,0.025601053572412283,0.01689010705573899,0.0
FT10,0.0,0.016195671225825208,0.002653754830299362,0.017419264607700012,0.01340661692654948,0.023884900439023866,0.018455994602812484,0.018505889582098443,0.011741525643881822,0.0007658084749471227,0.023182970033379005,0.0,0.0,0.0,0.002630476279156385,0.0,0.03544846256960929,0.0033986684668746215,0.03793672423583151,0.0033288328134456913,0.01243527095033185,0.04810761915790497,0.016158253386962976,0.0,0.0668537645763569,0.03180302210568636,0.10537705702739764,0.0,0.004594850849682737,0.004725545882024303,0.016147524981691846,0.009450533187480445,0.00675824676078477,0.0,0.013710348453340022,0.0,0.0,0.03785830789554702,0.0036081754271614134,0.0295353115960302,0.004780524077860629,0.004259974859164766,0.0019321197448670794,0.011140016778825163,0.0012104846594347969,0.015183253742737202,0.015572236957117437,0.03469607860811032,0.01909611486091805,0.01677231239789148,0.004306531961450719,0.0034511831532872406,0.02708343720339096,0.016520540376547637,0.0030029330974440153,0.04836289204515625,0.06453393157234662,0.005656687927743377,0.0008845849434331207,0.025770862064867964,0.01864365256049852,0.01248143246495707,0.008578820972131786
FC6,0.004661558109833972,0.01337952519067569,0.06112758262613241,0.0,0.006915887850467289,0.0,0.0,0.0017133956386292835,0.02305725641851971,0.04019670330981965,0.00040498442367601246,0.0,0.00912772585669782,0.009781931464174455,0.0014641744548286604,0.04198326589560879,0.0,0.07517301058712596,0.0,0.03338358339002877,0.003644859813084112,0.0028270132846349412,0.0,0.008566978193146417,0.0,0.011284897530466336,0.0,0.1472620283835237,0.008501211491865697,0.0447005884389062,0.0,0.0,0.013240591542235112,0.0059386973180076625,0.0,0.048858929828958834,0.08957735047325766,0.0,0.00012461059190031152,0.00037383177570093456,0.028819063988255095,0.0,0.0,0.0,0.028981272603573603,0.0,0.0,0.0,0.0,0.050783232475143526,0.0027678113176018426,0.00070242656449553,0.0012149532710280374,0.038362755278643135,0.06990164834509018,0.0,0.0019157088122605363,0.03448956207254628,0.008753894080996884,0.0,0.0,0.02379250665425335,0.0022429906542056075
FC2,0.0,0.02672748562281378,0.015469061876247504,0.016763679148068783,0.025780899304643896,0.031582767985951714,0.02335099955675636,0.006453323903818953,0.0,9.98003992015968e-05,0.00945898161244696,0.0,0.017591937765205092,0.0,0.0,0.00499001996007984,0.01653111739745403,0.019560878243512974,0.02045375303141948,0.0,0.02004848153763195,0.05159246570508206,0.022436068457145117,0.01865275813295615,0.02883698656435361,0.0037924151696606787,0.012574850299401197,0.01947928753525481,0.21009448571033323,0.003017056410517014,0.010166195190947667,0.0,0.0229839472398908,0.0,0.031487484719387254,0.008409559946584906,0.017077513996053156,0.0,0.004862093352192362,0.020023390277436638,0.029593076929592017,0.0,0.0,0.004596888260254597,0.01371366178534021,0.0016796322489391797,0.00822135785007072,0.0,0.02711758237414845,0.022461653778722612,0.0,0.009319162241288285,0.0,0.027045908183632734,0.014848203169333187,0.00663012729844413,0.011177644710578843,0.0,0.0,0.0,0.0,0.0563712391341786,0.026874115983026876
F4,0.0013307946682827487,0.0007858355402173537,0.06598153688678757,0.002089009990917348,0.012826024648896532,0.0,0.0006448839208942391,0.009448717638333427,0.006008360517510723,0.0253917658430323,0.0,0.008178526048780794,0.008330853761490961,0.004394764497945926,0.005859690335969619,0.05362832298421222,0.002754771776563113,0.046324506578219495,0.00706983854017388,0.08614671672147757,0.0,0.0,0.008888972192089893,0.002528030876331452,0.0,0.0006687685105569886,0.0047530333428871694,0.03381214451335181,0.0008359606381962358,0.12635515434651373,0.012150604898384413,0.0,0.0034059945504087193,0.0014986376021798365,0.0,0.03427708050395313,0.07298094517373793,0.00016719212763924716,0.007642014385942168,0.0008359606381962358,0.017170911355241555,0.0,0.0,0.0009553835865099838,0.03165733800976678,0.0,0.003627372807075774,0.0,0.009713075140268273,0.0032483041941339446,0.014138466580708175,0.0,0.0,0.023468815576865556,0.09927277607136377,0.0018629979936944684,0.0,0.10099124301131701,0.029619416310089918,0.0,0.0,0.0015820709644349998,0.004696413198455039
F8,0.0,0.01708912664018298,0.006259780907668232,0.00493559648489226,0.017881944444444443,0.030761424852534008,0.018425255055976888,0.021966648985795114,0.001564945226917058,0.010814204135066811,0.0066934324966895385,0.006713887760322619,0.007264628099795353,0.0,0.01313749887143373,0.007884916335620561,0.01872004597026604,0.004828335665703624,0.02072560227819911,0.0025099784067653787,0.004454074876610088,0.03167688019140484,0.020624877738654148,0.006278637369086313,0.0295457238624052,0.020114624714096543,0.02798360005116167,0.0,0.0048177083333333336,0.01701624006861683,0.17565169999699048,0.0,0.035934537513542794,0.0,0.008979014310220296,0.004296875,0.003895575644035151,0.02692763821174913,0.0176710436228482,0.019499226932105453,0.0032118055555555554,0.014211893959913326,0.002387152777777778,0.03933265055074034,0.005102671316359697,0.003125,0.01660398421511978,0.010648351917057904,0.033507226586011796,0.01583129250932948,0.0069387075659082705,0.01716859651498736,0.005838449500421331,0.00851343370049356,0.006079210304562418,0.0251551308384495,0.029028511345852895,0.01107255176357289,0.00246779824244613,0.039163882869868785,0.00030095100517635727,0.010553364256049115,0.02021215164921151
AF7,0.0,0.005753646677471637,0.0,0.03724017103773464,0.010291734197730957,0.0,0.003973691422307481,0.010413812003288572,0.008914100486223663,0.0012155591572123178,0.019694767732373115,0.0,0.0,0.01393841166936791,0.0027552674230145865,0.005834683954619124,0.022962664223185856,0.0,0.025800323616114715,0.017275419699364802,0.02741700508076412,0.021238695533022746,0.0009591668950397369,0.005105348460291734,0.013154288846259249,0.0371307518367191,0.03501487719154867,8.103727714748784e-05,0.0,8.103727714748784e-05,0.0,0.3448053972736475,0.0,0.0,0.0,0.0,0.0,0.0,8.103727714748784e-05,0.02149659794450912,0.01320303557778535,0.0,0.0,0.013839408057001918,0.017504051863857374,0.03189577482430079,0.0012332145793368045,0.0,0.003079416531604538,0.022120000906089586,0.010824883529734174,0.0,0.016127617388569857,0.0,8.103727714748784e-05,0.032514491881392875,0.026171553850369966,0.00797982884678336,0.05842303546230334,0.0,0.02425322006029049,0.028119935170178283,0.0
AF3,0.0,0.031180570785426624,0.01162615129095576,0.003925713422920127,0.025042949649795164,0.014798865301968677,0.008022598901621533,0.0,0.0,0.028990931303087955,0.0050218052068190825,0.015660103079159507,0.028677150786308975,0.0,0.005286110744020087,0.01774120489204288,0.009504683322119071,0.018411835795904965,0.010572221488040174,0.0,0.0036237354673108865,0.04012764045890832,0.017972776529668298,0.03717170248263432,0.014336779568124434,0.024594611954236553,0.016837515806502727,0.01959343878165164,0.017254007538195053,0.005511097689868639,0.051818082285939995,0.0,0.13411067681632388,0.0,0.012137871633269542,0.04389818462242609,0.02280202938604274,0.009994424761426143,0.009581075723536408,0.008135915461017915,0.004889652438218581,0.0,0.0,0.0,0.02889645095289569,0.0,0.011657548298564533,0.0029257481621576525,0.01433752782855362,0.042524478242492295,0.008259548037531386,0.015430626570735823,0.0,0.026876038049222405,0.009512305601691076,0.011222669313925598,0.036050938058183574,0.001736373244753133,0.0,0.012637180829264509,0.0,0.031086988347749384,0.017991463086786577
AFz,0.18993647866400287,0.0,0.0,0.0,0.0,0.0,0.0,0.0,0.03956228956228956,0.0,0.0,0.0,0.0,0.0,0.0,0.0,0.0,0.04713804713804714,0.0,0.008698092031425365,0.0,0.0,0.0,0.0,0.0,0.0,0.0,0.025533108866442198,0.0,0.008698092031425365,0.0,0.0,0.0,0.3886874740954962,0.0,0.0,0.0,0.0,0.0,0.0,0.055040958222147704,0.0,0.0,0.033909868626327826,0.0,0.0,0.0,0.0,0.0,0.0,0.0,0.0,0.0,0.030303030303030304,0.014590347923681257,0.0,0.0,0.0,0.0,0.05793993415016928,0.0999622783855149,0.0,0.0
F1,0.0,0.03888190712388913,0.0,0.006389776357827476,0.030556703742402956,0.04186667890283592,0.002639060549098454,0.008219401041666666,0.008923653189379752,0.0,0.019797938958585806,0.0,0.0020381183210311776,0.0,0.0,0.0,0.03499036060980592,0.002368623994711909,0.008219401041666666,0.0,0.0025227864583333335,0.021029364869656824,0.017406632147185193,0.0029745510631265836,0.021761786744656824,0.027056485126670887,0.031387083109553446,0.0,0.020585696147658,0.0,0.011877395233718006,0.0,0.011081040091600566,0.0,0.21168207914750192,0.0082075575630715,0.0,0.04295254030333076,0.0,0.011525578470998128,0.0,0.007731119791666667,0.006499944915721053,0.0,0.005673680731519224,0.019564521119656824,0.0,0.015821031536323492,0.02144125075167089,0.013821671245547354,0.0,5.5084278946788584e-05,0.03515625,0.008870442708333334,0.0,0.018465076925769344,0.061870134939269586,0.0,0.0,0.008219401041666666,0.0017903645833333333,0.10342972615940932,0.02464809896120231
F5,0.0,0.011822083520926409,0.06317189853598303,0.0,0.014148750726321905,0.003166763509587449,0.0013654851830331202,0.0,0.008338175479372458,0.049077587213142926,0.0017141196978500872,0.0033701336432306796,0.012376525276002324,0.0076699593259732714,0.003224869262056944,0.061075398947939556,0.0,0.050855018237681175,0.004299825682742592,0.040950681085786575,0.0,0.0016169347270162675,0.0028471818710052296,0.025456497860690708,0.0,0.0011621150493898896,0.0,0.050539156393407156,0.0027309703660662404,0.05255988120601717,0.002818128994770482,0.0,0.03280546459162003,0.0,0.004386984311446834,0.132920029980687,0.07505047376069922,0.0,0.004488348706345327,0.0013654851830331202,0.012696106914584544,0.0017141196978500872,0.0,0.0015979081929110982,0.044074132507624514,0.0,0.004444320451300838,0.0,0.0022661243463102847,0.01768999490772986,0.004474142940151075,0.0,0.0,0.023185039671392516,0.0596137549442266,0.002324230098779779,0.00648753505478573,0.04646018815318198,0.023055776819182507,0.0,0.0,0.01642625892590298,0.006115438044260422
FT7,0.0,0.012712780761538822,0.06342416049390961,0.0,0.007261313595052938,0.0029523407844791226,0.0,0.0,0.013087696546265912,0.040308123673247626,0.0009837908741684625,0.001218026796589525,0.006699147381242387,0.007027077672631875,0.001030638058652675,0.0638253727433478,0.0,0.06663360755763834,0.0002576595146631687,0.04507671063452427,0.0019910053405790312,0.006264962301155832,0.0,0.004848683594115994,0.0,0.006521377036138484,0.0,0.06422665414721271,0.0067385891145479064,0.06880677751317757,0.00261493040911008,0.0,0.010871036359698332,0.0,0.0,0.048960217750297436,0.1269630876985221,0.0,0.0011009088353789937,0.0,0.0196884095165501,0.0,0.0,0.0,0.0422001729809071,0.0,4.2176296921130326e-05,0.0,0.0003374103753690426,0.023473689684645145,0.004999327621388445,0.0,0.00016396514569474375,0.040004893367232966,0.09305531291133301,0.0,0.0,0.05986484933048438,0.01760163517420178,0.0,0.0,0.014311016620258778,0.0018504637871263937
FC3,0.0,0.041873576455766386,0.0,0.007157769161944528,0.009306532729707082,0.01914779078588411,0.005144646585147629,0.01452460548277563,0.025561092920975415,0.003587583840274528,0.02420390961460281,0.0,0.0,0.0,0.0,0.0,0.025756192418869985,0.00014912019087384433,0.03199911467591561,0.0,0.0,0.03686589086951329,0.01207873546078139,0.0005219206680584551,0.04551005292452583,0.04677784785255993,0.0696913537689634,0.0,0.0,0.0003355204294661497,0.02869126784633275,0.0,0.008700218779393436,0.0,0.036632621626926175,0.0,0.0,0.12283330874745878,0.0,0.02120756721119843,0.0005459366713461239,0.0006337608112138383,0.00413808529674918,0.004233230537861247,0.0,0.015339713286369428,0.009506412168207575,0.038027300136494635,0.01770324272566309,0.0269994828825326,0.001453921861019982,0.0,0.03978840586910647,0.02030895582232354,0.0,0.03957131399241434,0.06412382200050121,0.0007456009543692216,0.0,0.03955327000737763,0.010135608194292885,0.022409687383510755,0.006524008350730689
C1,0.0,0.0,0.003169790518191841,0.024930369918204298,0.01846747519294377,0.0021131936787945607,0.038904825837632884,0.05068657003903171,0.0,0.0,0.0,0.04059228007725181,0.02128997263950736,0.0,0.04765459649989169,0.0006890848952590959,0.04108753528657644,0.0,0.0213156927600147,0.019642884700129114,0.005443234836702955,0.0,0.06194162332826361,0.03912673332178786,0.013414185961043735,0.0,0.006936787945608232,0.0002296949650863653,0.0026185226019845645,0.028065438273711236,0.04079618347705165,0.0,0.006844909959573686,0.0,0.0,0.011800748512662586,0.00225101065784638,4.5938993017273064e-05,0.12356267393231493,0.026600963189935087,0.005972069092245498,0.009187798603454611,0.0,0.017640573318632856,0.0,0.0,0.026047409040793827,0.0,0.057531479998605396,0.0,0.01608986438637794,0.024531422271223815,0.0,0.005328923190003675,0.004777655273796398,0.02539754732930842,0.0,0.010382212421903712,0.0356375846406299,0.006018008085262771,0.0,0.0,0.05523453034774174
C5,0.0,0.007527020014792808,0.0,0.041285461127048145,0.010721966725380998,0.011329841032209216,0.048821196318590665,0.03333707158787108,0.0,0.0,0.014980906716605,0.002495210732232091,0.0017047256581033936,0.0007532508721852204,0.01954150308094478,0.0,0.054314205337574764,0.0,0.03656124195496471,0.0,0.03277985656376676,0.027166763534929094,0.04176179189374338,0.01657400394059498,0.05320533816814253,0.015427531710634178,0.03869071195057672,0.0005153821757056771,0.008241293649684607,0.0015065017443704409,0.014819249459362355,0.006650161976195626,0.004531780652277947,0.0,0.006765498996159983,0.0018633047890897559,0.0,0.016643984955602292,0.015125615736508832,0.11741660948027284,0.0,0.009712971772914684,0.0011496986996511259,0.018478066088186612,0.0006739613066920393,0.021137196315030422,0.02904315963207268,0.014106718859820499,0.025501831003006327,0.006656577829717758,0.007691087852838566,0.01138710159774779,0.008303634977838974,0.0,0.0005153821757056771,0.06266590358804197,0.03640651975326333,0.0,0.005573744932959152,0.013630981466861413,0.0035079513564078577,0.001534130708959973,0.01926439754616225
TP7,0.006740491092922484,0.016027379119334297,0.05027921566757486,0.011958901802257033,0.03330806804783561,0.003915288023849196,0.0,0.0,0.02615952495586583,0.00741115041266633,0.0,0.0,0.00587773694081549,0.022614680919028712,0.0,0.02816829964506957,0.0,0.07015812151811644,0.009727134916624558,0.026360114535960922,0.005726798046151255,0.018054886856042368,0.00012632642748863063,0.003663466397170288,0.0,0.009969346733220075,0.009253557799033975,0.036886181490467754,0.02078086964969769,0.029721581500637126,0.0032002694963786426,0.007575551150991688,0.0032002694963786426,0.015301980375064805,8.024394158241052e-05,0.018569984840828703,0.0364325943997595,0.0007221954742416948,0.005474145191173994,0.0,0.20045384659612822,0.0,0.0,0.0,0.014218362781927297,0.0026480500722195475,0.0010948290382347986,0.0,0.0,0.02246041711117107,0.0,0.0012616626398724076,0.0034504894880436525,0.0650328286520583,0.041958397388596955,0.001642243557352198,0.002327074305889905,0.0336560283230703,0.02101229577227556,0.0,0.016098905300714474,0.027764403787514044,0.0014738083207006907
CP3,0.0,0.0,0.0002787068004459309,0.0,0.008927197167923657,0.023010620286285977,0.007311066646144375,0.014083423118362321,0.06410071949852852,0.0002787068004459309,0.007695859627520394,0.0,0.0,0.0,0.0055410189318146836,0.0002787068004459309,0.013929505925811913,0.0002787068004459309,0.0075419424349699865,0.0,0.0002787068004459309,0.0,0.007311066646144375,0.008361204013377926,0.014362129918808251,0.0,0.014083423118362321,0.0002787068004459309,0.0,0.0,0.047669587318321514,0.0,0.0,0.0,0.025919732441471572,0.004665346788132556,0.0002787068004459309,0.0011543789441280591,0.015391719255040789,0.018854856087424966,0.0,0.42263009992262957,0.0,0.07661983259918093,0.0002787068004459309,0.056792398309553384,0.013544712944435893,0.006772356472217946,0.006002770509465907,0.0002787068004459309,0.03263044482068647,0.002693550869632138,0.01877146282590936,0.0,0.0002787068004459309,0.017084808373095273,0.006772356472217946,0.0,0.0015391719255040787,0.007311066646144375,0.0,0.008975028179543975,0.009158072956749268
P1,0.0,0.021424883840991223,0.0,0.0,0.014455343314403717,0.03871966959215281,0.0,0.0,0.0,0.0,0.04775425916365514,0.0,0.0,0.0,0.0,0.0,0.01600413009808983,0.0,0.0,0.0,0.0,0.021424883840991223,0.0,0.0,0.021424883840991223,0.021424883840991223,0.021424883840991223,0.0,0.0,0.0,0.015229736706246774,0.0,0.0,0.0,0.030459473412493547,0.0,0.0,0.02813629323696438,0.0,0.008002065049044915,0.0,0.0,0.0748580278781621,0.0,0.0,0.021424883840991223,0.0,0.021424883840991223,0.0,0.021424883840991223,0.0,0.0,0.0,0.0015487867836861124,0.0,0.010583376355188436,0.021424883840991223,0.0,0.0,0.0,0.0,0.021424883840991223,0.0
P5,0.002042447384779327,0.0,0.0,0.013706957464391205,0.008747002930467988,0.017672603495043883,0.029957237725571864,0.0505756996377613,0.0,0.0,0.03140686452208848,0.0,0.0,0.0,0.014949689550454202,0.0,0.03761528642566216,0.0,0.027956599203353756,0.004373474369406021,0.005492270138323841,0.000754817511766273,0.03596627046304024,0.003661513425549227,0.04541282444815373,0.0,0.024554212212646035,0.0,0.0023088535654027173,0.0018648432643637333,0.04855084647727863,0.0104759967453214,0.0,0.011184868764789354,0.0,0.0023532545955066157,0.0,0.0047137347451391715,0.017049995559896988,0.023829895571233883,0.0,0.031143050509007772,0.0,0.19708261568527624,0.0,0.0031968741674806857,0.02511752544424694,0.008937459505285095,0.027129471958672144,0.0,0.010567445164727822,0.009546221472338159,0.019629780309194468,0.0,0.0,0.062225261852275136,0.016405602579060388,0.00660952144504724,0.016375101708706267,0.05092423327296865,0.006063802437743,0.0,0.03186797229057797
PO7,0.0,0.02342946801249177,0.04818369485771584,0.011335012594458438,0.008816120906801008,0.0,0.0,0.0,0.00407673860911271,0.043957453684407635,0.0,0.006244752308984047,0.011859781696053737,0.023299748110831235,0.006034844668345927,0.059771804722468874,0.011387489504617968,0.04900059801025678,0.0,0.02387397386876393,0.0,0.006534772182254196,0.0032010915197313184,0.0139063811922754,0.0,0.010365888649282087,0.0028862300587741392,0.03621080465602329,0.0082013482413062,0.05042049483838622,0.005554020259862639,0.011335012594458438,0.023082440848328892,0.0,0.00556255247691016,0.03562306326223656,0.07012425324224247,0.0,0.0,0.0007346767422334173,0.013889165745489252,0.0,0.0,0.0,0.14334758893137378,0.0,0.0,0.0,0.0016792611251049538,0.02558743936840452,0.0,5.2476910159529805e-05,0.0,0.03747002398081535,0.06546279349316517,0.0,0.007840125884179306,0.03952357006082791,0.013568490295924468,0.000539568345323741,0.0,0.031249584715099456,0.0047753988245172125
PO3,0.0,0.007611386138613861,0.0,0.012659154549327225,0.0,0.015655940594059406,0.008729673666188214,0.0049504950495049506,0.010276788161140039,0.0,0.012747524752475247,0.0,0.0,0.0,0.0,0.0,0.03604142529215925,0.0,0.027886488635161133,0.004331683168316832,0.0023294053165250754,0.032841392867705516,0.007116336633663367,0.0,0.026113912261327532,0.04122194402915216,0.04854162879291492,0.0,0.001051980198019802,0.0,0.004331683168316832,0.030056790277547894,0.0,0.0,0.02923020412482465,0.0,0.0,0.024938135770277495,6.188118811881188e-05,0.04169479499333874,0.004247739106604549,0.03555088672062602,0.005136138613861386,0.004579207920792079,0.0,0.29493617198798533,0.0,0.027833391896328576,0.0003094059405940594,0.017936777063565494,0.005198019801980198,0.0,0.036381882056388704,0.0006806930693069306,0.0,0.048492924278725494,0.04070476381702297,0.0017326732673267327,0.0038366336633663366,0.0,0.033296793642093724,0.008477722772277228,0.00024752475247524753
POz,0.0,0.0,0.008293589311025504,0.04051440727132083,0.01927934045958681,0.0022872466282829874,0.04494204202549333,0.039508277436934844,0.0075947206835478166,0.005284328417067592,0.014663154549306074,0.005559246740419219,0.004140705102926098,0.0,0.01781612430856505,0.004101269816231564,0.021502961368107178,0.0017351526145595079,0.03820416752963927,0.011039302605372177,0.039740862502417325,0.01380396710595283,0.043216643371808375,0.018446364402883945,0.05621110036133277,0.0013407997476141652,0.030542351187159228,0.0,0.003667481662591687,0.00746923853168708,0.018447813388471252,0.0004834654805646877,0.0074381082202797915,0.0,0.0,0.005291184406767531,0.0002900792883388126,0.009898256960328101,0.022754160422746274,0.05142354521351329,0.0011041880274469595,0.0070194810316270995,0.0,0.022651823909082776,0.0,0.0,0.13484378082192533,0.0,0.023485692235857822,7.887057338906853e-05,0.012500985882167363,0.021621587530267973,0.0,0.008478586639324867,0.005511506478437439,0.04808807190641311,0.023154728675237168,0.011985749486041,0.024173274028234385,0.01108131556116413,0.0005520940137234798,0.0,0.026736804076817042
PO4,0.0,0.027109807409699406,0.0,0.003956427910800534,0.0,0.045576239614647095,0.003082930839584832,0.027830548365826734,0.002877402116945843,0.007758709279621827,0.02850062507413338,0.0,0.0,0.0,0.0,0.0,0.051166446385484426,0.0,0.021539920864535086,0.0,0.008632206350837529,0.04851556571090236,0.0009762614325351968,0.0,0.07306498833477278,0.04121646976464925,0.08064539581309565,0.0,0.0,0.0,0.015005995920614731,0.0,0.002679207214574349,0.0,0.016022470679895484,0.0,0.0,0.04661298916081358,5.13821806597472e-05,0.023277136579943167,0.0,0.004521631898057754,0.004264720994759018,0.008076062857764563,0.0,0.02088105844892991,0.0,0.10180363995221003,0.025682993137979747,0.02858244215451536,0.0003082930839584832,0.0,0.06198043245875058,0.003031548658925085,0.0,0.05276907241295991,0.055973988220885,0.0,8.843296781039972e-05,0.027375106313130608,0.022035912491002667,0.006525536943787894,0.0
PO8,0.0,0.008221405077339976,0.002462811545660526,0.018898610776962317,0.025521408266327664,0.019160673825238894,0.04052582109284083,0.035878757831937204,0.0,0.0,0.005713722785932421,0.009298223543220841,0.014208064740831371,0.0048803259208962824,0.025564464616877246,0.009097431868247952,0.040751454095609194,0.0,0.04371231294233513,0.001970249236528421,0.017408716398007135,0.022729392688816793,0.03557711672067851,0.019090535327018647,0.04035516342842832,0.007560522078254748,0.02933673855456516,0.0,0.013318208412335473,0.011379000383966158,0.0300082069191802,0.0016975046681378374,0.00914749914217569,0.0,0.01409052621323632,0.003395009336275675,0.0004925623091321052,0.015040127983591044,0.022070420239513208,0.029683772990832823,0.0,0.003225258869461891,0.0,0.02041759400795401,0.0014428789679171619,0.0002970633169241215,0.019276356151295544,0.016849686187390637,0.12090537618006132,0.005568291067652175,0.01058966322166252,0.008572398574096078,0.01775746907488805,0.0,0.0023150428529208943,0.04430205409101719,0.0258492243276583,0.005547024182008354,0.014033640325098816,0.017500794863960577,0.005171904245887105,0.008165234077632803,0.023966283453580352
P6,0.0,0.04380965242756228,0.023294391572894212,0.0034368803701255784,6.609385327164574e-05,0.010610275878092233,0.0008081850233417641,0.0010307254343771474,0.010112207081183974,0.046995308679445846,0.0031725049570389954,0.0,0.0,0.004362194315928619,0.0,0.02814241820715346,0.004846180781578792,0.03835957936877807,0.005540578232654126,0.003533091791561255,0.01921866450968995,0.05962993021898301,0.0,0.0034038334434897555,0.021523420821127404,0.07106319038215379,0.023767941996236795,0.04285283246904823,0.009904572984852783,0.00426305353602115,0.012771279518477051,0.008502107743167085,0.026347097771345373,0.0,0.008578378116401091,0.011412037723389536,0.03012564579702589,0.0201702972653287,0.0,0.0068575730339673876,0.01431317962819661,0.0,0.002742894910773298,0.0,0.019076666858496932,0.008363649327957155,0.00013218770654329148,0.01787571747385361,0.005413684781953542,0.13494261085059034,0.0,0.0004908216354176892,0.015005669590034496,0.032603967408924364,0.020142849533291235,0.009577597538067223,0.03258587221340315,0.004560475875743556,0.001520158625247852,0.0205909667668012,0.017366755226504292,0.03418214874250718,0.0
P2,0.002079650618696059,0.0,0.0,0.0004679213892066133,0.008058646147447229,0.0,0.01237392118124155,0.02884257597771564,0.005649211762514689,0.0,0.0017677030258916502,0.029794737674732126,0.050152925800034984,0.0,0.030657988238780035,0.0,0.014869501923676823,0.0,0.0073827596963710095,0.05404272886305554,0.0,0.0,0.03281174832667022,0.006290943121555578,0.012789851304980763,0.0,0.009462410315067069,0.009072340956965663,0.0,0.07223235523669377,0.010184758480679007,0.025616083009079117,0.006394925652490381,0.0,0.0,0.00811063741291463,0.024176916228786923,0.0019236768222938546,0.01664674679660302,0.009982322969741083,0.0,0.021940314027243422,0.0,0.012165956119371945,0.0,0.004471248830196527,0.016325257356764062,0.0002079650618696059,0.018027145239859106,0.0,0.27726742944798766,0.0028595196007070813,0.007954663616512425,0.0,0.04806221607947556,0.01512945825101383,0.002079650618696059,0.03852222346749508,0.0046272226265987315,0.007122803369034003,0.00025995632733700737,0.00036393885827181035,0.03077704216768107
CPz,0.0,0.0,0.012953368636458431,0.05556269227450081,0.004630299522500362,0.025072097759195645,0.04694613899566115,0.0059325712632035885,0.0,0.015627260888438722,0.0014496955639315744,0.0,0.0057878744031254524,0.0,0.0017396346767178893,0.009115902184922588,0.025079733256016236,0.010855264165325455,0.029084068875705398,0.0,0.024354885474050448,0.02254235697466345,0.0,0.018550921988338753,0.02295544993864123,0.0,0.013917077413743114,0.0015946651203247318,0.00832306911395807,0.0,0.035782119671812926,0.0,0.02528641608616264,0.0,0.0,0.0,0.0,0.0,0.038634061640862395,0.037465767697393015,0.002101104130598209,0.0025321950513673853,0.0,0.015410215598321517,0.0,0.0,0.037784696526130035,0.0,0.014759079727969903,0.0011597564511452595,0.004123860512226885,0.27496913392363553,0.002242801331211113,0.00855320382719629,0.004774996382578498,0.045981339433116386,0.042766019135981444,0.0006511358703516133,0.01020112863550861,0.0,0.0,0.013192229631777326,0.01955371024522992
CP4,0.0,0.021234969178490184,0.0,0.0,0.012452977039823582,0.018289668314901503,0.0,0.029917132047040135,0.00819825883992487,0.015962872297021626,0.01964446199075627,0.0,0.006981420085855554,0.0,0.0,0.0007139942880456956,0.05223719709788307,0.0,0.016084996109238546,0.007782468937550354,0.014228886168910649,0.028133032816137007,0.0006629946960424317,0.0006119951040391676,0.04855245176718052,0.04021125646535105,0.05246186257257898,0.001886984904120767,0.0,0.0,0.006161629264496043,0.008308051190279803,0.0,0.0,0.028148916850434556,0.0,0.0002549979600163199,0.03676893285593111,0.0,0.011906284435805718,0.0026592294720456607,0.009795275769328416,0.0,0.012647554806070826,0.0,0.023698879938082302,0.0,0.05294349745344727,0.022428428433514287,0.02250803384155363,0.007904936760505916,0.0014789881680946553,0.1668811772089816,0.009793747567777922,0.0,0.04575580985182187,0.05614453722325857,0.0009179926560587516,0.012651894633850583,0.021372282387936252,0.021020908496371928,0.021598132053444026,0.0
TP8,0.0012219666474985625,0.026785471361066716,0.05003375792243068,0.0,0.03127283415773186,0.010396742206380117,0.0,0.0,0.03014344052639828,0.018739738711058825,0.0,0.0,0.0,0.0027314548591144336,0.0,0.036027323476071946,0.0,0.06020617591785131,0.029275505174963037,0.018703865825915256,0.0,0.023069860938190374,0.011187777230162642,0.0,0.008674223755544603,0.008267020808965799,0.03123385791021562,0.024470752722669083,0.009667912593444508,0.03160095804622508,0.005228768821042553,0.0,0.012830649798734906,0.0038096607245543417,0.003989361702127659,0.016828411126645244,0.04012069387214884,0.019013206578221312,0.005717102020699852,0.0,0.04333581980205933,0.0,0.00039428289797930016,0.0,0.022246981023576768,0.0006407097092163628,0.010596352883193692,0.002957121734844751,0.0,0.028740079514095643,0.0,0.0021923519263944797,0.005498849913743531,0.13486630814092723,0.043630756134950634,0.012469196648595367,0.017168820929189206,0.03579600252916948,0.012419911286347955,0.013038167672826818,0.001429275505174963,0.03566269965318862,0.005667816658452439
C6,0.00133668815851549,0.004992232625329799,0.07574692013732268,0.0,0.010374574347332577,0.0005110866488441579,0.0,0.0,0.01420022458717247,0.0331675270010651,0.0,0.001360435636997015,0.00424864952281027,0.005493757094211123,0.0005897153640509514,0.06182771332880779,0.0,0.06795336683517547,0.004812712826333712,0.06316563491393413,0.0,0.0021843842479105377,0.0,0.0014982973893303065,0.0,0.0037374789795367206,0.0028830874006810442,0.047343145530595675,0.004636750508141419,0.08895846850897643,0.0038921214027362793,0.0,0.005189495203648372,0.002122975310583425,0.0,0.035147597968612415,0.08870657637722076,0.0,0.0022474460839954596,0.0002724177071509648,0.021995973424386757,0.0,0.0,0.0,0.03687567327510822,0.0,0.002162289668186822,0.0,0.0017691460921528542,0.014876329793642909,0.006851138616980697,0.001543700340522134,0.0,0.0352550810125665,0.12301168863599975,0.0,0.0,0.07865358722762647,0.0252952610892817,0.0,0.0,0.012636876885281865,0.00047177229124076113
C2,0.0,0.008598806012697796,0.00027440054035798714,0.027569371384103647,0.007113306315433975,0.015999905750161702,0.03470359101768225,0.036601491900517175,0.003482776089159068,0.0,0.025908895713716785,0.0003166160081053698,0.0025329280648429585,0.0,0.010204983368624694,0.0,0.056540974390411836,0.0,0.0473433388606997,0.0010553866936845661,0.018537686940353428,0.026000896143858858,0.032050566724393964,0.011281332438628514,0.05576585886531509,0.016743480502915044,0.04851071809916972,0.0,0.0015619723066531577,0.0017308341776426882,0.013797082874475874,0.010056598743116485,0.004360906513085364,0.0,0.008273116059256694,0.0016886187098953055,0.0,0.022046761845049022,0.011213156111658672,0.048386110335628556,0.0008654170888213441,0.004685916919959473,0.0008232016210739615,0.027934558619024157,0.0,0.015841573217021707,0.024005996347978658,0.023212831048559687,0.028105070298256547,0.0067538443511888525,0.006268996960486322,0.013568537191634488,0.0237499381140212,0.005340256670043904,0.0,0.09996482492540178,0.047755353031782105,0.0017941573792637623,0.00869711496070244,0.015503849475042648,0.010362005866805326,0.0034616683552853764,0.021052418056350296
FC4,0.0,0.02450442312106004,3.10887272275073e-05,0.019388279286240036,0.009905936704776203,0.02174487689016979,0.018081829846486475,0.017192627710959748,0.009903847639530816,0.0007126708839131755,0.018961873201484025,0.0,0.0007076902338747725,0.0,0.0013989927252378287,0.0015314210227040073,0.0404276744428045,0.00040415345395759496,0.02546343398047378,0.0,0.010881054529627556,0.05711002963325431,0.008996330038297029,0.005014322333782497,0.05563729101903811,0.030822825052276605,0.0714600471971175,0.0009015730895977119,0.0035130261767083257,3.10887272275073e-05,0.016516227358037212,0.0058757694459988805,0.015463950316940953,0.0,0.02835231577031247,0.004167576206281904,3.10887272275073e-05,0.039863337668070375,0.0,0.030160683564945716,0.0007772181806876827,0.003100357215070432,0.002797061400552672,0.008192280884221989,0.004548232390769305,0.01490250512699985,0.010495216541377021,0.02976990473833146,0.017903611837076998,0.02581492916092902,0.001415380467749545,0.009267051521516087,0.03026676281982337,0.013848983447231811,3.10887272275073e-05,0.051220965183261455,0.10856681193779132,0.0,0.0009015730895977119,0.018539886212618206,0.017909556348713072,0.029800190946011343,0.004771075096799677
FT8,0.0008688097306689834,0.000629887054735013,0.07094199067764793,0.0007101432122144632,0.014465682015638574,0.0,2.1720243266724587e-05,0.0035894597924337563,0.0017407506314526399,0.023281085295439014,0.0,0.0031277150304083404,0.005712341715237507,0.004800173761946133,0.0013085540379806308,0.05312934745489341,0.0013032145960034753,0.049226493010292555,0.007298001737619461,0.10583625430201693,0.0,0.0,0.002953953084274544,0.0,0.0,0.0007602085143353606,0.005191138140747177,0.02706446169221595,0.0,0.1118676925867568,0.009970350029856658,0.0030322811813385552,0.0014794650254467984,0.0,0.0,0.032720475765103216,0.0684702994889663,0.00039096437880104255,0.004908774978279757,0.0,0.01808127859506402,0.0,0.0,0.0036180850627349726,0.027300088670213135,0.0005647263249348392,0.00712066388210183,0.0,0.006209979249956734,0.00317115551694179,0.009903705978910207,0.00023892267593397047,0.0003475238922675934,0.02267448406902806,0.0955141617837037,0.001781059947871416,0.0,0.14546380084565244,0.03785151240658033,6.516072980017376e-05,0.0,0.0022044234538934945,0.0010875777483935656
F6,0.0014011489421325487,0.004063331932184391,0.041151325464625126,0.029560941334498377,0.026686981735318194,0.0,0.016370174110522332,0.026827613707585414,0.0021335833763701374,0.008881451980631687,0.0063666760111951905,0.005204390613171839,0.00047312641937925814,0.012645369202746252,0.02070058348678619,0.023002628241456255,0.028182318433742467,0.018454277094651375,0.016200718351349393,0.06788080040925004,0.016067590640070503,0.0,0.020817562452687358,0.021432063315385688,0.004997387032233957,0.00035028723553313717,0.0012610340479192938,0.010193358554014292,0.0,0.048189407441278226,0.00406888720666162,0.03066775353821928,0.0,0.0,0.0,0.026347327745920468,0.029480727944075386,0.0,0.012085081985244554,0.01334216502649508,0.017409275605996918,0.0006305170239596469,0.0,0.014856169568508706,0.010821661423230032,0.002101723413198823,0.0232778198334595,0.0,0.021821502640492228,0.0017514361776656859,0.0030474989491382936,0.004939050021017234,0.013718756950722302,0.008687123441221802,0.044153334803426016,0.01809022762783575,0.002554882664647994,0.061195219822873986,0.13209391314806984,0.0,0.0,0.007180888328429312,0.016180923542770627
AF8,0.007575393199984402,0.03003152480504397,0.0,0.0,0.005577923167253816,0.01020408163265306,0.008387854386847844,0.01830846495250487,0.01404965609797014,0.012052165189544215,0.008528660951903317,0.0,0.0,0.0,0.006248951518201644,0.0,0.02166085111545938,0.0,0.03327343678826926,0.0,0.001887267237040765,0.036936829060370754,0.014720684448917967,0.0,0.0460627645315924,0.041758905926518056,0.052013527617584654,0.0,0.0,0.0,0.046884682408444,0.0,0.011436854069453772,0.01588669641202744,0.008378961340633815,0.0,0.0,0.0434597532041896,0.005577923167253816,0.019970420809761545,0.0,0.003984230833752726,0.0,0.045392341575809375,0.0005807200929152149,0.0,0.0118688139573897,0.02481026289264156,0.02104186587298943,0.03172869796033601,0.005745680254990774,0.0,0.021152987199274127,0.01358984803245319,0.0,0.03069401499659851,0.03555711260408517,0.0002096963596711961,0.0,0.1997541218851688,0.023746792345032824,0.0,0.009268579097466869
AF4,0.07327085115676168,0.0,0.0,0.0010492007306876754,0.0,0.010789149198520346,0.0,0.010789149198520346,0.029484306772204413,0.00791817881887166,0.012603731844511768,0.0,0.0,0.0,0.0,0.0,0.018636780125034867,0.007398273736128237,0.023441766223608274,0.0,0.00932035631804685,0.06009497285414737,0.005196304849884526,0.0,0.04352438828095432,0.050270577101422034,0.0571439623140685,0.0,0.0,0.0,0.00030826140567200987,0.01839293053842992,0.0,0.04379742659188387,0.002055076037813399,0.0,0.0,0.01884981374135983,0.0,0.009453349773941636,0.023931668959049406,0.0,0.0,0.006722322546455499,0.0,0.025174681463214138,0.0013196964698119432,0.0283773049091434,0.010789149198520346,0.03969747870443559,0.0005773672055427252,0.0,0.033585542896034035,0.00255691191026064,0.0,0.02621055911764215,0.05193989414493853,0.0,0.0,0.03878520394070153,0.19571860062814406,0.0008248102936324645,0.0
F2,0.0,0.0413154031606975,0.021974213602197003,0.017289357317291427,0.025410480740555096,0.03528839808263051,0.002937189335743335,0.0,0.010780559866539408,0.011781776946300629,0.00213422940695668,0.0,0.0,0.00681092723158204,0.0017709563164108619,0.016553483077740565,0.016301879938243575,0.03374712622545675,0.003075411217382215,0.0018163654527290892,0.004157252598282874,0.024979859314164864,0.014031423122332213,0.00653891562982472,0.010322701166064761,0.01750244169009317,0.019662357114602114,0.01918455368728548,0.026197041671716114,0.0017197853701160608,0.00873249496262272,0.015847788575061302,0.019455900464814734,0.0,0.07477240747996201,0.011092883618866449,0.017012671426671344,0.01816740134531697,0.0,0.0019481607001633292,0.015454134658834162,0.005040414131323222,0.003950594859685769,0.0,0.02525034017865633,0.00622105167559713,0.0,0.005812369448733085,0.007781784004928236,0.03672775074410041,0.000408682226864045,0.004247849262843307,0.015137821961138725,0.04370941468669768,0.017297536296837945,0.007537916628825719,0.042189901459506685,0.0029476049153163725,0.009218054672600126,0.0,0.0005449096358187268,0.17618130134253865,0.014026769352735748
FCz,0.0,0.014071132596685083,0.0,0.02672497570456754,0.024712238387857115,0.007619436882882592,0.037329093042110295,0.03760022704819892,0.0012085635359116022,0.0,0.013571054408345816,0.013906542786806909,0.016353376393967216,0.0,0.0435092017272576,0.0,0.05013250910072001,0.0,0.025588174298922413,0.007677356656948494,0.02089407191448008,0.0,0.05089910717641437,0.042398079989691216,0.02455356303926464,0.0,0.016749578185654687,0.003194060773480663,0.012776243093922652,0.01028988746248302,0.022848495159705554,0.0,0.012183337225971683,0.0,0.021942072507771852,0.008913806248624154,0.0034962016574585637,0.007467196132596685,0.02508419508292662,0.033919997557033864,0.001424378453038674,0.005222720994475138,0.0,0.030622773477978406,0.0038415055248618786,0.0002589779005524862,0.028265579613850275,0.0,0.03424176941889621,0.0,0.0156829197740659,0.012241257000037583,0.0,0.004963743093922652,0.0013605442176870747,0.04505604728079077,0.009651217926002287,0.0022990140215517936,0.016423712342079688,0.009452693370165745,0.0,0.014741589216586398,0.12663578059479513
