,bankssts-lh,bankssts-rh,caudalanteriorcingulate-lh,caudalanteriorcingulate-rh,caudalmiddlefrontal-lh,caudalmiddlefrontal-rh,cuneus-lh,cuneus-rh,entorhinal-lh,entorhinal-rh,frontalpole-lh,frontalpole-rh,fusiform-lh,fusiform-rh,inferiorparietal-lh,inferiorparietal-rh,inferiortemporal-lh,inferiortemporal-rh,insula-lh,insula-rh,isthmuscingulate-lh,isthmuscingulate-rh,lateraloccipital-lh,lateraloccipital-rh,lateralorbitofrontal-lh,lateralorbitofrontal-rh,lingual-lh,lingual-rh,medialorbitofrontal-lh,medialorbitofrontal-rh,middletemporal-lh,middletemporal-rh,paracentral-lh,paracentral-rh,parahippocampal-lh,parahippocampal-rh,parsopercularis-lh,parsopercularis-rh,parsorbitalis-lh,parsorbitalis-rh,parstriangularis-lh,parstriangularis-rh,pericalcarine-lh,pericalcarine-rh,postcentral-lh,postcentral-rh,posteriorcingulate-lh,posteriorcingulate-rh,precentral-lh,precentral-rh,precuneus-lh,precuneus-rh,rostralanteriorcingulate-lh,rostralanteriorcingulate-rh,rostralmiddlefrontal-lh,rostralmiddlefrontal-rh,superiorfrontal-lh,superiorfrontal-rh,superiorparietal-lh,superiorparietal-rh,superiortemporal-lh,superiortemporal-rh,supramarginal-lh,supramarginal-rh,temporalpole-lh,temporalpole-rh,transversetemporal-lh,transversetemporal-rh
bankssts-lh,0.19946571682991987,0.0,0.0,0.0,0.0,0.006233303650934996,0.0,0.0,0.0,0.0,0.0,0.0,0.0,0.0,0.0,0.0,0.0,0.03294746215494212,0.0,0.0,0.0,0.0,0.0,0.0,0.0,0.0,0.0,0.0,0.0,0.0,0.201246660730187,0.0,0.0,0.0,0.0,0.0,0.0,0.18165627782724844,0.0,0.0004452359750667854,0.0,0.0,0.0,0.0,0.0,0.0013357079252003562,0.0,0.0,0.0,0.0008904719501335708,0.0,0.0,0.0,0.0,0.0,0.0,0.0,0.1219946571682992,0.0,0.0,0.0,0.0008904719501335708,0.0,0.0,0.18744434550311664,0.0,0.0,0.06544968833481746
bankssts-rh,0.0,0.02478775809663557,0.016350487370296613,0.015512000838486532,0.015826433287915314,0.007389162561576354,0.015512000838486532,0.016612514411487266,0.017503406351535477,0.016350487370296613,0.016507703595011004,0.013677811550151976,0.017241379310344827,0.016717325227963525,0.01802746043391678,0.017660622576249868,0.01713656849386857,0.0004192432659050414,0.01713656849386857,0.016612514411487266,0.01781783880096426,0.01776543339272613,0.016926946860916045,0.015721622471439052,0.016402892778534746,0.014097054816057017,0.017241379310344827,0.01713656849386857,0.01739859553505922,0.016298081962058484,0.0,0.01713656849386857,0.017188973902106698,0.015197568389057751,0.017188973902106698,0.016822136044439787,0.016140865737344093,0.0004716486741431716,0.016717325227963525,0.011005135730007337,0.016455298186772875,0.013992243999580756,0.017503406351535477,0.019232784823393773,0.016455298186772875,0.012472487160674981,0.018813541557488732,0.015669217063200923,0.016088460329105964,0.013206162876008804,0.017031757677392307,0.01713656849386857,0.0159836495126297,0.015407190022010272,0.016455298186772875,0.013887433183104496,0.014568703490200188,0.00303951367781155,0.016612514411487266,0.01755581175977361,0.017503406351535477,0.014044649407818887,0.01739859553505922,0.017188973902106698,0.00031443244942878104,0.013835027774866367,0.013730216958390105,0.006760297662718792
caudalanteriorcingulate-lh,0.0,0.013063283514663253,0.017769077287956934,0.016677333132552798,0.01727967473553439,0.010202160900500697,0.017016150284229942,0.017580845537025186,0.01799495538907503,0.0167526258329255,0.013552686067085797,0.012272710160749916,0.01799495538907503,0.017543199186838835,0.017618491887211533,0.01780672363814328,0.01810789443963408,0.0,0.01788201633851598,0.016827918533298198,0.01799495538907503,0.017957309038888678,0.01788201633851598,0.017129089334788992,0.017769077287956934,0.015096186424726123,0.01799495538907503,0.01788201633851598,0.01720438203516169,0.013552686067085797,0.0,0.018070248089447728,0.01641380868124835,0.015585588977148665,0.017957309038888678,0.017618491887211533,0.017467906486466137,0.0,0.017844369988329632,0.013025637164476904,0.016903211233670896,0.01581146707826676,0.017957309038888678,0.01535971087603057,0.017392613786093438,0.01057862440236419,0.017129089334788992,0.01727967473553439,0.0167526258329255,0.010653917102736889,0.017957309038888678,0.017731430937770583,0.01731732108572074,0.016263223280502954,0.017656138237397884,0.01392914956894929,0.016376162331062004,0.0007152806535406392,0.017618491887211533,0.015510296276775967,0.017731430937770583,0.010465685351805143,0.017580845537025186,0.01603734517938486,0.0,0.015171479125098822,0.015736174377894062,0.00199525655987652
caudalanteriorcingulate-rh,0.0,0.012611019262562959,0.017493944403860203,0.017686185551155368,0.017263255027106003,0.010996193625283555,0.017417047944942136,0.017955323157368603,0.0173785997154831,0.016071359913875965,0.014456534276596563,0.013033949786612327,0.01757084086277827,0.01734015148602407,0.01734015148602407,0.0173785997154831,0.01757084086277827,0.0,0.0176092890922373,0.01757084086277827,0.017263255027106003,0.017263255027106003,0.017493944403860203,0.017724633780614403,0.0178399784689915,0.016071359913875965,0.01757084086277827,0.017686185551155368,0.016302049290630165,0.01295705332769426,0.0,0.017532392633319235,0.016378945749548235,0.016109808143335,0.01757084086277827,0.017532392633319235,0.0178399784689915,0.0,0.017763082010073435,0.01330308739282556,0.017878426698450536,0.016609635126302435,0.017263255027106003,0.01487946480064593,0.017417047944942136,0.01138067591987389,0.016724979814679533,0.017493944403860203,0.01710946210926987,0.011457572378791957,0.017455496174401168,0.017071013879810835,0.0173785997154831,0.016532738667384368,0.017455496174401168,0.014571878964973663,0.016878772732515666,0.0004229305240493675,0.017417047944942136,0.01511015417740013,0.017301703256565035,0.010496366642316122,0.017647737321696336,0.015533084701449498,0.0,0.015725325848744667,0.016263601061171133,0.0015763774078203698
caudalmiddlefrontal-lh,0.0,0.012768383051491545,0.017898536956108685,0.016834505035151055,0.017556526695800875,0.01037431122933688,0.017290518715561465,0.017480524415732474,0.017708531255937677,0.016492494774843245,0.013718411552346571,0.012426372791183736,0.017974539236177086,0.017670530115903478,0.017328519855595668,0.017670530115903478,0.018012540376211285,0.0,0.017898536956108685,0.016986509595287858,0.017670530115903478,0.017632528975869276,0.017860535816074483,0.017176515295458862,0.017708531255937677,0.015352460573817214,0.017974539236177086,0.017898536956108685,0.016872506175185254,0.013414402432072961,0.0,0.01782253467604028,0.016492494774843245,0.015770473114193426,0.017936538096142884,0.017708531255937677,0.017480524415732474,0.0,0.01782253467604028,0.013186395591867756,0.01710051301539046,0.015998479954398633,0.017670530115903478,0.015048451453543606,0.017556526695800875,0.01075432262967889,0.016796503895116853,0.017328519855595668,0.016910507315219456,0.010906327189815695,0.017860535816074483,0.01744252327569827,0.017290518715561465,0.016530495914877447,0.017708531255937677,0.014022420672620179,0.01664449933498005,0.0006460193805814175,0.017708531255937677,0.015428462853885617,0.017556526695800875,0.010488314649439483,0.017594527835835073,0.01588447653429603,0.0,0.015352460573817214,0.015998479954398633,0.0019000570017100513
caudalmiddlefrontal-rh,0.0003422899195618689,0.009470021107878373,0.017057447658166466,0.01791317245707114,0.017057447658166466,0.024473729248673626,0.017342689257801358,0.01694335101831251,0.016144674539334818,0.015916481259626903,0.01386274174225569,0.014946659820868275,0.016486964458896684,0.016258771179188773,0.015916481259626903,0.016144674539334818,0.016544012778823662,0.0,0.01665810941867762,0.016886302698385532,0.01603057789948086,0.01603057789948086,0.016601061098750643,0.017399737577728336,0.01694335101831251,0.018084317416852073,0.016486964458896684,0.0167151577386046,0.015631239659992014,0.013919790062182668,0.0003422899195618689,0.01637286781904273,0.015345998060357122,0.015688287979918992,0.016486964458896684,0.016544012778823662,0.017228592617947402,0.0,0.016772206058531577,0.018312510696559987,0.017000399338239488,0.019396428775172572,0.016144674539334818,0.0135775001426208,0.016772206058531577,0.016258771179188773,0.014946659820868275,0.017456785897655314,0.016144674539334818,0.01603057789948086,0.01637286781904273,0.01603057789948086,0.017114495978093443,0.016258771179188773,0.016829254378458555,0.015517143020138057,0.01785612413714416,0.0,0.01665810941867762,0.01386274174225569,0.01597352957955388,0.011181470705687717,0.016429916138969707,0.015460094700211079,0.0001140966398539563,0.018312510696559987,0.018997090535683724,0.0
cuneus-lh,0.0,0.012548959957409591,0.017986842605620414,0.017036163820968172,0.017834734000076055,0.010571548085332928,0.017606571091759515,0.017796706848689964,0.017416435334829068,0.01623759364186029,0.013917937407308819,0.01266304141156786,0.017720652545917787,0.017568543940373427,0.017074190972354263,0.01745446248621516,0.017758679697303874,0.0,0.017720652545917787,0.01715024527512644,0.017378408183442978,0.01734038103205689,0.017682625394531696,0.017416435334829068,0.017986842605620414,0.015553104916910674,0.017720652545917787,0.017758679697303874,0.016769973761265544,0.013195421530973115,0.0,0.017872761151462142,0.016389702247404648,0.01604745788492984,0.017720652545917787,0.017568543940373427,0.017796706848689964,0.0,0.017986842605620414,0.013195421530973115,0.01726432672928471,0.016161539339088107,0.017378408183442978,0.014792561889188881,0.017530516788987337,0.010989846750579913,0.016541810852949007,0.017530516788987337,0.01715024527512644,0.011141955356124273,0.017568543940373427,0.01715024527512644,0.017530516788987337,0.016693919458493363,0.017644598243145605,0.014184127467011446,0.01696010951819599,0.0005704072707913451,0.017644598243145605,0.015286914857208046,0.01734038103205689,0.010609575236719017,0.01745446248621516,0.015667186371068943,0.0,0.015705213522455033,0.01627562079324638,0.0017872761151462144
cuneus-rh,0.0,0.013451206035895287,0.017528483786152498,0.01680448119498533,0.017147429790801357,0.010174141675875471,0.016918797393590673,0.01790953778150364,0.017642799984757842,0.016309111001028845,0.014289524825667798,0.012803414243798347,0.017871432381968526,0.017261745989406697,0.01790953778150364,0.017947643181038753,0.017833326982433412,0.0,0.017795221582898296,0.017414167587547155,0.017642799984757842,0.01756658918568761,0.017414167587547155,0.01718553519033647,0.017757116183363182,0.015204054414510537,0.017871432381968526,0.017833326982433412,0.016652059596844872,0.012879625042868574,0.0,0.017985748580573866,0.016728270395915103,0.015966162405212817,0.017871432381968526,0.017490378386617385,0.017528483786152498,0.0,0.01790953778150364,0.012536676447052548,0.017452272987082268,0.015737530008002133,0.017490378386617385,0.015623213809396791,0.017261745989406697,0.011164882063788439,0.017337956788476928,0.01718553519033647,0.017071218991731127,0.011279198262393781,0.017604694585222725,0.01718553519033647,0.017109324391266244,0.016118584003353274,0.01737606218801204,0.014251419426132683,0.01627100560149373,0.000609686392561826,0.017528483786152498,0.015737530008002133,0.017795221582898296,0.010936249666577753,0.017985748580573866,0.016118584003353274,0.0,0.015204054414510537,0.015623213809396791,0.0019052699767557063
entorhinal-lh,0.0,0.014241486068111455,0.017143962848297212,0.01644736842105263,0.016640866873065017,0.009791021671826626,0.01636996904024768,0.0173374613003096,0.018072755417956655,0.01718266253869969,0.01393188854489164,0.0125,0.017840557275541794,0.017376160990712073,0.01826625386996904,0.018072755417956655,0.017763157894736842,0.0,0.01780185758513932,0.017105263157894738,0.018304953560371515,0.01826625386996904,0.01756965944272446,0.01667956656346749,0.01722136222910217,0.014860681114551083,0.017840557275541794,0.01780185758513932,0.017260061919504643,0.013970588235294118,0.0,0.017763157894736842,0.016911764705882352,0.015673374613003097,0.01780185758513932,0.01753095975232198,0.01695046439628483,0.0,0.01745356037151703,0.012809597523219814,0.017105263157894738,0.015441176470588236,0.018111455108359133,0.016640866873065017,0.01722136222910217,0.010835913312693499,0.018459752321981424,0.01667956656346749,0.01667956656346749,0.010874613003095975,0.017763157894736842,0.017763157894736842,0.016756965944272447,0.015789473684210527,0.0173374613003096,0.014125386996904025,0.015712074303405574,0.0008513931888544892,0.01745356037151703,0.016253869969040248,0.01803405572755418,0.010797213622291022,0.01791795665634675,0.01695046439628483,0.0,0.01455108359133127,0.015054179566563467,0.00228328173374613
entorhinal-rh,0.0,0.014092585006145023,0.016919295370749692,0.015977058582548137,0.01646866038508808,0.01020073740270381,0.016222859483818106,0.016919295370749692,0.017779598525194593,0.01806636624334289,0.01356001638672675,0.013232281851700122,0.01753379762392462,0.017206063088897994,0.017984432609586234,0.017820565342072922,0.017492830807046292,0.0,0.017492830807046292,0.01696026218762802,0.01806636624334289,0.018025399426464563,0.017328963539532977,0.016550594018844737,0.01696026218762802,0.014379352724293323,0.01753379762392462,0.017451863990167963,0.01753379762392462,0.01503482179434658,0.0,0.017451863990167963,0.01704219582138468,0.01638672675133142,0.017492830807046292,0.017247029905776323,0.016632527652601394,0.0,0.017124129455141336,0.013519049569848422,0.016673494469479723,0.015280622695616551,0.01790249897582958,0.017615731257681278,0.01704219582138468,0.011388775092175339,0.01843506759524785,0.016673494469479723,0.01671446128635805,0.011388775092175339,0.017492830807046292,0.017697664891437936,0.016632527652601394,0.01585415813191315,0.017206063088897994,0.014584186808684965,0.015731257681278164,0.0009832036050798853,0.017328963539532977,0.01700122900450635,0.017820565342072922,0.011306841458418681,0.01753379762392462,0.01806636624334289,0.0,0.014461286358049979,0.014993854977468251,0.0024989758295780417
frontalpole-lh,0.0,0.01566141512072341,0.016547030856716695,0.01696653304745036,0.016547030856716695,0.010301109350237718,0.016686864920294583,0.01733942388365806,0.016780087629346508,0.015428358348093595,0.018784375873962898,0.01622075137503496,0.01696653304745036,0.016873310338398433,0.01715297846555421,0.01701314440197632,0.01682669898387247,0.0,0.017059755756502284,0.017246201174606134,0.016780087629346508,0.016733476274820545,0.016780087629346508,0.016919921692924396,0.017106367111028246,0.01645380814766477,0.01696653304745036,0.017059755756502284,0.01584786053882726,0.012398620303906031,0.0,0.016919921692924396,0.017059755756502284,0.016360585438612844,0.01696653304745036,0.016919921692924396,0.01719958982008017,0.0,0.017106367111028246,0.012398620303906031,0.01752586930176191,0.01589447189335322,0.016686864920294583,0.015241912929989745,0.016873310338398433,0.01477579938473012,0.016686864920294583,0.016547030856716695,0.017106367111028246,0.014729188030204158,0.016873310338398433,0.016547030856716695,0.016593642211242658,0.016407196793138807,0.01664025356576862,0.01589447189335322,0.01584786053882726,0.0005127248997855877,0.01682669898387247,0.016267362729560923,0.017106367111028246,0.01458935396662627,0.017292812529132097,0.015568192411671483,0.0,0.01622075137503496,0.015987694602405147,0.002377179080824089
frontalpole-rh,0.0,0.014095066726645674,0.016294296996051384,0.016894087069525665,0.01634427950217424,0.012045783975608538,0.016644174538911382,0.016794122057279953,0.016194331983805668,0.016244314489928524,0.018243614734842806,0.018593492277702805,0.01644424451441995,0.016544209526665667,0.016544209526665667,0.01649422702054281,0.01634427950217424,0.0,0.016544209526665667,0.01699405208177138,0.016294296996051384,0.016244314489928524,0.01644424451441995,0.016944069575648524,0.016744139551157094,0.016794122057279953,0.01644424451441995,0.016544209526665667,0.015894436947068526,0.01314539911031139,0.0,0.016394262008297095,0.01699405208177138,0.017094017094017096,0.01644424451441995,0.01649422702054281,0.016794122057279953,0.0,0.016594192032788523,0.013895136702154247,0.017044034587894236,0.01644424451441995,0.016294296996051384,0.015644524416454243,0.016594192032788523,0.016294296996051384,0.016094366971559953,0.016544209526665667,0.016944069575648524,0.016144349477682812,0.016394262008297095,0.016294296996051384,0.016394262008297095,0.016594192032788523,0.01644424451441995,0.01764382466136852,0.016194331983805668,0.000349877542859999,0.016544209526665667,0.016644174538911382,0.016644174538911382,0.014594891787874244,0.016644174538911382,0.01634427950217424,0.0,0.01714399960013995,0.016694157045034238,0.001899335232668566
fusiform-lh,0.0,0.013887294846780673,0.01721565476873637,0.016527028577986914,0.016718313630972877,0.009908565744672712,0.01645051455679253,0.017445196832319522,0.018133823023068978,0.01702436971575041,0.014002065878572249,0.012548299475878955,0.017904280959485826,0.01736868281112514,0.018286851065457747,0.018095566012471784,0.017827766938291443,0.0,0.017866023948888633,0.017139140747541987,0.018325108076054936,0.018286851065457747,0.01763648188530548,0.01679482765216726,0.017292168789930756,0.014920234132904855,0.017904280959485826,0.017866023948888633,0.017062626726347604,0.01361949577260033,0.0,0.017827766938291443,0.016909598683958835,0.015685374344848693,0.017866023948888633,0.017521710853513905,0.017062626726347604,0.0,0.017521710853513905,0.012739584528864914,0.01717739775813918,0.015532346302459926,0.018133823023068978,0.01622097249320938,0.01721565476873637,0.010864991009602509,0.018057309001874595,0.016756570641570066,0.016756570641570066,0.010903248020199702,0.01778950992769425,0.017712995906499867,0.01679482765216726,0.015838402387237462,0.01736868281112514,0.014155093920961016,0.01580014537664027,0.0007651402119438387,0.017483453842916715,0.016067944450820614,0.018057309001874595,0.010750219977810933,0.01794253797008302,0.016680056620375684,0.0,0.014690692069321703,0.015149776196488007,0.0021423925934427484
fusiform-rh,0.0,0.01357308584686775,0.017246713070378963,0.016473317865429233,0.016821345707656612,0.009938128383604021,0.016550657385924206,0.017246713070378963,0.017904098994586233,0.017014694508894045,0.014037122969837588,0.01279969064191802,0.017788089713843776,0.017594740912606342,0.01805877803557618,0.017904098994586233,0.0177107501933488,0.0,0.017788089713843776,0.01716937354988399,0.018097447795823667,0.01805877803557618,0.017672080433101315,0.01674400618716164,0.01728538283062645,0.014965197215777262,0.017788089713843776,0.017749419953596288,0.016937354988399073,0.013766434648105182,0.0,0.017633410672853827,0.016937354988399073,0.016009280742459397,0.017749419953596288,0.017594740912606342,0.017014694508894045,0.0,0.01747873163186388,0.012993039443155453,0.017130703789636503,0.015506573859242073,0.01794276875483372,0.016047950502706885,0.01740139211136891,0.011059551430781129,0.017749419953596288,0.01674400618716164,0.016937354988399073,0.011059551430781129,0.01782675947409126,0.01782675947409126,0.016937354988399073,0.016047950502706885,0.01740139211136891,0.014385150812064965,0.015893271461716936,0.0007733952049497294,0.017556071152358854,0.016279969064191803,0.018020108275328694,0.010866202629543697,0.01782675947409126,0.016550657385924206,0.0,0.014733178654292344,0.015235885537509668,0.002165506573859242
inferiorparietal-lh,0.0,0.01477116480062856,0.01701041052838342,0.016342565311333726,0.016499705362404242,0.009781968179139658,0.016224710273030837,0.017246120604989198,0.017953250834806523,0.01716755057945394,0.014260459634649381,0.01292476920054999,0.017717540758200746,0.017246120604989198,0.01842467098801807,0.01799253584757415,0.017638970732665488,0.0,0.01767825574543312,0.017363975643292083,0.018188960911412297,0.018149675898644666,0.01744254566882734,0.0165782753879395,0.01708898055391868,0.014692594775093302,0.017717540758200746,0.01767825574543312,0.01712826556668631,0.013906894519740719,0.0,0.017638970732665488,0.01748183068159497,0.015831860145354548,0.01767825574543312,0.01748183068159497,0.016853270477312905,0.0,0.017324690630524456,0.012689059123944215,0.01708898055391868,0.015281869966607738,0.01799253584757415,0.017206835592221567,0.017206835592221567,0.011196228638774307,0.01842467098801807,0.016538990375171873,0.016538990375171873,0.011235513651541938,0.017638970732665488,0.017796110783736004,0.0165782753879395,0.015596150068748772,0.017206835592221567,0.01429974464741701,0.015556865055981143,0.0008642702808878413,0.017363975643292083,0.016538990375171873,0.01787468080927126,0.011117658613239049,0.017913965822038892,0.017363975643292083,0.0,0.014496169711255157,0.014889019838931448,0.0023963857788253783
inferiorparietal-rh,0.0,0.014367593524901247,0.017155913562078847,0.016420106885601426,0.01665246688869956,0.009797846797304624,0.016381380218418402,0.017349546897993957,0.01804662690728836,0.016962280226163737,0.014173960188986135,0.012741073503214313,0.01785299357137325,0.017310820230810937,0.01820153357602045,0.018162806908837426,0.0177755402370072,0.0,0.017814266904190225,0.01703973356052978,0.018278986910386492,0.01824026024320347,0.01754318023390907,0.016729920223065603,0.01723336689644489,0.014793586863914491,0.01785299357137325,0.017814266904190225,0.017272093563627914,0.013670513515606848,0.0,0.0177755402370072,0.016923553558980713,0.015761753543490048,0.017814266904190225,0.017465726899543024,0.01700100689334676,0.0,0.017465726899543024,0.012586166834482224,0.017078460227712804,0.015451940206025869,0.01804662690728836,0.016729920223065603,0.017155913562078847,0.011037100147161335,0.018162806908837426,0.01669119355588258,0.01669119355588258,0.011075826814344358,0.01773681356982418,0.017620633568275115,0.016729920223065603,0.015761753543490048,0.017310820230810937,0.014135233521803113,0.015723026876307025,0.0008132600108434669,0.017427000232360004,0.016458833552784446,0.018007900240105335,0.011037100147161335,0.01785299357137325,0.016884826891797693,0.0,0.014677406862365424,0.015064673534195647,0.0022074200294322673
inferiortemporal-lh,0.0,0.013788900316154344,0.017293261722469814,0.01653144402544471,0.016798080219403495,0.009903630061326324,0.01653144402544471,0.017445625261874834,0.018131261189197424,0.017064716413362283,0.0138269912010056,0.012455719346360417,0.017978897649792405,0.017407534377023578,0.01809317030434617,0.018131261189197424,0.017902715880089893,0.0,0.01786462499523864,0.017026625528511027,0.01839789738315621,0.0183217156134537,0.017674170570982365,0.01683617110425475,0.017369443492172322,0.014969717746543253,0.017978897649792405,0.01786462499523864,0.017217079952767302,0.01367462766160058,0.0,0.017902715880089893,0.016721898449700987,0.015655353673865845,0.01794080676494115,0.017521807031577345,0.01710280729821354,0.0,0.017597988801279853,0.012798537310021712,0.01710280729821354,0.015541081019312078,0.018131261189197424,0.016112444292080905,0.017217079952767302,0.010741629528053936,0.017902715880089893,0.01683617110425475,0.016798080219403495,0.010779720412905192,0.01778844322553613,0.017712261455833617,0.016912352873957263,0.015960080752675885,0.017407534377023578,0.014017445625261875,0.015883898982973373,0.0007618176970251019,0.01748371614672609,0.01599817163752714,0.01809317030434617,0.010665447758351427,0.01786462499523864,0.016493353140593456,0.0,0.014741172437435722,0.015236353940502038,0.0020949986668190304
inferiortemporal-rh,0.07677165354330709,0.004921259842519685,0.0,0.0,0.0,0.0,0.0,0.0,0.0,0.0,0.0,0.0,0.0,0.0,0.0,0.0,0.0,0.48523622047244097,0.0,0.0,0.0,0.0,0.0,0.0,0.0,0.0,0.0,0.0,0.0,0.005905511811023622,0.07480314960629922,0.0,0.0,0.0,0.0,0.0,0.0,0.08858267716535433,0.0,0.0,0.0,0.0,0.0,0.000984251968503937,0.0,0.0,0.0,0.0,0.0,0.003937007874015748,0.0,0.0,0.0,0.0,0.0,0.0,0.0,0.08562992125984252,0.0,0.0,0.0,0.0,0.0,0.0,0.08956692913385826,0.0,0.0,0.08366141732283465
insula-lh,0.0,0.013792839949566347,0.017231498108738013,0.016543766476903678,0.016734803041302104,0.010010315974477515,0.01646735185114431,0.017460741986016125,0.018033851679211402,0.016964046918580215,0.014022083826844459,0.012608413250296107,0.017919229740572345,0.017346120047377067,0.018339510182248882,0.018072058992091085,0.01780460780193329,0.0,0.01788102242769266,0.017231498108738013,0.018186680930730142,0.018148473617850457,0.01757536392465518,0.016811217667061475,0.01730791273449738,0.014939059335956902,0.017919229740572345,0.01788102242769266,0.01692583960570053,0.013525388759408551,0.0,0.01772819317617392,0.017040461544339587,0.015703205593550606,0.01788102242769266,0.017613571237534865,0.017078668857219273,0.0,0.017537156611775493,0.012761242501814847,0.017231498108738013,0.015550376342031864,0.018033851679211402,0.01616169334810683,0.01730791273449738,0.010927291483589958,0.017995644366331717,0.01677301035418179,0.01669659572842242,0.011041913422229014,0.017842815114812977,0.01772819317617392,0.016734803041302104,0.015779620219309978,0.017384327360256753,0.014174913078363199,0.01581782753218966,0.0007641462575937035,0.017537156611775493,0.016008864096588086,0.01795743705345203,0.010736254919191533,0.018033851679211402,0.016734803041302104,0.0,0.01470981545867879,0.015168303213235014,0.0021396095212623694
insula-rh,0.0,0.013546749951200468,0.017294553972281867,0.0166699199687683,0.01686511809486629,0.010462619558852235,0.0166308803435487,0.017489752098379857,0.017450712473160258,0.016552801093109505,0.014366582080812025,0.013234432949443686,0.017645910599258248,0.017372633222721062,0.01799726722623463,0.017684950224477844,0.017489752098379857,0.0,0.01780206910013664,0.01795822760101503,0.017450712473160258,0.017411672847940658,0.017411672847940658,0.01686511809486629,0.017333593597501463,0.01518641421042358,0.017645910599258248,0.017841108725356238,0.016201444466133124,0.013156353699004489,0.0,0.017450712473160258,0.01780206910013664,0.016240484091352723,0.017645910599258248,0.01776302947491704,0.017294553972281867,0.0,0.017567831348819053,0.012922115947686903,0.017567831348819053,0.01573296896349795,0.017372633222721062,0.01612336521569393,0.017645910599258248,0.011516689439781378,0.017294553972281867,0.016747999219207495,0.016747999219207495,0.01186804606675776,0.017567831348819053,0.017450712473160258,0.016708959593987896,0.015811048213937147,0.017294553972281867,0.014639859457349209,0.016006246340035137,0.0006636736287331642,0.01760687097403865,0.01592816708959594,0.017645910599258248,0.011009174311926606,0.018036306851454225,0.01686511809486629,0.0,0.01499121608432559,0.015381612336521569,0.002069100136638688
isthmuscingulate-lh,0.0,0.014487700949060624,0.017121828394344372,0.016385822196397445,0.01661824520627542,0.009723029246562076,0.01634708502808445,0.01727677706759636,0.018051520433856286,0.017121828394344372,0.013945380592678676,0.012550842533410808,0.017819097423978306,0.01735425140422235,0.018167731938795274,0.01809025760216928,0.017741623087352314,0.0,0.01778036025566531,0.017005616889405384,0.01828394344373426,0.018245206275421266,0.017547937245787334,0.016656982374588417,0.017199302730970367,0.014797598295564594,0.017819097423978306,0.01778036025566531,0.017392988572535347,0.014100329265930661,0.0,0.017741623087352314,0.016928142552779392,0.015649815998450514,0.01778036025566531,0.01747046290916134,0.016928142552779392,0.0,0.017431725740848343,0.01274452837497579,0.017005616889405384,0.015417392988572535,0.01809025760216928,0.016928142552779392,0.01716056556265737,0.01084640712763897,0.018671315126864225,0.016656982374588417,0.016695719542901413,0.01084640712763897,0.017741623087352314,0.01770288591903932,0.016773193879527408,0.015804764671702498,0.017315514235909355,0.014061592097617663,0.01568855316676351,0.0008909548711989153,0.017431725740848343,0.01642455936471044,0.018051520433856286,0.010885144295951965,0.017819097423978306,0.017121828394344372,0.0,0.01452643811737362,0.015030021305442572,0.002324230098779779
isthmuscingulate-rh,0.0,0.014475880001552373,0.017114914425427872,0.016377537159933248,0.0166103931385105,0.009741141770481623,0.016338727830170374,0.01727015174447937,0.018046338339736873,0.01715372375519075,0.013932549384872123,0.012535413513408623,0.01781348236115962,0.017347770404005123,0.018201575658788372,0.018085147669499747,0.017735863701633874,0.0,0.017774673031396748,0.017037295765902124,0.018279194318314124,0.018240384988551246,0.017541817052819497,0.016649202468273373,0.017192533084953623,0.014786354639655374,0.01781348236115962,0.017774673031396748,0.017386579733767997,0.014126596033686498,0.0,0.017735863701633874,0.0169208677766135,0.0156789692242015,0.017774673031396748,0.017503007723056623,0.0169208677766135,0.0,0.017425389063530874,0.012768269491985873,0.017037295765902124,0.015407303915861374,0.018085147669499747,0.0169208677766135,0.017192533084953623,0.010827803003842123,0.018667287615942874,0.016649202468273373,0.016688011798036247,0.010827803003842123,0.017735863701633874,0.017735863701633874,0.016765630457562,0.015795397213490124,0.01730896107424225,0.014087786703923624,0.0156789692242015,0.0008926145845461248,0.017425389063530874,0.016455155819458996,0.018046338339736873,0.010827803003842123,0.0178522916909225,0.017114914425427872,0.0,0.014514689331315249,0.015019210618232623,0.0023285597857724996
lateraloccipital-lh,0.0,0.013542898561782321,0.017357799565101285,0.016594819364437494,0.01686186243466982,0.010033189638728875,0.016594819364437494,0.017243352535001717,0.0180444817456987,0.01705260748483577,0.01380994163201465,0.012512875290886202,0.01793003471559913,0.017586693625300423,0.017891885705565942,0.017777438675466373,0.01781558768549956,0.0,0.01793003471559913,0.01701445847480258,0.018158928775798267,0.01812077976576508,0.017777438675466373,0.01686186243466982,0.017395948575134476,0.015030709953076718,0.01793003471559913,0.017891885705565942,0.017090756494868957,0.013848090642047839,0.0,0.017777438675466373,0.01674741540457025,0.01571739213367413,0.017891885705565942,0.0176629916453668,0.01716705451493534,0.0,0.017624842635333614,0.013046961431350857,0.01705260748483577,0.015641094113607753,0.0180444817456987,0.01594628619387327,0.017357799565101285,0.010758020829359479,0.017777438675466373,0.01686186243466982,0.016671117384503872,0.010796169839392668,0.01793003471559913,0.017891885705565942,0.016976309464769388,0.016022584213939647,0.017510395605234045,0.014115133712280166,0.01594628619387327,0.0008011292106969825,0.017624842635333614,0.01586998817380689,0.01785373669553275,0.01060542478922672,0.017777438675466373,0.016556670354404304,0.0,0.01476366688284439,0.015297753023309045,0.002212642581924999
lateraloccipital-rh,0.0,0.01282542113323124,0.017496171516079632,0.016960183767228177,0.01726646248085758,0.010566615620214395,0.017151607963246555,0.017955589586523737,0.017496171516079632,0.016271056661562023,0.014280245022970903,0.012978560490045941,0.01776416539050536,0.017304747320061254,0.017496171516079632,0.017802450229709034,0.01768759571209801,0.0,0.017725880551301684,0.017419601837672282,0.017496171516079632,0.017419601837672282,0.017419601837672282,0.017534456355283307,0.017917304747320062,0.015352220520673813,0.01776416539050536,0.017725880551301684,0.016462480857580397,0.012901990811638592,0.0,0.01768759571209801,0.016385911179173047,0.016232771822358345,0.01776416539050536,0.017419601837672282,0.01768759571209801,0.0,0.017840735068912712,0.012787136294027565,0.01757274119448698,0.016156202143950995,0.017419601837672282,0.015199081163859112,0.017343032159264932,0.011332312404287902,0.016921898928024502,0.017496171516079632,0.017419601837672282,0.011447166921898929,0.017534456355283307,0.017075038284839205,0.01718989280245023,0.016347626339969373,0.017496171516079632,0.01439509954058193,0.01653905053598775,0.0004977029096477795,0.01757274119448698,0.01554364471669219,0.01768759571209801,0.010796324655436448,0.017725880551301684,0.015964777947932617,0.0,0.015467075038284839,0.015888208269525268,0.0017228177641653904
lateralorbitofrontal-lh,0.0,0.013223704152773567,0.017543194907547743,0.016671718702637162,0.017126401939981814,0.010154592300697181,0.016861170051530767,0.017770536526220067,0.017732646256441345,0.016444377083964838,0.014095180357684147,0.012693240375871476,0.01795998787511367,0.0174674143679903,0.017770536526220067,0.01799787814489239,0.01792209760533495,0.0,0.01792209760533495,0.017202182479539255,0.017770536526220067,0.017694755986662626,0.01750530463776902,0.017164292209760533,0.017694755986662626,0.015080327371930888,0.01795998787511367,0.01792209760533495,0.016747499242194604,0.013072143073658685,0.0,0.018035768414671114,0.016633828432858443,0.015876023037284026,0.01795998787511367,0.017543194907547743,0.0174674143679903,0.0,0.017884207335556228,0.012655350106092755,0.017277963019096697,0.015724461958169143,0.017618975447105185,0.015497120339496817,0.017277963019096697,0.01102606850560776,0.017277963019096697,0.017164292209760533,0.017126401939981814,0.011063958775386481,0.017732646256441345,0.017353743558654138,0.017202182479539255,0.016217035465292514,0.0174674143679903,0.014208851167020309,0.016217035465292514,0.0006062443164595332,0.017618975447105185,0.015724461958169143,0.01795998787511367,0.010798726886935435,0.01792209760533495,0.01610336465595635,0.0,0.015118217641709609,0.015572900879054259,0.0018945134889360412
lateralorbitofrontal-rh,0.0,0.012169637369391518,0.01745543945912723,0.01819299323909035,0.01749641466912518,0.012046711739397665,0.017742265929112887,0.01753738987912313,0.016881786519155912,0.01552960458922352,0.01516082769924196,0.014177422659291129,0.01712763777914362,0.016963736939151812,0.01679983609916001,0.01684081130915796,0.01712763777914362,0.0,0.01725056340913747,0.017291538619135422,0.016758860889162057,0.016758860889162057,0.017209588199139522,0.01757836508912108,0.017414464249129277,0.01811104281909445,0.01712763777914362,0.017332513829133374,0.016267158369186643,0.013153042409342348,0.0,0.017045687359147715,0.0164720344191764,0.016021307109198933,0.01712763777914362,0.01716861298914157,0.017701290719114936,0.0,0.017373489039131326,0.01454619954927269,0.017701290719114936,0.017701290719114936,0.016758860889162057,0.01421839786928908,0.01725056340913747,0.012333538209383323,0.016103257529194837,0.017373489039131326,0.016881786519155912,0.012620364679368981,0.017004712149149764,0.016594960049170254,0.017332513829133374,0.017045687359147715,0.01712763777914362,0.015611555009219423,0.017291538619135422,0.0002048760499897562,0.017045687359147715,0.01483302601925835,0.016717885679164105,0.010899405859455029,0.017209588199139522,0.015037902069248104,0.0,0.01725056340913747,0.01757836508912108,0.0013112067199344396
lingual-lh,0.0,0.013887294846780673,0.01721565476873637,0.016527028577986914,0.016718313630972877,0.009908565744672712,0.01645051455679253,0.017445196832319522,0.018133823023068978,0.01702436971575041,0.014002065878572249,0.012548299475878955,0.017904280959485826,0.01736868281112514,0.018286851065457747,0.018095566012471784,0.017827766938291443,0.0,0.017866023948888633,0.017139140747541987,0.018325108076054936,0.018286851065457747,0.01763648188530548,0.01679482765216726,0.017292168789930756,0.014920234132904855,0.017904280959485826,0.017866023948888633,0.017062626726347604,0.01361949577260033,0.0,0.017827766938291443,0.016909598683958835,0.015685374344848693,0.017866023948888633,0.017521710853513905,0.017062626726347604,0.0,0.017521710853513905,0.012739584528864914,0.01717739775813918,0.015532346302459926,0.018133823023068978,0.01622097249320938,0.01721565476873637,0.010864991009602509,0.018057309001874595,0.016756570641570066,0.016756570641570066,0.010903248020199702,0.01778950992769425,0.017712995906499867,0.01679482765216726,0.015838402387237462,0.01736868281112514,0.014155093920961016,0.01580014537664027,0.0007651402119438387,0.017483453842916715,0.016067944450820614,0.018057309001874595,0.010750219977810933,0.01794253797008302,0.016680056620375684,0.0,0.014690692069321703,0.015149776196488007,0.0021423925934427484
lingual-rh,0.0,0.013768115942028985,0.01723874904652937,0.016552250190694128,0.016742944317315028,0.010030511060259343,0.016475972540045767,0.01746758199847445,0.018039664378337147,0.016933638443935927,0.013996948893974065,0.012585812356979404,0.01792524790236461,0.017353165522501907,0.01838291380625477,0.018077803203661327,0.017810831426392067,0.0,0.017887109077040428,0.017276887871853545,0.01815408085430969,0.018115942028985508,0.017581998474446987,0.016819221967963385,0.017315026697177726,0.014950419527078566,0.01792524790236461,0.017887109077040428,0.016895499618611746,0.013501144164759725,0.0,0.017734553775743706,0.017009916094584288,0.015713196033562166,0.017887109077040428,0.017620137299771167,0.017086193745232646,0.0,0.017543859649122806,0.012776506483600306,0.017276887871853545,0.015560640732265447,0.018001525553012966,0.016132723112128145,0.017315026697177726,0.010907704042715485,0.017963386727688786,0.016781083142639208,0.016704805491990847,0.011022120518688025,0.017848970251716247,0.01769641495041953,0.016742944317315028,0.015789473684210527,0.017391304347826087,0.014187643020594966,0.015827612509534707,0.0007627765064836003,0.017543859649122806,0.016018306636155607,0.017963386727688786,0.010717009916094583,0.018077803203661327,0.016666666666666666,0.0,0.014721586575133486,0.015179252479023646,0.0021357742181540807
medialorbitofrontal-lh,0.0,0.014611872146118721,0.017550129045066507,0.01627953146714314,0.01703394877903514,0.009688306531665674,0.01695453643041493,0.017272185824895772,0.017748659916617032,0.017113361127655352,0.013658923962676196,0.01254715108199325,0.017629541393686717,0.017192773476275562,0.017470716696446297,0.017748659916617032,0.017748659916617032,0.0,0.017470716696446297,0.016398649990073455,0.01802660313678777,0.017986896962477666,0.017550129045066507,0.016835417907484614,0.017351598173515982,0.014929521540599563,0.017629541393686717,0.017470716696446297,0.018741314274369664,0.01504864006352988,0.0,0.018066309311097876,0.01627953146714314,0.015803057375421876,0.017589835219376612,0.017113361127655352,0.017073654953345244,0.0,0.017391304347826087,0.013103037522334724,0.01647806233869367,0.015525114155251141,0.01786777843954735,0.016835417907484614,0.01687512408179472,0.0106412547151082,0.017907484613857456,0.017113361127655352,0.016756005558864404,0.01056184236648799,0.017470716696446297,0.017431010522136192,0.017391304347826087,0.01663688703593409,0.017391304347826087,0.01405598570577725,0.01635894381576335,0.0009926543577526306,0.017272185824895772,0.016676593210244194,0.017629541393686717,0.011038316458209251,0.017272185824895772,0.01679571173317451,0.0,0.014969227714909668,0.015564820329561246,0.0023823704586063135
medialorbitofrontal-rh,0.0,0.015834701168291977,0.01723472047890316,0.016076083808052526,0.01689678478323839,0.01066911267741624,0.016558849087573622,0.016220913391908853,0.017331273534807377,0.017669209230472143,0.012841556435261177,0.012648450323452737,0.017089890895046828,0.017089890895046828,0.01699333783914261,0.016945061311190498,0.01723472047890316,0.0003862122236168775,0.01699333783914261,0.016172636863956744,0.017524379646615816,0.017524379646615816,0.017379550062759486,0.016172636863956744,0.016558849087573622,0.01535193588877088,0.017089890895046828,0.01699333783914261,0.01815197450999324,0.020903736603263494,0.0,0.01699333783914261,0.016365742975765183,0.016027807280100417,0.01704161436709472,0.01689678478323839,0.016220913391908853,9.655305590421937e-05,0.01670367867142995,0.015931254224196195,0.015882977696244086,0.016414019503717292,0.017524379646615816,0.018055421454089022,0.016751955199382062,0.010379453509703582,0.017669209230472143,0.01680023172733417,0.016027807280100417,0.010282900453799362,0.017138167422998937,0.017379550062759486,0.017089890895046828,0.01684850825528628,0.01723472047890316,0.014434681857680796,0.01704161436709472,0.002268996813749155,0.01689678478323839,0.017138167422998937,0.01699333783914261,0.01052428309355991,0.01670367867142995,0.017331273534807377,0.00014482958385632905,0.014434681857680796,0.015689871584435647,0.004103504875929323
middletemporal-lh,0.19909706546275396,0.0,0.0,0.0,0.0,0.006772009029345372,0.0,0.0,0.0,0.0,0.0,0.0,0.0,0.0,0.0,0.0,0.0,0.03250564334085779,0.0,0.0,0.0,0.0,0.0,0.0,0.0,0.0,0.0,0.0,0.0,0.0,0.20135440180586908,0.0,0.0,0.0,0.0,0.0,0.0,0.181941309255079,0.0,0.0009029345372460496,0.0,0.0,0.0,0.0,0.0,0.0013544018058690745,0.0,0.0,0.0,0.0009029345372460496,0.0,0.0,0.0,0.0,0.0,0.0,0.0,0.12189616252821671,0.0,0.0,0.0,0.0009029345372460496,0.0,0.0,0.18826185101580137,0.0,0.0,0.06410835214446953
middletemporal-rh,0.0,0.0138729649163036,0.017503630665749444,0.01647175724222273,0.016930367652679048,0.00982190629060613,0.016777497515860277,0.01769471833677291,0.017885806007796375,0.01681571505006497,0.013949399984712986,0.01253535121913934,0.017847588473591684,0.01731254299472598,0.018076893678819844,0.01815332874722923,0.017847588473591684,0.0,0.0177711534051823,0.017045020255293128,0.018115111213024535,0.01803867614461515,0.01742719559734006,0.016892150118474357,0.017503630665749444,0.014904838339830313,0.017847588473591684,0.0177711534051823,0.017465413131544753,0.013529007108461362,0.0,0.01819154628143392,0.016662844913246197,0.015669189023924175,0.017847588473591684,0.01742719559734006,0.01731254299472598,0.0,0.017618283268363524,0.01253535121913934,0.017083237789497822,0.015439883818696017,0.017847588473591684,0.016127799434380495,0.017121455323702513,0.010815562179928151,0.017885806007796375,0.016930367652679048,0.016930367652679048,0.010815562179928151,0.01765650080256822,0.01742719559734006,0.017236107926316593,0.016013146831766415,0.017274325460521288,0.014140487655736451,0.016166016968585186,0.0007261331498891691,0.017388978063135368,0.016166016968585186,0.018076893678819844,0.010968432316746924,0.017847588473591684,0.016433539708018037,0.0,0.014904838339830313,0.015439883818696017,0.0020637468470534283
paracentral-lh,0.0,0.014639731741228429,0.016929745644884274,0.016316349063547887,0.016725280117772145,0.010018810828494316,0.016479921485237588,0.017093318066573975,0.017543142226220658,0.017011531855729123,0.014762411057495706,0.013576511000245359,0.01746135601537581,0.017175104277418828,0.01811564570213462,0.017584035331643086,0.017297783593686104,0.0,0.017543142226220658,0.01762492843706551,0.017665821542487938,0.01762492843706551,0.017297783593686104,0.016439028379815163,0.016929745644884274,0.015089555900875112,0.01746135601537581,0.017543142226220658,0.016520814590660016,0.013862762738202338,0.0,0.017215997382841252,0.0184018974400916,0.016234562852703034,0.01742046290995338,0.01746135601537581,0.016888852539461846,0.0,0.017175104277418828,0.013249366156865953,0.01725689048826368,0.015253128322564816,0.017502249120798234,0.017011531855729123,0.017379569804530957,0.011859000572503477,0.017788500858755215,0.01635724216897031,0.016439028379815163,0.012267931626727733,0.01746135601537581,0.01762492843706551,0.016316349063547887,0.01578473869305635,0.0169706387503067,0.014885090373762984,0.015825631798478776,0.0008587552138709414,0.01725689048826368,0.01635724216897031,0.017502249120798234,0.011695428150813772,0.017788500858755215,0.017584035331643086,0.0,0.014925983479185409,0.015130449006297538,0.0025353725361903982
paracentral-rh,0.0,0.013331111481419763,0.0169971671388102,0.01633061156473921,0.01687218796867189,0.010373271121479753,0.01670554907515414,0.017122146308948507,0.017205465755707382,0.017038826862189636,0.014705882352941176,0.014247625395767372,0.017372104649225128,0.017413764372604567,0.01749708381936344,0.017455424095984003,0.017288785202466257,0.0,0.017413764372604567,0.017372104649225128,0.017288785202466257,0.017247125479086817,0.017205465755707382,0.016788868521913015,0.017163806032327946,0.01503916013997667,0.017372104649225128,0.017413764372604567,0.01670554907515414,0.013914347608731878,0.0,0.017330444925845692,0.017247125479086817,0.017288785202466257,0.017372104649225128,0.017288785202466257,0.01695550741543076,0.0,0.017288785202466257,0.013414430928178636,0.017122146308948507,0.015539076820529912,0.017247125479086817,0.016205632394600898,0.017205465755707382,0.012331278120313281,0.017038826862189636,0.01687218796867189,0.017163806032327946,0.012247958673554408,0.017330444925845692,0.017247125479086817,0.01674720879853358,0.016538910181636394,0.017163806032327946,0.015205799033494418,0.016205632394600898,0.0006665555740709882,0.017372104649225128,0.017038826862189636,0.017580403266122313,0.011873021163139477,0.01749708381936344,0.01687218796867189,0.0,0.015122479586735543,0.015414097650391602,0.002082986168971838
parahippocampal-lh,0.0,0.01385645933014354,0.01722488038277512,0.016535885167464116,0.016727272727272726,0.009913875598086125,0.01645933014354067,0.017454545454545455,0.018105263157894735,0.016995215311004785,0.01400956937799043,0.012555023923444975,0.017913875598086125,0.01737799043062201,0.01829665071770335,0.018105263157894735,0.01783732057416268,0.0,0.017875598086124402,0.017148325358851673,0.01829665071770335,0.018258373205741626,0.017607655502392343,0.01680382775119617,0.017301435406698564,0.01492822966507177,0.017913875598086125,0.017875598086124402,0.017033492822966508,0.013588516746411483,0.0,0.01783732057416268,0.01691866028708134,0.01569377990430622,0.017875598086124402,0.0175311004784689,0.01707177033492823,0.0,0.0175311004784689,0.012708133971291866,0.017186602870813396,0.01554066985645933,0.018105263157894735,0.01619138755980861,0.01722488038277512,0.010870813397129187,0.018028708133971293,0.01676555023923445,0.01676555023923445,0.01090909090909091,0.017799043062200957,0.01768421052631579,0.01680382775119617,0.01584688995215311,0.01737799043062201,0.014162679425837321,0.015808612440191386,0.0007655502392344498,0.017492822966507178,0.016076555023923446,0.018066985645933013,0.010755980861244019,0.017952153110047848,0.016650717703349284,0.0,0.014698564593301435,0.015157894736842105,0.002143540669856459
parahippocampal-rh,0.0,0.013559844369968026,0.01725798374359567,0.016564582611040487,0.01675719403675026,0.01009283870719211,0.016487538040756578,0.01741207288416349,0.017951384876150854,0.016949805462460034,0.013945067221387573,0.012673831811703071,0.017874340305866945,0.01741207288416349,0.0183366077275704,0.017951384876150854,0.017720251165299124,0.0,0.017874340305866945,0.01741207288416349,0.018028429446434763,0.01798990716129281,0.01760468430987326,0.016795716321892213,0.01733502831387958,0.014946646635078394,0.017874340305866945,0.017874340305866945,0.01675719403675026,0.013559844369968026,0.0,0.017643206595015216,0.017219461458453714,0.01583265919334335,0.01783581802072499,0.017720251165299124,0.017065372317885897,0.0,0.017566162024731307,0.012904965522554797,0.01725798374359567,0.015563003197349667,0.0179128625910089,0.01610231518933703,0.017450595169305444,0.010978851265457067,0.01783581802072499,0.016795716321892213,0.01668014946646635,0.01109441812088293,0.017874340305866945,0.0179128625910089,0.01675719403675026,0.015794136908201393,0.01741207288416349,0.014291767787665164,0.01583265919334335,0.0007319234176971378,0.01760468430987326,0.016025270619053122,0.0179128625910089,0.01067067298432143,0.018028429446434763,0.016718671751608304,0.0,0.014676990639084711,0.01517778034593012,0.0021187256828075042
parsopercularis-lh,0.0,0.013031914893617021,0.017591185410334345,0.01690729483282675,0.017287234042553192,0.01041033434650456,0.01709726443768997,0.01804711246200608,0.017515197568389058,0.016185410334346506,0.014247720364741642,0.01276595744680851,0.01778115501519757,0.017287234042553192,0.01762917933130699,0.017819148936170214,0.017705167173252278,0.0,0.017857142857142856,0.017477203647416412,0.017515197568389058,0.01743920972644377,0.01743920972644377,0.017401215805471125,0.017857142857142856,0.015349544072948328,0.01778115501519757,0.017857142857142856,0.016527355623100305,0.012841945288753799,0.0,0.017857142857142856,0.016679331306990883,0.015957446808510637,0.01778115501519757,0.017553191489361703,0.017743161094224923,0.0,0.018009118541033434,0.012651975683890577,0.017553191489361703,0.015957446808510637,0.01736322188449848,0.015235562310030395,0.017325227963525838,0.011132218844984802,0.017059270516717327,0.017325227963525838,0.0172112462006079,0.011322188449848024,0.017591185410334345,0.01717325227963526,0.01717325227963526,0.01614741641337386,0.017401215805471125,0.014247720364741642,0.01648936170212766,0.0006079027355623101,0.01762917933130699,0.015501519756838906,0.017705167173252278,0.010866261398176293,0.017933130699088147,0.016033434650455928,0.0,0.015425531914893617,0.015843465045592704,0.0018617021276595746
parsopercularis-rh,0.18596642272922945,0.0008609556607834697,0.0,0.0,0.0,0.0012914334911752045,0.0,0.0,0.0,0.0,0.0,0.0,0.0,0.0,0.0,0.0,0.0,0.03874300473525613,0.0,0.0,0.0,0.0,0.0,0.0,0.0,0.0,0.0,0.0,0.0,0.0,0.18424451140766251,0.0,0.0,0.0,0.0,0.0,0.0,0.19629789065863107,0.0,0.0,0.0,0.0,0.0,0.0,0.0,0.0,0.0,0.0,0.0,0.0,0.0,0.0,0.0,0.0,0.0,0.0,0.0,0.13043478260869565,0.0,0.0,0.0,0.0017219113215669393,0.0,0.0,0.18467498923805423,0.0,0.0,0.07576409814894533
parsorbitalis-lh,0.0,0.013477088948787063,0.017425306556319048,0.016666033939485972,0.016931779355377548,0.01006036217303823,0.016666033939485972,0.01765308834136897,0.017918833757260545,0.016590106677802665,0.014046543411411868,0.012603925439429026,0.018032724649785507,0.017425306556319048,0.01807068828062716,0.018146615542310465,0.0179567973881022,0.0,0.0179567973881022,0.01723548840211078,0.017918833757260545,0.017842906495577238,0.017539197448844007,0.017007706617060855,0.017501233818002355,0.015071561444136516,0.018032724649785507,0.0179567973881022,0.016779924832010934,0.013211343532895487,0.0,0.01788087012641889,0.016779924832010934,0.015754906799286282,0.018032724649785507,0.017615124710527313,0.01727345203295243,0.0,0.017729015603052276,0.012679852701112335,0.01727345203295243,0.015641015906761323,0.017729015603052276,0.01571694316844463,0.017311415663794086,0.010933525682396264,0.017539197448844007,0.016969742986219203,0.016931779355377548,0.011009452944079573,0.017804942864735582,0.0174632701871607,0.016969742986219203,0.016020652215177858,0.0174632701871607,0.014198397934778482,0.016020652215177858,0.0006833453551497665,0.01757716107968566,0.015830834060969592,0.01807068828062716,0.010743707528187997,0.018032724649785507,0.016286397631069434,0.0,0.014919706920769903,0.015375270490869748,0.002012072434607646
parsorbitalis-rh,0.0,0.011429659967615963,0.017430231450614345,0.017382607867415946,0.017477855033812745,0.014477569292313554,0.017477855033812745,0.01662063053624155,0.016858748452233546,0.016906372035431945,0.013429850461948757,0.013477474045147157,0.016858748452233546,0.016953995618630344,0.016477759786646347,0.016477759786646347,0.017001619201828747,0.0,0.016906372035431945,0.016668254119439948,0.016811124869035146,0.016811124869035146,0.017382607867415946,0.016858748452233546,0.016858748452233546,0.017049242785027147,0.016858748452233546,0.016906372035431945,0.016858748452233546,0.017049242785027147,0.0,0.016573006953043146,0.016525383369844746,0.01628726545385275,0.016811124869035146,0.016953995618630344,0.016811124869035146,0.0,0.016858748452233546,0.020573387941708734,0.01662063053624155,0.018192208781788743,0.016906372035431945,0.015144299457091151,0.017096866368225546,0.011429659967615963,0.016192018287455947,0.017239737117820744,0.016239641870654346,0.011620154300409562,0.016906372035431945,0.016953995618630344,0.017525478617011144,0.017287360701019144,0.017287360701019144,0.015239546623487952,0.018192208781788743,0.0005238594151823983,0.016858748452233546,0.015239546623487952,0.016477759786646347,0.00981045813887037,0.016668254119439948,0.016239641870654346,0.0,0.01600152395466235,0.017430231450614345,0.001523954662348795
parstriangularis-lh,0.0,0.013347260909935005,0.017332095326524296,0.016945218198700093,0.017099969049829775,0.010484370164035903,0.01686784277313525,0.0177189724543485,0.017409470752089137,0.016171463943051686,0.014623955431754874,0.013153822346022904,0.01760290931600124,0.017293407613741877,0.01787372330547818,0.017641597028783658,0.017448158464871556,0.0,0.017757660167130918,0.01795109873104302,0.017370783039306715,0.017332095326524296,0.017370783039306715,0.017099969049829775,0.017525533890436398,0.01547508511296812,0.01760290931600124,0.01779634787991334,0.016132776230269267,0.012805632930981121,0.0,0.01748684617765398,0.017332095326524296,0.01621015165583411,0.01760290931600124,0.0177189724543485,0.017525533890436398,0.0,0.017757660167130918,0.0127669452181987,0.01783503559269576,0.016016713091922007,0.017293407613741877,0.015668523676880222,0.017641597028783658,0.01149025069637883,0.017216032188177036,0.01698390591148251,0.01698390591148251,0.011799752398638192,0.017525533890436398,0.017216032188177036,0.01686784277313525,0.016016713091922007,0.017332095326524296,0.014507892293407614,0.016287527081398946,0.0005803156917363045,0.017564221603218817,0.015668523676880222,0.017564221603218817,0.010948622717424946,0.01802847415660786,0.01644227793252863,0.0,0.01528164654905602,0.015668523676880222,0.001934385639121015
parstriangularis-rh,0.0,0.011814744801512287,0.01772211720226843,0.017958412098298678,0.017643352236925015,0.012523629489603024,0.01776149968494014,0.01752520478890989,0.017052614996849402,0.015949905482041588,0.014138311279143037,0.013074984247006932,0.01724952741020794,0.017091997479521108,0.01673755513547574,0.016973850031505987,0.017328292375551356,0.0,0.01736767485822306,0.017170762444864523,0.016973850031505987,0.016973850031505987,0.01736767485822306,0.017800882167611845,0.0175645872715816,0.017013232514177693,0.01724952741020794,0.01740705734089477,0.0165406427221172,0.013783868935097669,0.0,0.017170762444864523,0.015949905482041588,0.015792375551354758,0.01724952741020794,0.01724952741020794,0.01772211720226843,0.0,0.017446439823566477,0.014453371140516699,0.01752520478890989,0.018431001890359167,0.017052614996849402,0.014374606175173284,0.017288909892879647,0.011342155009451797,0.016186200378071832,0.01776149968494014,0.016895085066162573,0.011893509766855702,0.017210144927536232,0.01677693761814745,0.017643352236925015,0.01693446754883428,0.01752520478890989,0.014492753623188406,0.017840264650283554,0.00035444234404536864,0.017288909892879647,0.014729048519218652,0.016895085066162573,0.01027882797731569,0.017170762444864523,0.015516698172652804,0.0,0.01661940768746062,0.017840264650283554,0.0013390044108380593
pericalcarine-lh,0.0,0.014267436901484899,0.01713643236537045,0.01636102818594192,0.016632419648741906,0.009808862869770868,0.01636102818594192,0.017252742992284728,0.018028147171713256,0.0172139727833133,0.013879734811770636,0.01256154770674214,0.0177955259178847,0.017407823828170434,0.018221998216570386,0.018066917380684683,0.01775675570891327,0.0,0.01775675570891327,0.017058891947427598,0.01829953863451324,0.018260768425541814,0.01756290466405614,0.016671189857713334,0.0172139727833133,0.014771449618113441,0.0177955259178847,0.01775675570891327,0.01733028341022758,0.014112356065599194,0.0,0.017717985499941843,0.01690381111154189,0.0157407048423991,0.01775675570891327,0.017524134455084713,0.01690381111154189,0.0,0.017407823828170434,0.012832939169542123,0.01702012173845617,0.01543054317062769,0.018105687589656107,0.016787500484627613,0.017252742992284728,0.01085565851199938,0.01849338967937037,0.016671189857713334,0.016709960066684758,0.01085565851199938,0.01775675570891327,0.0177955259178847,0.016787500484627613,0.015818245260341954,0.01733028341022758,0.01415112627457062,0.015701934633427676,0.0008529445973713798,0.017485364246113286,0.01639979839491335,0.018066917380684683,0.010778118094056526,0.017834296126856122,0.017058891947427598,0.0,0.014538828364284884,0.015042841080913427,0.002287442329314155
pericalcarine-rh,0.0,0.017550095525836407,0.016617052472564092,0.015684009419291777,0.01608388501355134,0.009330430532723153,0.015772870662460567,0.01675034433731728,0.017594526147420804,0.017683387390589594,0.014351090771759898,0.013551339583240769,0.017327942417914428,0.01692806682365486,0.017994401741680367,0.01772781801217399,0.01728351179633003,0.0001332918647531879,0.01728351179633003,0.01688363620207047,0.017905540498511573,0.017861109876927177,0.01706135868840805,0.016172746256720133,0.01666148309414849,0.01399564579908473,0.017327942417914428,0.01728351179633003,0.01750566490425201,0.016172746256720133,0.0,0.017239081174745634,0.017327942417914428,0.016172746256720133,0.01728351179633003,0.01706135868840805,0.016350468743057716,0.0,0.01688363620207047,0.012796019016306039,0.0165281912293953,0.014706535744435065,0.01772781801217399,0.02048251655040654,0.016839205580486072,0.01177411471986493,0.018705291687030702,0.016217176878304526,0.016350468743057716,0.01177411471986493,0.01728351179633003,0.01750566490425201,0.016261607499888923,0.015506286932954192,0.01688363620207047,0.014662105122850669,0.015150841960279025,0.0015995023770382548,0.01706135868840805,0.017816679255342784,0.017638956769005197,0.012173990314124495,0.017461234282667614,0.01839427733593993,0.0,0.01399564579908473,0.014351090771759898,0.0035544497267516774
postcentral-lh,0.0,0.013266486694947937,0.017354415734670267,0.01662167373698419,0.016891631315079057,0.01025838796760509,0.01662167373698419,0.0174315464712688,0.017817200154261473,0.016814500578480523,0.01392209795603548,0.012765136907057462,0.01785576552256074,0.017470111839568068,0.018125723100655612,0.017778634785962207,0.017701504049363673,0.0,0.017932896259159274,0.0175472425761666,0.017817200154261473,0.017778634785962207,0.017662938681064406,0.01685306594677979,0.017354415734670267,0.01504049363671423,0.01785576552256074,0.017932896259159274,0.016583108368684922,0.013459313536444273,0.0,0.0175472425761666,0.017315850366371,0.015927497107597378,0.017817200154261473,0.01785576552256074,0.017200154261473196,0.0,0.01758580794446587,0.0130736598534516,0.017354415734670267,0.015657539529502506,0.017701504049363673,0.015927497107597378,0.017624373312765135,0.011068260701889703,0.0175472425761666,0.016775935210181257,0.016698804473582723,0.011261087543386039,0.017817200154261473,0.017778634785962207,0.016775935210181257,0.015850366370998844,0.017392981102969534,0.01434631700732742,0.015966062475896645,0.0006941766293868107,0.017662938681064406,0.015927497107597378,0.017778634785962207,0.010644041650597763,0.01804859236405708,0.016660239105283456,0.0,0.014809101426918627,0.015310451214809102,0.002082529888160432
postcentral-rh,0.0,0.01440971237306405,0.015941453452090543,0.016735689567141318,0.016054915754240652,0.015033755034889658,0.016395302660690985,0.016678958416066262,0.015941453452090543,0.015884722301015487,0.018721279854768253,0.018664548703693197,0.016168378056390764,0.016281840358540876,0.016281840358540876,0.016281840358540876,0.016054915754240652,0.0,0.016281840358540876,0.016792420718216374,0.0159981846031656,0.015941453452090543,0.016054915754240652,0.016792420718216374,0.01656549611391615,0.01696261417144154,0.016168378056390764,0.016281840358540876,0.015317410790264935,0.012197197481136892,0.0,0.016111646905315708,0.016678958416066262,0.016905883020366483,0.016168378056390764,0.01622510920746582,0.016678958416066262,0.0,0.016395302660690985,0.013502013955863165,0.016905883020366483,0.01622510920746582,0.015941453452090543,0.015260679639189879,0.01633857150961593,0.020990525897770465,0.015714528847790322,0.01633857150961593,0.016849151869291427,0.019572247120894084,0.016111646905315708,0.015941453452090543,0.016054915754240652,0.016168378056390764,0.016111646905315708,0.017473194531117037,0.015884722301015487,0.00011346230215011063,0.016281840358540876,0.01633857150961593,0.016395302660690985,0.017019345322516595,0.01645203381176604,0.015941453452090543,0.0,0.017473194531117037,0.016622227264991206,0.0019288591365518807
posteriorcingulate-lh,0.0,0.01582815149802148,0.016918355810385206,0.01623193087297101,0.01639344262295082,0.00936768149882904,0.01611079706048615,0.017160623435354922,0.017887426310264073,0.017079867560365017,0.01433416781070823,0.012799806185900025,0.017645158685294354,0.017201001372849876,0.018331583622708553,0.017927804247759024,0.01756440281030445,4.037793749495276e-05,0.017604780747799403,0.017120245497859968,0.01812969393523379,0.018089315997738834,0.017362513122829687,0.016474198497940726,0.01699911168537511,0.014616813373172898,0.017645158685294354,0.017604780747799403,0.017241379310344827,0.014697569248162803,0.0,0.01756440281030445,0.017241379310344827,0.015747395623031575,0.017604780747799403,0.017402891060324638,0.016756844060405396,0.0,0.017241379310344827,0.012557538560930307,0.01699911168537511,0.015141726560607284,0.017927804247759024,0.018331583622708553,0.017079867560365017,0.011103932811112008,0.018937252685132844,0.01643382056044577,0.01655495437293063,0.011063554873617055,0.01756440281030445,0.017645158685294354,0.016595332310425582,0.01562626181054672,0.017120245497859968,0.014172656060728418,0.015424372123071954,0.00117096018735363,0.01728175724783978,0.016797221997900347,0.017887426310264073,0.011305822498586773,0.01784704837276912,0.017645158685294354,0.0,0.014293789873213275,0.014737947185657756,0.00278607768715174
posteriorcingulate-rh,0.0,0.012730865698867524,0.017671201641711636,0.01683514478984571,0.01740518355248157,0.010526715816675533,0.01721517063160295,0.017671201641711636,0.017633199057535912,0.016607129284791366,0.01375693547161207,0.012578855362164628,0.01789921714676598,0.01759519647336019,0.017291175799954397,0.017671201641711636,0.017975222315117428,0.0,0.017823211978414532,0.01694915254237288,0.017633199057535912,0.01759519647336019,0.017633199057535912,0.017481188720833016,0.017861214562590256,0.015239036254465304,0.01789921714676598,0.017861214562590256,0.016987155126548605,0.01337690962985483,0.0,0.01801322489929315,0.016189100858858402,0.01596108535380406,0.01789921714676598,0.017481188720833016,0.01751919130500874,0.0,0.017937219730941704,0.012996883788097591,0.017063160294900053,0.016113095690506955,0.017633199057535912,0.015163031086113856,0.017253173215778673,0.010944744242608497,0.01683514478984571,0.017557193889184464,0.017177168047427225,0.01098274682678422,0.017671201641711636,0.01721517063160295,0.017367180968305845,0.016569126700615642,0.01770920422588736,0.014022953560842138,0.016607129284791366,0.0006080413468115832,0.01770920422588736,0.015505054343695372,0.017633199057535912,0.010640723569202705,0.017557193889184464,0.01588508018545261,0.0,0.0153910465911682,0.01596108535380406,0.0018241240404347496
precentral-lh,0.0,0.013412228796844181,0.017317554240631163,0.01668639053254438,0.01708086785009862,0.010059171597633136,0.016923076923076923,0.017554240631163707,0.017435897435897435,0.016370808678500985,0.014674556213017751,0.013333333333333334,0.01767258382642998,0.01747534516765286,0.017514792899408285,0.01775147928994083,0.017633136094674557,0.0,0.017633136094674557,0.01719921104536489,0.017514792899408285,0.017435897435897435,0.017396449704142013,0.017238658777120316,0.017554240631163707,0.015226824457593689,0.01767258382642998,0.017633136094674557,0.016725838264299804,0.013175542406311637,0.0,0.01767258382642998,0.016607495069033532,0.016489151873767257,0.01767258382642998,0.017317554240631163,0.017396449704142013,0.0,0.017633136094674557,0.012662721893491125,0.017317554240631163,0.015818540433925048,0.017396449704142013,0.015779092702169626,0.017120315581854045,0.011676528599605523,0.01719921104536489,0.017159763313609466,0.01747534516765286,0.011637080867850098,0.017514792899408285,0.017159763313609466,0.017120315581854045,0.016449704142011835,0.017396449704142013,0.014595660749506903,0.01629191321499014,0.000591715976331361,0.017514792899408285,0.016173570019723867,0.017790927021696254,0.011400394477317555,0.017633136094674557,0.016173570019723867,0.0,0.015266272189349112,0.015660749506903354,0.001932938856015779
precentral-rh,0.0,0.014895509115162294,0.01595153401511783,0.016729657625611384,0.016173855046687415,0.014839928857269898,0.016507336594041796,0.016729657625611384,0.015840373499333038,0.015673632725655848,0.018285904846598488,0.018063583815028903,0.01611827478879502,0.016062694530902623,0.016229435304579813,0.016229435304579813,0.01595153401511783,5.558025789239662e-05,0.016340595820364606,0.01711871943085816,0.015840373499333038,0.01578479324144064,0.01595153401511783,0.016840818141396176,0.016507336594041796,0.017174299688750557,0.01611827478879502,0.016340595820364606,0.014895509115162294,0.011838594931080481,0.0,0.01595153401511783,0.01695197865718097,0.016562916851934194,0.01611827478879502,0.01628501556247221,0.016840818141396176,0.0,0.016396176078257003,0.013561582925744775,0.01722987994664295,0.016896398399288574,0.01578479324144064,0.014895509115162294,0.016507336594041796,0.019230769230769232,0.015451311694086261,0.01628501556247221,0.016562916851934194,0.023288128056914183,0.016062694530902623,0.015840373499333038,0.01578479324144064,0.015729212983548242,0.01600711427301023,0.017007558915073367,0.01611827478879502,0.0,0.016340595820364606,0.015895953757225433,0.01611827478879502,0.016173855046687415,0.016507336594041796,0.016229435304579813,0.0,0.018063583815028903,0.017507781236104934,0.0027234326367274343
precuneus-lh,0.0,0.013817258101762759,0.01720421830498037,0.016472942806558387,0.016703871911323224,0.009929951504887999,0.016434454622430913,0.01735817104149026,0.018050958355784776,0.01708875375259795,0.013932722654145177,0.012585636209683627,0.017897005619274882,0.017435147409745208,0.01824339927642214,0.01797398198752983,0.017781541066892465,0.0,0.01785851743514741,0.017165730120852898,0.01824339927642214,0.018204911092294666,0.01762758833038257,0.016742360095450697,0.017281194673235318,0.014856439073204527,0.017897005619274882,0.01785851743514741,0.01705026556847048,0.013740281733507814,0.0,0.017743052882764992,0.016973289200215534,0.015741667308136403,0.01785851743514741,0.01762758833038257,0.017011777384343008,0.0,0.017512123778000155,0.012855053498575937,0.017127241936725424,0.015510738203371566,0.018089446539912245,0.016280501885921023,0.01731968285736279,0.010892156108074822,0.018089446539912245,0.016742360095450697,0.016703871911323224,0.010930644292202293,0.01782002925101994,0.01785851743514741,0.01678084827957817,0.01581864367639135,0.017396659225617735,0.014163651758910014,0.015780155492263876,0.0008082518666769302,0.017550611962127628,0.01612654914941113,0.018012470171657302,0.01073820337156493,0.017935493803402355,0.016819336463705644,0.0,0.01462550996843969,0.015125856362096837,0.0021938264952659535
precuneus-rh,0.0,0.01405795963245111,0.017120867038404146,0.01637477420874892,0.016610382470745307,0.009934815047514332,0.016335506165082857,0.01723867116940234,0.0179454959553915,0.017277939213068406,0.013861619414120788,0.012722846147804917,0.017788423780727244,0.0173957433440666,0.018141836173721827,0.01782769182439331,0.01767061964972905,0.0,0.01774915573706118,0.017277939213068406,0.018141836173721827,0.01810256813005576,0.017552815518730856,0.016649650514411373,0.017199403125736278,0.014764784418440273,0.017788423780727244,0.01774915573706118,0.017081598994738083,0.014175763763449305,0.0,0.017631351606062984,0.017199403125736278,0.01586428964109008,0.01774915573706118,0.017592083562396922,0.016924526820073824,0.0,0.017435011387732662,0.013036990497133433,0.017042330951072018,0.015393073117097306,0.017984763999057567,0.01680672268907563,0.017356475300400534,0.010955784182832011,0.018416712479384277,0.016649650514411373,0.016610382470745307,0.010995052226498075,0.01774915573706118,0.0179454959553915,0.0167281866017435,0.015746485510091886,0.017317207256734468,0.014254299850781435,0.015667949422759758,0.0008638969606534203,0.017474279431398728,0.016414042252414985,0.01790622791172544,0.010837980051833817,0.01782769182439331,0.017277939213068406,0.0,0.014489908112777821,0.015000392680436661,0.002316814576297809
rostralanteriorcingulate-lh,0.0,0.012959292575087666,0.018028662905930783,0.016923311480408598,0.017456929409971032,0.010367434060070133,0.017342582710779084,0.017609391675560297,0.017647507241957617,0.016504040250038116,0.01383595060222595,0.012501905778319866,0.017876200640341514,0.01749504497636835,0.017304467144381764,0.01757127610916298,0.017990547339533466,0.0,0.017761853941149566,0.016770849214819333,0.017647507241957617,0.017609391675560297,0.017799969507546882,0.017190120445189815,0.017761853941149566,0.015474919957310566,0.017876200640341514,0.017761853941149566,0.01749504497636835,0.013645372770239366,0.0,0.018028662905930783,0.016199115718859583,0.015817960054886417,0.017838085073944198,0.017456929409971032,0.01757127610916298,0.0,0.017761853941149566,0.013264217106266199,0.016885195914011282,0.016008537886873,0.01757127610916298,0.015208110992529349,0.01722823601158713,0.010748589724043299,0.016923311480408598,0.017456929409971032,0.016885195914011282,0.010710474157645982,0.017685622808354933,0.017304467144381764,0.017838085073944198,0.016732733648422017,0.01772373837475225,0.014102759567007166,0.016694618082024697,0.0006479646287543833,0.01749504497636835,0.015513035523707882,0.017609391675560297,0.0105198963256594,0.017533160542765665,0.01566549778929715,0.0,0.0153224576917213,0.016008537886873,0.0018295471870711998
rostralanteriorcingulate-rh,0.0,0.012965385987867253,0.017683676301494786,0.01689068633281789,0.017525078307759408,0.010308869592799651,0.01740612981245787,0.017247531818722493,0.01736648031402403,0.01641489235161175,0.014234169937750287,0.013203282978470322,0.017604377304627095,0.017564727806193253,0.017009634828119423,0.017326830815590184,0.017683676301494786,0.0,0.017564727806193253,0.0168113873359502,0.01740612981245787,0.01736648031402403,0.017762975298362477,0.017168232821854805,0.017564727806193253,0.01574085087823639,0.017604377304627095,0.017564727806193253,0.017326830815590184,0.013996272947147219,0.0,0.017525078307759408,0.016454541850045596,0.016335593354744063,0.017604377304627095,0.01736648031402403,0.017247531818722493,0.0,0.017604377304627095,0.01359977796280877,0.016930335831251735,0.016097696364140993,0.01740612981245787,0.015027159906427183,0.017287181317156338,0.011339756552079616,0.016613139843780975,0.01736648031402403,0.01712858332342096,0.011260457555211927,0.017485428809325562,0.01712858332342096,0.017525078307759408,0.01740612981245787,0.017604377304627095,0.01482891241425796,0.01673208833908251,0.0006343919749415169,0.017445779310891717,0.01597874786883946,0.01740612981245787,0.010863962570873478,0.017287181317156338,0.015621902382934856,0.0,0.015542603386067166,0.016058046865707148,0.0019428254232583958
rostralmiddlefrontal-lh,0.0,0.013265733999161361,0.017420805855220524,0.01650592764838181,0.01692524682651622,0.010139900125795753,0.016658407349521596,0.017230206228795793,0.01810696451034956,0.017115846452940953,0.013723173102580718,0.012541455418747379,0.017954484809209775,0.01768764533221515,0.017916364883924826,0.017840125033354935,0.017916364883924826,0.0,0.017916364883924826,0.016963366751801167,0.018183204360919452,0.018145084435634506,0.01780200510806999,0.01692524682651622,0.017420805855220524,0.014943010711699005,0.017954484809209775,0.01787824495863988,0.017115846452940953,0.013723173102580718,0.0,0.01780200510806999,0.0165821674989517,0.015781649067967828,0.017916364883924826,0.017649525406930204,0.017115846452940953,0.0,0.01757328555636031,0.01307513437273663,0.016963366751801167,0.015743529142682882,0.018145084435634506,0.015781649067967828,0.01738268592993558,0.010787938855639842,0.017497045705790415,0.016963366751801167,0.01669652727480654,0.01082605878092479,0.017954484809209775,0.017840125033354935,0.017001486677086113,0.0160866084702474,0.017611405481645255,0.014104372355430184,0.016010368619677504,0.0007242785804139824,0.017725765257500095,0.01585788891853772,0.017916364883924826,0.010597339229215111,0.01776388518278504,0.01639156787252697,0.0,0.01479053101055922,0.015362329889833416,0.0020584759653871076
rostralmiddlefrontal-rh,0.0,0.013250762715723327,0.016620372478484587,0.01703018988206366,0.016574837211420244,0.011292746231956651,0.016711443012613268,0.01703018988206366,0.01666590774554893,0.016483766677291564,0.016256090341969856,0.016256090341969856,0.016848048813806294,0.016848048813806294,0.017075725149127998,0.016893584080870633,0.01675697827967761,0.0,0.016939119347934975,0.017303401484449706,0.016802513546741952,0.01675697827967761,0.016848048813806294,0.016939119347934975,0.016939119347934975,0.016483766677291564,0.016848048813806294,0.016939119347934975,0.016210555074905514,0.013615044852238058,0.0,0.01675697827967761,0.01739447201857839,0.016939119347934975,0.016848048813806294,0.016939119347934975,0.016893584080870633,0.0,0.016893584080870633,0.014115932789945813,0.017303401484449706,0.016301625609034198,0.016802513546741952,0.01607394927371249,0.016984654614999317,0.01402486225581713,0.016574837211420244,0.016574837211420244,0.016939119347934975,0.013979326988752788,0.016848048813806294,0.016802513546741952,0.016574837211420244,0.016711443012613268,0.016711443012613268,0.017667683620964436,0.01616501980784117,0.000273211602386048,0.016848048813806294,0.01643823141022722,0.01703018988206366,0.012522198442693866,0.01712126041619234,0.01639269614316288,0.0,0.016529301944355902,0.016210555074905514,0.0015937343472519467
superiorfrontal-lh,0.0,0.012106161725904082,0.018198044389259663,0.017189197578767655,0.018198044389259663,0.011291323917429768,0.018081638988049046,0.01769362098401366,0.017150395778364115,0.01614154896787211,0.01365823374204563,0.012610585131150086,0.01742200838118889,0.017305602979978272,0.016762377774328728,0.017150395778364115,0.017577215582803042,0.0,0.017460810181592425,0.017033990377153498,0.01711159397796058,0.01707279217755704,0.017616017383206582,0.017499611981995965,0.017848828185627812,0.015986341766257954,0.01742200838118889,0.017499611981995965,0.017150395778364115,0.013891044544466864,0.0,0.01769362098401366,0.01606394536706503,0.015908738165450877,0.01742200838118889,0.01734440478038181,0.017810026385224276,0.0,0.017732422784417196,0.014085053546484557,0.017189197578767655,0.01707279217755704,0.01711159397796058,0.014550675151327021,0.01742200838118889,0.010864504112990843,0.016219152568679188,0.01792643178643489,0.017033990377153498,0.011097314915412075,0.017305602979978272,0.016878783175539345,0.01800403538724197,0.017189197578767655,0.01769362098401366,0.014123855346888096,0.018042837187645506,0.0005432252056495421,0.01742200838118889,0.015093900356976563,0.017033990377153498,0.010398882508148377,0.017189197578767655,0.015598323762222567,0.0,0.015986341766257954,0.01711159397796058,0.0017072792177557038
superiorfrontal-rh,0.10841602352076442,0.016538037486218304,0.004777655273796398,0.0018375597206909224,0.00404263138552003,0.0,0.0033076074972436605,0.003675119441381845,0.005880191106210952,0.006615214994487321,0.0025725836089672913,0.0011025358324145535,0.005145167217934583,0.005145167217934583,0.005880191106210952,0.005512679162072767,0.005145167217934583,0.029768467475192944,0.005145167217934583,0.00404263138552003,0.006247703050349137,0.006247703050349137,0.005512679162072767,0.0025725836089672913,0.003675119441381845,0.0003675119441381845,0.005145167217934583,0.005145167217934583,0.006982726938625505,0.014332965821389196,0.10694597574421169,0.004777655273796398,0.005512679162072767,0.003675119441381845,0.005145167217934583,0.004777655273796398,0.003675119441381845,0.11650128629180448,0.004410143329658214,0.0025725836089672913,0.0033076074972436605,0.0011025358324145535,0.005880191106210952,0.010290334435869165,0.004410143329658214,0.0,0.007717750826901874,0.003675119441381845,0.0033076074972436605,0.0,0.005512679162072767,0.005880191106210952,0.00404263138552003,0.003675119441381845,0.004777655273796398,0.000735023888276369,0.002940095553105476,0.16170525542080116,0.005145167217934583,0.006982726938625505,0.005512679162072767,0.009922822491730982,0.005145167217934583,0.007717750826901874,0.11172363101800808,0.000735023888276369,0.0011025358324145535,0.0782800441014333
superiorparietal-lh,0.0,0.01349584743155952,0.017302368501999385,0.016456474930790527,0.016802522300830514,0.010112273146724086,0.01653337434635497,0.017379267917563827,0.017956013534297138,0.016956321131959398,0.01391879421716395,0.012688403568132882,0.01791756382651492,0.01745616733312827,0.018225161488772686,0.0180713626576438,0.017802214703168256,0.0,0.0178791141187327,0.017225469086434943,0.0180713626576438,0.01803291294986158,0.01757151645647493,0.016879421716394956,0.017340818209781606,0.01484158720393725,0.01791756382651492,0.017840664410950478,0.016840972008612735,0.01353429713934174,0.0,0.017686865579821593,0.016917871424177177,0.015841279606274992,0.0178791141187327,0.01760996616425715,0.017071670255306058,0.0,0.01753306674869271,0.012842202399261765,0.0171485696708705,0.015610581359581667,0.017956013534297138,0.01607197785296832,0.017379267917563827,0.010996616425715165,0.017725315287603814,0.016840972008612735,0.016764072593048292,0.011111965549061827,0.0178791141187327,0.017763764995386035,0.016764072593048292,0.015841279606274992,0.01745616733312827,0.014264841587203937,0.015879729314057213,0.0007689941556444171,0.017648415872039372,0.01611042756075054,0.01799446324207936,0.01080436788680406,0.017956013534297138,0.01672562288526607,0.0,0.014764687788372808,0.015226084281759459,0.002114733928022147
superiorparietal-rh,0.0,0.015762733944157368,0.016718051152894178,0.015762733944157368,0.016370663076989884,0.009336054539927916,0.016153545529549698,0.016674627643406142,0.017456250814190805,0.017325980285726694,0.015067957792348778,0.014242911112076078,0.017282556776238654,0.017152286247774547,0.01776021538060706,0.017543097833166876,0.017195709757262582,0.0,0.01723913326675062,0.01680489817187025,0.017716791871119023,0.017673368361630987,0.017152286247774547,0.016327239567501844,0.016718051152894178,0.014503452169004298,0.017282556776238654,0.017195709757262582,0.017586521342654912,0.015371922358765035,0.0,0.017152286247774547,0.01723913326675062,0.01654435711494203,0.01723913326675062,0.01706543922879847,0.016457510095965956,0.0,0.016891745190846325,0.013070476355899084,0.01654435711494203,0.014937687263884667,0.017586521342654912,0.018064179947023317,0.016891745190846325,0.012419123713578532,0.01802075643753528,0.01641408658647792,0.016674627643406142,0.012332276694602459,0.017282556776238654,0.01749967432367884,0.01641408658647792,0.016196969039037733,0.016978592209822396,0.014937687263884667,0.01558903990620522,0.0010855877372009206,0.017108862738286507,0.01884580311780798,0.017586521342654912,0.012505970732554605,0.017325980285726694,0.017586521342654912,0.0,0.014503452169004298,0.01476399322593252,0.00286595162621043
superiortemporal-lh,0.0,0.01431238332296204,0.017112632233976355,0.016373677660236466,0.016607031736154326,0.009723086496577474,0.016334785314250155,0.017307093963907904,0.01800715619166148,0.017034847542003732,0.014273490976975731,0.012873366521468576,0.017812694461729933,0.01734598630989421,0.01820161792159303,0.01804604853764779,0.01773490976975731,0.0,0.01777380211574362,0.017034847542003732,0.01820161792159303,0.01816272557560672,0.017501555693839453,0.016684816428126945,0.017190416925948974,0.014817983820784069,0.017812694461729933,0.01777380211574362,0.01722930927193528,0.013767890479153702,0.0,0.01773490976975731,0.016995955196017425,0.015868077162414437,0.01777380211574362,0.017462663347853142,0.016957062850031113,0.0,0.017423771001866834,0.012640012445550715,0.017034847542003732,0.015401369010578718,0.01804604853764779,0.016762601120099564,0.017151524579962663,0.011162103298070939,0.018240510267579342,0.016645924082140634,0.016762601120099564,0.01112321095208463,0.01773490976975731,0.017618232731798383,0.016801493466085875,0.015868077162414437,0.017307093963907904,0.014234598630989422,0.015673615432482888,0.0008167392657125078,0.017423771001866834,0.016529247044181704,0.01804604853764779,0.01112321095208463,0.01785158680771624,0.016879278158058494,0.0,0.01458462974486621,0.01501244555071562,0.0022557560672059737
superiortemporal-rh,0.0002411672494875196,0.016821415651754493,0.01615820571566381,0.015856746653804415,0.016037622090920054,0.010490775352707102,0.016218497528035693,0.016700832027010733,0.016278789340407572,0.016037622090920054,0.01808754371156397,0.016580248402266972,0.016339081152779454,0.016339081152779454,0.016519956589895093,0.01664054021463885,0.016278789340407572,0.0001205836247437598,0.016339081152779454,0.016278789340407572,0.01645966477752321,0.016339081152779454,0.01615820571566381,0.016399372965151333,0.016580248402266972,0.015374412154829374,0.016339081152779454,0.016339081152779454,0.016399372965151333,0.012902447847582299,0.0002411672494875196,0.016700832027010733,0.016580248402266972,0.01645966477752321,0.016339081152779454,0.016097913903291933,0.01664054021463885,0.0005426263113469191,0.01645966477752321,0.0116966116001447,0.01645966477752321,0.015133244905341854,0.016218497528035693,0.016399372965151333,0.016037622090920054,0.016821415651754493,0.016580248402266972,0.016278789340407572,0.016821415651754493,0.016339081152779454,0.016278789340407572,0.016037622090920054,0.016037622090920054,0.015917038466176293,0.01615820571566381,0.015615579404316893,0.015555287591945013,0.0020499216206439166,0.016339081152779454,0.01706258290124201,0.016700832027010733,0.027071023754974076,0.01645966477752321,0.01664054021463885,0.0001205836247437598,0.015977330278548172,0.015736163029060654,0.0037380923670565537
supramarginal-lh,0.0,0.0141051899370097,0.017158094060362485,0.01650114000850176,0.016655717432468988,0.009970243845886309,0.016385206940526337,0.01738996019631333,0.01796962553619044,0.01692622792441164,0.014221123004985122,0.012829926189280055,0.017853692468215016,0.017312671484329713,0.01851064652007574,0.018008269892182245,0.017737759400239594,0.0,0.01781504811222321,0.01738996019631333,0.01808555860416586,0.018046914248174055,0.017505893264288752,0.016733006144452604,0.017235382772346097,0.014878077056845847,0.017853692468215016,0.01781504811222321,0.016848939212428023,0.013448235885148974,0.0,0.01766047068825598,0.017312671484329713,0.015844185956641034,0.01781504811222321,0.01762182633226417,0.017003516636395256,0.0,0.017467248908296942,0.012713993121304633,0.017235382772346097,0.015457742396722958,0.017930981180198632,0.01646249565250995,0.017312671484329713,0.01112957452564053,0.018008269892182245,0.016694361788460794,0.016617073076477182,0.011245507593615952,0.017776403756231404,0.017699115044247787,0.016655717432468988,0.0156896085326738,0.017312671484329713,0.014221123004985122,0.01572825288866561,0.0007728871198361479,0.017505893264288752,0.016191985160567298,0.017892336824206826,0.010936352745681494,0.018046914248174055,0.01692622792441164,0.0,0.014646210920895004,0.015071298836804884,0.0022027282915330214
supramarginal-rh,0.0,0.015207840486650895,0.01685535653937141,0.015883744508279823,0.01643291652585333,0.010180804325785739,0.01617945251774248,0.016939844542075026,0.017573504562352148,0.01770023656640757,0.014067252450152078,0.013475836431226766,0.017404528556944913,0.016982088543426834,0.017869212571814803,0.017615748563703956,0.017320040554241297,4.224400135180804e-05,0.01748901655964853,0.01706657654613045,0.017784724569111187,0.01774248056775938,0.017193308550185873,0.016559648529908752,0.01685535653937141,0.01423622845555931,0.017404528556944913,0.01744677255829672,0.016982088543426834,0.01512335248394728,0.0,0.017193308550185873,0.017362284555593105,0.01622169651909429,0.017362284555593105,0.01723555255153768,0.016686380533964176,0.0,0.01706657654613045,0.013180128421764109,0.016770868536667795,0.015292328489354511,0.017657992565055763,0.01829165258533288,0.01706657654613045,0.011701588374450829,0.01841838458938831,0.016559648529908752,0.01639067252450152,0.012081784386617101,0.017404528556944913,0.017573504562352148,0.016263940520446097,0.015461304494761744,0.01706657654613045,0.014362960459614734,0.01571476850287259,0.0012250760392024333,0.017320040554241297,0.01706657654613045,0.01748901655964853,0.011912808381209868,0.017573504562352148,0.018840824602906387,0.0,0.014574180466373775,0.014996620479891856,0.002999324095978371
temporalpole-lh,0.1890700749228735,0.00044072278536800354,0.0,0.0,0.0,0.003085059497576025,0.0,0.0,0.0,0.0,0.0,0.0,0.0,0.0,0.0,0.0,0.0,0.03922432789775231,0.0,0.0,0.0,0.0,0.0,0.0,0.0,0.0,0.0,0.0,0.0,0.00044072278536800354,0.1886293521375055,0.0,0.0,0.0,0.0,0.0,0.0,0.18334067871308946,0.0,0.0013221683561040105,0.0,0.0,0.0,0.0,0.0,0.0,0.0,0.0,0.0,0.0,0.0,0.0,0.0,0.0,0.0,0.0,0.0,0.12428382547377699,0.0,0.0,0.0,0.0,0.0,0.0,0.1974438078448656,0.0,0.0,0.07271925958572058
temporalpole-rh,0.0,0.012171393086317532,0.017263506520389153,0.017677499482508796,0.017429103705237012,0.012378389567377355,0.017677499482508796,0.017718898778720762,0.01676671496584558,0.01564893396812254,0.015483336783274685,0.014531152970399502,0.017097909335541294,0.01693231215069344,0.016601117780997723,0.017015110743117366,0.01713930863175326,0.0,0.01713930863175326,0.017222107224177188,0.016725315669633617,0.01668391637342165,0.016973711446905404,0.01788449596356862,0.017594700890084868,0.017097909335541294,0.017097909335541294,0.017180707927965225,0.016062926930242187,0.012378389567377355,0.0,0.017180707927965225,0.01626992341130201,0.01610432622645415,0.017097909335541294,0.016973711446905404,0.01788449596356862,0.0,0.017470503001448975,0.013620368453736287,0.017677499482508796,0.017594700890084868,0.016725315669633617,0.014282757193127717,0.017056510039329332,0.012833781825708964,0.015980128337818256,0.017470503001448975,0.01734630511281308,0.0133719726764645,0.01693231215069344,0.016435520596149864,0.017015110743117366,0.01668391637342165,0.017015110743117366,0.01544193748706272,0.017263506520389153,0.00024839577727178637,0.017097909335541294,0.014945145932519147,0.01684951355826951,0.01167460153177396,0.017015110743117366,0.01544193748706272,0.0,0.018132891740840405,0.01796729455599255,0.0013247774787828607
transversetemporal-lh,0.0,0.01166759266608461,0.017898245892531153,0.018017302960552425,0.017977617271212002,0.012342249384871815,0.01817604571791412,0.01766013175648861,0.016866417969680133,0.01579490435748869,0.01436621954123343,0.01333439161838241,0.017144217795063102,0.016985475037701404,0.016469561076275896,0.016866417969680133,0.017302960552424796,0.0,0.017183903484403525,0.017064846416382253,0.01682673228033971,0.016787046590999284,0.01734264624176522,0.017898245892531153,0.01773950313516946,0.017064846416382253,0.017144217795063102,0.017223589173743947,0.01670767521231844,0.013135963171680292,0.0,0.017302960552424796,0.01591396142550996,0.01587427573616954,0.017144217795063102,0.017064846416382253,0.017937931581871576,0.0,0.017501388999126916,0.014048734026510041,0.017501388999126916,0.018096674339233274,0.01682673228033971,0.014167791094531312,0.017183903484403525,0.01166759266608461,0.01591396142550996,0.017977617271212002,0.017104532105722676,0.012381935074212239,0.017025160727041827,0.016588618144297167,0.01773950313516946,0.017104532105722676,0.017382331931105645,0.014564647987935551,0.017898245892531153,0.00031748551472339075,0.017144217795063102,0.014683705055956823,0.01674736090165886,0.010794507500595286,0.016906103659020556,0.015358361774744027,0.0,0.017422017620446067,0.01837447416461624,0.0013493134375744107
transversetemporal-rh,0.04210791729702471,0.027483610690872417,0.010337871911245588,0.007312153303076148,0.009581442259203227,0.0,0.008825012607160867,0.009581442259203227,0.011850731215330307,0.012355017650025214,0.009329299041855773,0.007312153303076148,0.011094301563287948,0.011094301563287948,0.012355017650025214,0.0113464447806354,0.010842158345940494,0.02395360564800807,0.011094301563287948,0.010337871911245588,0.012102874432677761,0.012102874432677761,0.011598587997982855,0.00832072617246596,0.009581442259203227,0.005042864346949067,0.011094301563287948,0.011094301563287948,0.012102874432677761,0.01739788199697428,0.04084720121028744,0.01059001512859304,0.012607160867372668,0.009581442259203227,0.011094301563287948,0.010842158345940494,0.009329299041855773,0.049924357034795766,0.010337871911245588,0.005547150781643974,0.009581442259203227,0.005547150781643974,0.011850731215330307,0.01664145234493192,0.01059001512859304,0.006051437216338881,0.014120020171457387,0.009077155824508321,0.009329299041855773,0.009581442259203227,0.0113464447806354,0.011850731215330307,0.009077155824508321,0.009329299041855773,0.01059001512859304,0.006555723651033787,0.008068582955118508,0.056732223903177004,0.010842158345940494,0.012859304084720122,0.011598587997982855,0.012607160867372668,0.0113464447806354,0.014624306606152295,0.047655068078668684,0.005042864346949067,0.005547150781643974,0.10262228946041352
