,Fp1,Fz,F3,F7,FT9,FC5,FC1,C3,T7,TP9,CP5,CP1,Pz,P7,O1,Oz,O2,P4,CP6,CP2,Cz,C4,T8,FT10,FC6,FC2,F4,Fp2,AF7,AF3,AFz,F1,F5,FT7,FC3,C1,C5,TP7,CP3,P1,P5,PO7,PO3,POz,PO4,PO8,P6,P2,CPz,CP4,TP8,C6,C2,FC4,FT8,AF8,AF4,F2,FCz
Fp1,0.0625,0.004734848484848485,0.0,0.0,0.0,0.02462121212121212,0.0,0.02556818181818182,0.007575757575757576,0.035037878787878785,0.041666666666666664,0.002840909090909091,0.030303030303030304,0.0,0.04450757575757576,0.006628787878787879,0.03977272727272727,0.038825757575757576,0.0,0.041666666666666664,0.001893939393939394,0.003787878787878788,0.0,0.0,0.035037878787878785,0.0,0.01893939393939394,0.00946969696969697,0.0,0.03125,0.013257575757575758,0.03314393939393939,0.002840909090909091,0.022727272727272728,0.0,0.043560606060606064,0.0,0.003787878787878788,0.03314393939393939,0.054924242424242424,0.0,0.05303030303030303,0.004734848484848485,0.001893939393939394,0.0,0.05587121212121212,0.006628787878787879,0.0,0.0,0.0,0.0,0.0,0.03977272727272727,0.0,0.061553030303030304,0.04450757575757576,0.0,0.017992424242424244,0.0
Fz,0.002106741573033708,0.042134831460674156,0.04002808988764045,0.037921348314606744,0.016853932584269662,0.0,0.0049157303370786515,0.0,0.03581460674157303,0.0,0.0,0.023876404494382022,0.0,0.03089887640449438,0.0,0.033707865168539325,0.006320224719101123,0.0,0.011235955056179775,0.0007022471910112359,0.042134831460674156,0.02247191011235955,0.016151685393258428,0.02949438202247191,0.004213483146067416,0.016151685393258428,0.0049157303370786515,0.0,0.013342696629213483,0.008426966292134831,0.0,0.0,0.023174157303370788,0.0,0.03300561797752809,0.006320224719101123,0.03651685393258427,0.042837078651685394,0.0,0.0,0.03932584269662921,0.0,0.04353932584269663,0.042134831460674156,0.032303370786516857,0.0,0.02949438202247191,0.037219101123595506,0.0,0.038623595505617975,0.032303370786516857,0.011938202247191011,0.002106741573033708,0.03932584269662921,0.006320224719101123,0.004213483146067416,0.03581460674157303,0.0,0.019662921348314606
F3,0.0,0.03660220994475138,0.04350828729281768,0.04281767955801105,0.017265193370165747,0.0,0.004834254143646409,0.0,0.03038674033149171,0.0,0.0,0.020718232044198894,0.0,0.03729281767955801,0.0006906077348066298,0.029696132596685083,0.0027624309392265192,0.0,0.011049723756906077,0.0,0.04281767955801105,0.018646408839779006,0.018646408839779006,0.029696132596685083,0.0006906077348066298,0.017955801104972375,0.0013812154696132596,0.0,0.014502762430939226,0.004834254143646409,0.0,0.0,0.020027624309392266,0.0006906077348066298,0.03383977900552486,0.0027624309392265192,0.04212707182320442,0.03798342541436464,0.0,0.0,0.04488950276243094,0.0,0.03867403314917127,0.04143646408839779,0.03798342541436464,0.0,0.025552486187845305,0.04350828729281768,0.0,0.04005524861878453,0.03729281767955801,0.014502762430939226,0.0,0.04419889502762431,0.0027624309392265192,0.0006906077348066298,0.04212707182320442,0.0020718232044198894,0.020027624309392266
F7,0.0,0.03589375448671931,0.043072505384063174,0.043072505384063174,0.017946877243359655,0.0,0.005025125628140704,0.0,0.029432878679109833,0.0,0.0,0.020100502512562814,0.0,0.038765254845656856,0.0007178750897343862,0.028715003589375447,0.0014357501794687725,0.0,0.01148600143575018,0.0,0.04235463029432879,0.017946877243359655,0.019382627422828428,0.030868628858578606,0.0,0.01866475233309404,0.0,0.0,0.01507537688442211,0.003589375448671931,0.0,0.0,0.019382627422828428,0.0007178750897343862,0.035175879396984924,0.0014357501794687725,0.04379038047379756,0.03732950466618808,0.0,0.0,0.04450825556353195,0.0,0.03804737975592247,0.040918880114860015,0.03948312993539124,0.0,0.02512562814070352,0.04450825556353195,0.0,0.04020100502512563,0.038765254845656856,0.01507537688442211,0.0,0.04379038047379756,0.0014357501794687725,0.0,0.04379038047379756,0.0021536252692031586,0.0208183776022972
FT9,0.0,0.03089887640449438,0.0351123595505618,0.0351123595505618,0.033707865168539325,0.0,0.009831460674157303,0.0,0.025280898876404494,0.0,0.0,0.028089887640449437,0.0,0.0351123595505618,0.0,0.026685393258426966,0.0,0.0,0.02247191011235955,0.0,0.0351123595505618,0.023876404494382022,0.032303370786516857,0.033707865168539325,0.0,0.0351123595505618,0.0,0.0,0.02949438202247191,0.0,0.0,0.0,0.026685393258426966,0.0,0.0351123595505618,0.0,0.0351123595505618,0.032303370786516857,0.0,0.0,0.0351123595505618,0.0,0.032303370786516857,0.0351123595505618,0.0351123595505618,0.0,0.023876404494382022,0.0351123595505618,0.0,0.0351123595505618,0.0351123595505618,0.026685393258426966,0.0,0.0351123595505618,0.0,0.0,0.0351123595505618,0.0014044943820224719,0.033707865168539325
FC5,0.04462809917355372,0.0,0.0,0.0,0.0,0.04132231404958678,0.0,0.04297520661157025,0.003305785123966942,0.04297520661157025,0.04462809917355372,0.0,0.03966942148760331,0.0,0.04132231404958678,0.001652892561983471,0.03636363636363636,0.04462809917355372,0.0,0.04462809917355372,0.0,0.0,0.0,0.0,0.03636363636363636,0.0,0.023140495867768594,0.01652892561983471,0.0,0.023140495867768594,0.023140495867768594,0.04297520661157025,0.0,0.03140495867768595,0.0,0.04132231404958678,0.0,0.0,0.04132231404958678,0.04462809917355372,0.0,0.04462809917355372,0.0,0.0,0.0,0.04462809917355372,0.001652892561983471,0.0,0.0,0.0,0.0,0.0,0.04462809917355372,0.0,0.04462809917355372,0.04462809917355372,0.0,0.023140495867768594,0.0
FC1,0.0,0.03139013452914798,0.03139013452914798,0.03139013452914798,0.03139013452914798,0.0,0.026905829596412557,0.0,0.03139013452914798,0.0,0.0,0.03139013452914798,0.0,0.03139013452914798,0.0,0.03139013452914798,0.0,0.0,0.03139013452914798,0.0,0.03139013452914798,0.03139013452914798,0.03139013452914798,0.03139013452914798,0.0,0.03139013452914798,0.0,0.0,0.03139013452914798,0.0,0.0,0.0,0.03139013452914798,0.0,0.03139013452914798,0.0,0.03139013452914798,0.03139013452914798,0.0,0.0,0.03139013452914798,0.0,0.03139013452914798,0.03139013452914798,0.03139013452914798,0.0,0.03139013452914798,0.03139013452914798,0.0,0.03139013452914798,0.03139013452914798,0.03139013452914798,0.0,0.03139013452914798,0.0,0.0,0.03139013452914798,0.0,0.03139013452914798
C3,0.04501607717041801,0.001607717041800643,0.0,0.0,0.0,0.03697749196141479,0.0,0.04180064308681672,0.006430868167202572,0.04019292604501608,0.04501607717041801,0.0,0.03697749196141479,0.0,0.03858520900321544,0.00482315112540193,0.04019292604501608,0.04340836012861737,0.0,0.04501607717041801,0.0,0.0,0.0,0.0,0.04019292604501608,0.0,0.02572347266881029,0.01607717041800643,0.0,0.027331189710610933,0.022508038585209004,0.04019292604501608,0.0,0.027331189710610933,0.0,0.04501607717041801,0.0,0.0,0.03858520900321544,0.04180064308681672,0.0,0.04501607717041801,0.001607717041800643,0.0,0.0,0.04340836012861737,0.00482315112540193,0.0,0.0,0.0,0.0,0.0,0.04501607717041801,0.0,0.04501607717041801,0.04501607717041801,0.0,0.01929260450160772,0.0
T7,0.004618937644341801,0.042340261739799843,0.03695150115473441,0.03464203233256351,0.015396458814472672,0.0,0.005388760585065435,0.001539645881447267,0.042340261739799843,0.0,0.0023094688221709007,0.025404157043879907,0.0,0.026943802925327175,0.0,0.03926096997690531,0.009237875288683603,0.001539645881447267,0.012317167051578136,0.003079291762894534,0.04003079291762895,0.024634334103156273,0.01308698999230177,0.02848344880677444,0.006928406466512702,0.014626635873749037,0.007698229407236336,0.0,0.011547344110854504,0.011547344110854504,0.0,0.0,0.025404157043879907,0.0,0.029253271747498075,0.009237875288683603,0.033102386451116246,0.04003079291762895,0.0,0.0007698229407236335,0.036181678214010776,0.0023094688221709007,0.042340261739799843,0.03926096997690531,0.02848344880677444,0.001539645881447267,0.03464203233256351,0.03387220939183987,0.0,0.03541185527328714,0.02848344880677444,0.010007698229407237,0.004618937644341801,0.036181678214010776,0.009237875288683603,0.006928406466512702,0.03233256351039261,0.0,0.018475750577367205
TP9,0.04895960832313342,0.0,0.0,0.0,0.0,0.03182374541003672,0.0,0.03182374541003672,0.0024479804161566705,0.046511627906976744,0.04895960832313342,0.0,0.04039167686658507,0.0,0.046511627906976744,0.0012239902080783353,0.03549571603427173,0.04895960832313342,0.0,0.046511627906976744,0.0,0.0,0.0012239902080783353,0.0,0.03549571603427173,0.0,0.017135862913096694,0.012239902080783354,0.0,0.025703794369645042,0.017135862913096694,0.044063647490820076,0.0,0.030599755201958383,0.0,0.03916768665850673,0.0,0.0,0.044063647490820076,0.04895960832313342,0.0,0.04895960832313342,0.0,0.0,0.0,0.04895960832313342,0.0012239902080783353,0.0,0.0,0.0,0.0,0.0012239902080783353,0.042839657282741736,0.0,0.044063647490820076,0.042839657282741736,0.0,0.02447980416156671,0.0
CP5,0.051054384017758046,0.0022197558268590455,0.0,0.0,0.0,0.02885682574916759,0.0,0.029966703662597113,0.005549389567147614,0.041065482796892344,0.048834628190899,0.0,0.03551609322974473,0.0,0.041065482796892344,0.004439511653718091,0.03995560488346282,0.04550499445061043,0.0,0.048834628190899,0.0,0.0011098779134295228,0.0,0.0,0.03773584905660377,0.0,0.018867924528301886,0.011098779134295227,0.0,0.03107658157602664,0.01553829078801332,0.038845726970033294,0.0,0.026637069922308545,0.0,0.04328523862375139,0.0,0.0011098779134295228,0.038845726970033294,0.04772475027746948,0.0,0.049944506104328525,0.0022197558268590455,0.0,0.0,0.048834628190899,0.004439511653718091,0.0,0.0,0.0,0.0,0.0,0.04439511653718091,0.0,0.04772475027746948,0.04661487236403995,0.0,0.021087680355160933,0.0
CP1,0.0010834236186348862,0.03683640303358613,0.03466955579631636,0.032502708559046585,0.023835319609967497,0.0,0.007583965330444204,0.0,0.03358613217768147,0.0,0.0,0.035752979414951244,0.0,0.027085590465872156,0.0,0.03466955579631636,0.007583965330444204,0.0,0.01733477789815818,0.0,0.03683640303358613,0.032502708559046585,0.020585048754062838,0.0314192849404117,0.004333694474539545,0.02275189599133261,0.005417118093174431,0.0,0.018418201516793065,0.010834236186348862,0.0,0.0,0.03466955579631636,0.0,0.030335861321776816,0.007583965330444204,0.0314192849404117,0.03683640303358613,0.0,0.0,0.03358613217768147,0.0,0.03683640303358613,0.03683640303358613,0.028169014084507043,0.0,0.032502708559046585,0.0314192849404117,0.0,0.03466955579631636,0.028169014084507043,0.016251354279523293,0.0010834236186348862,0.03358613217768147,0.007583965330444204,0.004333694474539545,0.030335861321776816,0.0,0.028169014084507043
Pz,0.04654255319148936,0.0,0.0,0.0,0.0,0.03324468085106383,0.0,0.031914893617021274,0.0,0.047872340425531915,0.04654255319148936,0.0,0.04654255319148936,0.0,0.04920212765957447,0.0,0.031914893617021274,0.04654255319148936,0.0,0.043882978723404256,0.0,0.0,0.003989361702127659,0.0,0.031914893617021274,0.0,0.015957446808510637,0.013297872340425532,0.0,0.02127659574468085,0.018617021276595744,0.047872340425531915,0.0,0.03590425531914894,0.0,0.03590425531914894,0.0,0.0,0.04920212765957447,0.04920212765957447,0.0,0.04920212765957447,0.0,0.0,0.0,0.04920212765957447,0.0,0.0,0.0,0.0,0.0,0.003989361702127659,0.0398936170212766,0.0,0.041223404255319146,0.0398936170212766,0.0,0.02925531914893617,0.0
P7,0.0,0.03292181069958848,0.0411522633744856,0.0411522633744856,0.0205761316872428,0.0,0.005761316872427984,0.0,0.02551440329218107,0.0,0.0,0.018930041152263374,0.0016460905349794238,0.044444444444444446,0.0032921810699588477,0.024691358024691357,0.0,0.0,0.01316872427983539,0.0,0.040329218106995884,0.01646090534979424,0.024691358024691357,0.031275720164609055,0.0,0.02139917695473251,0.0,0.0,0.01728395061728395,0.0,0.0,0.0,0.01810699588477366,0.0032921810699588477,0.03621399176954732,0.0,0.04197530864197531,0.0345679012345679,0.0016460905349794238,0.0024691358024691358,0.043621399176954734,0.0008230452674897119,0.03539094650205761,0.03868312757201646,0.04279835390946502,0.0016460905349794238,0.0205761316872428,0.04279835390946502,0.0,0.03786008230452675,0.0411522633744856,0.019753086419753086,0.0,0.04197530864197531,0.0,0.0,0.04279835390946502,0.0049382716049382715,0.022222222222222223
O1,0.055201698513800426,0.0,0.0,0.0,0.0,0.027600849256900213,0.0,0.02653927813163482,0.0010615711252653928,0.041401273885350316,0.04246284501061571,0.0,0.03821656050955414,0.0021231422505307855,0.06369426751592357,0.0,0.03078556263269639,0.04246284501061571,0.0,0.040339702760084924,0.0,0.0,0.005307855626326964,0.0,0.03078556263269639,0.0,0.013800424628450107,0.010615711252653927,0.0,0.022292993630573247,0.014861995753715499,0.03927813163481953,0.0,0.03078556263269639,0.0,0.03397027600849257,0.0,0.0,0.041401273885350316,0.06687898089171974,0.0,0.058386411889596604,0.0,0.0,0.0010615711252653928,0.06475583864118896,0.0,0.0,0.0,0.0,0.0,0.005307855626326964,0.037154989384288746,0.0,0.04883227176220807,0.037154989384288746,0.0,0.025477707006369428,0.0
Oz,0.004038772213247173,0.04038772213247173,0.036348949919224556,0.034733441033925685,0.016962843295638127,0.0,0.005654281098546042,0.0008077544426494346,0.0395799676898223,0.0,0.0016155088852988692,0.027463651050080775,0.0,0.027463651050080775,0.0,0.0395799676898223,0.008885298869143781,0.0008077544426494346,0.012924071082390954,0.0024232633279483036,0.03796445880452343,0.025848142164781908,0.014539579967689823,0.029079159935379646,0.006462035541195477,0.01615508885298869,0.007269789983844911,0.0,0.012924071082390954,0.011308562197092083,0.0,0.0,0.02665589660743134,0.0,0.02988691437802908,0.008885298869143781,0.033925686591276254,0.0395799676898223,0.0,0.0,0.035541195476575124,0.0016155088852988692,0.04038772213247173,0.03796445880452343,0.029079159935379646,0.0008077544426494346,0.035541195476575124,0.033925686591276254,0.0,0.036348949919224556,0.029079159935379646,0.011308562197092083,0.004038772213247173,0.035541195476575124,0.008885298869143781,0.006462035541195477,0.033117932148626815,0.0,0.020193861066235864
O2,0.04381161007667032,0.012048192771084338,0.0065717415115005475,0.004381161007667032,0.0,0.0208105147864184,0.0,0.024096385542168676,0.01533406352683461,0.028477546549835708,0.03614457831325301,0.009857612267250822,0.023001095290251915,0.0,0.028477546549835708,0.014238773274917854,0.050383351588170866,0.03285870755750274,0.0,0.03723986856516977,0.008762322015334063,0.01095290251916758,0.0,0.0032858707557502738,0.0416210295728368,0.0,0.025191675794085433,0.01095290251916758,0.0,0.04271631982475356,0.013143483023001095,0.02628696604600219,0.009857612267250822,0.014238773274917854,0.002190580503833516,0.05147864184008762,0.0032858707557502738,0.01095290251916758,0.02628696604600219,0.03504928806133625,0.00547645125958379,0.03723986856516977,0.012048192771084338,0.008762322015334063,0.0,0.03614457831325301,0.014238773274917854,0.0032858707557502738,0.0,0.0065717415115005475,0.0,0.0,0.038335158817086525,0.00547645125958379,0.05147864184008762,0.04600219058050383,0.002190580503833516,0.008762322015334063,0.0
P4,0.04976851851851852,0.0011574074074074073,0.0,0.0,0.0,0.03009259259259259,0.0,0.03125,0.004629629629629629,0.04282407407407408,0.04976851851851852,0.0,0.037037037037037035,0.0,0.04282407407407408,0.003472222222222222,0.03819444444444445,0.047453703703703706,0.0,0.04861111111111111,0.0,0.0,0.0,0.0,0.03819444444444445,0.0,0.018518518518518517,0.011574074074074073,0.0,0.028935185185185185,0.016203703703703703,0.04050925925925926,0.0,0.027777777777777776,0.0,0.041666666666666664,0.0,0.0,0.04050925925925926,0.047453703703703706,0.0,0.04976851851851852,0.0011574074074074073,0.0,0.0,0.04861111111111111,0.003472222222222222,0.0,0.0,0.0,0.0,0.0,0.04513888888888889,0.0,0.046296296296296294,0.04513888888888889,0.0,0.02199074074074074,0.0
CP6,0.0,0.032388663967611336,0.032388663967611336,0.032388663967611336,0.032388663967611336,0.0,0.01417004048582996,0.0,0.032388663967611336,0.0,0.0,0.032388663967611336,0.0,0.032388663967611336,0.0,0.032388663967611336,0.0,0.0,0.030364372469635626,0.0,0.032388663967611336,0.030364372469635626,0.032388663967611336,0.032388663967611336,0.0,0.032388663967611336,0.0,0.0,0.02834008097165992,0.0,0.0,0.0,0.032388663967611336,0.0,0.032388663967611336,0.0,0.032388663967611336,0.032388663967611336,0.0,0.0,0.032388663967611336,0.0,0.032388663967611336,0.032388663967611336,0.032388663967611336,0.0,0.030364372469635626,0.032388663967611336,0.0,0.032388663967611336,0.032388663967611336,0.024291497975708502,0.0,0.032388663967611336,0.0,0.0,0.032388663967611336,0.0,0.032388663967611336
CP2,0.05044843049327354,0.0033632286995515697,0.0,0.0,0.0,0.02914798206278027,0.0,0.030269058295964126,0.006726457399103139,0.03923766816143498,0.04708520179372197,0.0011210762331838565,0.033632286995515695,0.0,0.03923766816143498,0.005605381165919282,0.04147982062780269,0.043721973094170405,0.0,0.04820627802690583,0.0,0.002242152466367713,0.0,0.0,0.03923766816143498,0.0,0.020179372197309416,0.011210762331838564,0.0,0.032511210762331835,0.01569506726457399,0.03699551569506727,0.0011210762331838565,0.02466367713004484,0.0,0.04484304932735426,0.0,0.002242152466367713,0.03699551569506727,0.04596412556053812,0.0,0.04820627802690583,0.0033632286995515697,0.0,0.0,0.04708520179372197,0.005605381165919282,0.0,0.0,0.0,0.0,0.0,0.04596412556053812,0.0,0.04932735426008968,0.04820627802690583,0.0,0.01905829596412556,0.0
Cz,0.0,0.038280725319006045,0.04365345869711216,0.041638683680322364,0.0167897918065816,0.0,0.0047011417058428475,0.0,0.03223640026863667,0.0,0.0,0.021490933512424447,0.0,0.035594358629952985,0.0,0.03022162525184688,0.004029550033579583,0.0,0.010745466756212223,0.0,0.04432505036937542,0.019476158495634655,0.017461383478844864,0.02887844190732035,0.0020147750167897917,0.017461383478844864,0.002686366689053056,0.0,0.014103425117528543,0.006044325050369375,0.0,0.0,0.020819341840161182,0.0,0.03290799194089993,0.004029550033579583,0.040295500335795834,0.03895231699126931,0.0,0.0,0.04432505036937542,0.0,0.040295500335795834,0.042981867024848894,0.03626595030221625,0.0,0.026192075218267292,0.041638683680322364,0.0,0.039623908663532575,0.035594358629952985,0.013431833445265278,0.0,0.04365345869711216,0.004029550033579583,0.0020147750167897917,0.040295500335795834,0.001343183344526528,0.019476158495634655
C4,0.0023121387283236996,0.03699421965317919,0.03352601156069364,0.03121387283236994,0.021965317919075144,0.0,0.008092485549132947,0.0,0.03699421965317919,0.0,0.0,0.03699421965317919,0.0,0.025433526011560695,0.0,0.03699421965317919,0.009248554913294798,0.0,0.018497109826589597,0.0,0.035838150289017344,0.035838150289017344,0.018497109826589597,0.03005780346820809,0.005780346820809248,0.020809248554913295,0.006936416184971098,0.0,0.016184971098265895,0.012716763005780347,0.0,0.0,0.03699421965317919,0.0,0.028901734104046242,0.009248554913294798,0.03005780346820809,0.03699421965317919,0.0,0.0,0.03236994219653179,0.0,0.03699421965317919,0.035838150289017344,0.026589595375722544,0.0,0.035838150289017344,0.03005780346820809,0.0,0.03352601156069364,0.026589595375722544,0.013872832369942197,0.0023121387283236996,0.03236994219653179,0.009248554913294798,0.005780346820809248,0.028901734104046242,0.0,0.026589595375722544
T8,0.0026560424966799467,0.025232403718459494,0.033200531208499334,0.033200531208499334,0.027888446215139442,0.0,0.009296148738379814,0.0,0.0199203187250996,0.00398406374501992,0.0026560424966799467,0.02257636122177955,0.006640106241699867,0.03718459495351926,0.009296148738379814,0.021248339973439574,0.0,0.0026560424966799467,0.01859229747675963,0.0,0.03187250996015936,0.01859229747675963,0.0398406374501992,0.027888446215139442,0.0,0.03054448871181939,0.0,0.0,0.027888446215139442,0.0,0.0,0.00398406374501992,0.021248339973439574,0.009296148738379814,0.03054448871181939,0.0,0.034528552456839307,0.027888446215139442,0.006640106241699867,0.00796812749003984,0.034528552456839307,0.005312084993359893,0.029216467463479414,0.03187250996015936,0.035856573705179286,0.006640106241699867,0.01859229747675963,0.034528552456839307,0.0,0.03187250996015936,0.034528552456839307,0.034528552456839307,0.0,0.033200531208499334,0.0,0.0,0.034528552456839307,0.01195219123505976,0.027888446215139442
FT10,0.0,0.03636363636363636,0.03909090909090909,0.03909090909090909,0.022727272727272728,0.0,0.006363636363636364,0.0,0.03,0.0,0.0,0.024545454545454544,0.0,0.03636363636363636,0.0,0.02909090909090909,0.0009090909090909091,0.0,0.014545454545454545,0.0,0.03909090909090909,0.02181818181818182,0.02090909090909091,0.03727272727272727,0.0,0.022727272727272728,0.0,0.0,0.019090909090909092,0.0036363636363636364,0.0,0.0,0.023636363636363636,0.0,0.03909090909090909,0.0009090909090909091,0.03909090909090909,0.03727272727272727,0.0,0.0,0.03909090909090909,0.0,0.03727272727272727,0.03909090909090909,0.03727272727272727,0.0,0.024545454545454544,0.03909090909090909,0.0,0.03909090909090909,0.03727272727272727,0.017272727272727273,0.0,0.03909090909090909,0.0009090909090909091,0.0,0.03909090909090909,0.0009090909090909091,0.026363636363636363
FC6,0.04411764705882353,0.00980392156862745,0.003676470588235294,0.0012254901960784314,0.0,0.023284313725490197,0.0,0.02696078431372549,0.013480392156862746,0.031862745098039214,0.04044117647058824,0.007352941176470588,0.025735294117647058,0.0,0.031862745098039214,0.012254901960784314,0.049019607843137254,0.03676470588235294,0.0,0.041666666666666664,0.006127450980392157,0.00857843137254902,0.0,0.0,0.04656862745098039,0.0,0.028186274509803922,0.012254901960784314,0.0,0.04044117647058824,0.014705882352941176,0.029411764705882353,0.007352941176470588,0.015931372549019607,0.0,0.049019607843137254,0.0,0.00857843137254902,0.029411764705882353,0.03799019607843137,0.0024509803921568627,0.04044117647058824,0.00980392156862745,0.006127450980392157,0.0,0.0392156862745098,0.012254901960784314,0.0,0.0,0.003676470588235294,0.0,0.0,0.0428921568627451,0.0024509803921568627,0.049019607843137254,0.04779411764705882,0.0,0.00980392156862745,0.0
FC2,0.0,0.029535864978902954,0.035161744022503515,0.035161744022503515,0.03234880450070324,0.0,0.009845288326300985,0.0,0.02390998593530239,0.0,0.0,0.026722925457102673,0.0,0.03656821378340366,0.0014064697609001407,0.02531645569620253,0.0,0.0,0.02250351617440225,0.0,0.03375527426160337,0.02250351617440225,0.035161744022503515,0.03234880450070324,0.0,0.035161744022503515,0.0,0.0,0.029535864978902954,0.0,0.0,0.0,0.02531645569620253,0.0014064697609001407,0.03375527426160337,0.0,0.03656821378340366,0.030942334739803096,0.0,0.0,0.03656821378340366,0.0,0.030942334739803096,0.03375527426160337,0.03656821378340366,0.0,0.02250351617440225,0.03656821378340366,0.0,0.03375527426160337,0.03656821378340366,0.029535864978902954,0.0,0.035161744022503515,0.0,0.0,0.03656821378340366,0.004219409282700422,0.03234880450070324
F4,0.03543307086614173,0.017716535433070866,0.007874015748031496,0.003937007874015748,0.0,0.023622047244094488,0.0,0.027559055118110236,0.023622047244094488,0.023622047244094488,0.02952755905511811,0.013779527559055118,0.01968503937007874,0.0,0.021653543307086614,0.021653543307086614,0.045275590551181105,0.027559055118110236,0.0,0.031496062992125984,0.011811023622047244,0.015748031496062992,0.0,0.001968503937007874,0.04133858267716536,0.0,0.04330708661417323,0.017716535433070866,0.0,0.045275590551181105,0.021653543307086614,0.023622047244094488,0.013779527559055118,0.015748031496062992,0.0,0.045275590551181105,0.001968503937007874,0.015748031496062992,0.021653543307086614,0.025590551181102362,0.005905511811023622,0.02952755905511811,0.017716535433070866,0.011811023622047244,0.0,0.027559055118110236,0.021653543307086614,0.001968503937007874,0.0,0.007874015748031496,0.0,0.0,0.03543307086614173,0.005905511811023622,0.045275590551181105,0.04133858267716536,0.0,0.011811023622047244,0.0
Fp2,0.039568345323741004,0.0,0.0,0.0,0.0,0.039568345323741004,0.0,0.039568345323741004,0.0,0.039568345323741004,0.039568345323741004,0.0,0.039568345323741004,0.0,0.039568345323741004,0.0,0.039568345323741004,0.039568345323741004,0.0,0.039568345323741004,0.0,0.0,0.0,0.0,0.039568345323741004,0.0,0.039568345323741004,0.03597122302158273,0.0,0.03597122302158273,0.039568345323741004,0.039568345323741004,0.0,0.03237410071942446,0.0,0.039568345323741004,0.0,0.0,0.039568345323741004,0.039568345323741004,0.0,0.039568345323741004,0.0,0.0,0.0,0.039568345323741004,0.0,0.0,0.0,0.0,0.0,0.0,0.039568345323741004,0.0,0.039568345323741004,0.039568345323741004,0.0,0.025179856115107913,0.0
AF7,0.0,0.029159519725557463,0.036020583190394515,0.036020583190394515,0.032590051457975985,0.0,0.012006861063464836,0.0,0.022298456260720412,0.0,0.0,0.025728987993138937,0.0,0.036020583190394515,0.0,0.024013722126929673,0.0,0.0,0.02058319039451115,0.0,0.03430531732418525,0.02058319039451115,0.036020583190394515,0.032590051457975985,0.0,0.036020583190394515,0.0,0.0,0.03430531732418525,0.0,0.0,0.0,0.024013722126929673,0.0,0.03430531732418525,0.0,0.036020583190394515,0.030874785591766724,0.0,0.0,0.036020583190394515,0.0,0.030874785591766724,0.03430531732418525,0.036020583190394515,0.0,0.02058319039451115,0.036020583190394515,0.0,0.03430531732418525,0.036020583190394515,0.03430531732418525,0.0,0.036020583190394515,0.0,0.0,0.036020583190394515,0.003430531732418525,0.032590051457975985
AF3,0.039190897597977246,0.017699115044247787,0.011378002528445006,0.008849557522123894,0.0,0.01390644753476612,0.0,0.01643489254108723,0.021491782553729456,0.021491782553729456,0.03034134007585335,0.015170670037926675,0.015170670037926675,0.0025284450063211127,0.021491782553729456,0.020227560050568902,0.04677623261694058,0.02654867256637168,0.0,0.0316055625790139,0.01390644753476612,0.01643489254108723,0.0,0.007585335018963337,0.03666245259165613,0.0,0.02654867256637168,0.010113780025284451,0.0,0.0493046776232617,0.012642225031605562,0.018963337547408345,0.015170670037926675,0.008849557522123894,0.006321112515802781,0.04677623261694058,0.007585335018963337,0.01643489254108723,0.018963337547408345,0.029077117572692796,0.010113780025284451,0.0316055625790139,0.017699115044247787,0.01390644753476612,0.0037926675094816687,0.03034134007585335,0.020227560050568902,0.007585335018963337,0.0,0.011378002528445006,0.0037926675094816687,0.0,0.03286978508217446,0.010113780025284451,0.04677623261694058,0.041719342604298354,0.006321112515802781,0.006321112515802781,0.0037926675094816687
AFz,0.04132231404958678,0.0,0.0,0.0,0.0,0.04132231404958678,0.0,0.04132231404958678,0.0027548209366391185,0.04132231404958678,0.04132231404958678,0.0,0.03581267217630854,0.0,0.03856749311294766,0.0,0.03856749311294766,0.04132231404958678,0.0,0.04132231404958678,0.0,0.0,0.0,0.0,0.03856749311294766,0.0,0.03581267217630854,0.027548209366391185,0.0,0.03305785123966942,0.03581267217630854,0.04132231404958678,0.0,0.030303030303030304,0.0,0.04132231404958678,0.0,0.0,0.03856749311294766,0.04132231404958678,0.0,0.04132231404958678,0.0,0.0,0.0,0.04132231404958678,0.0,0.0,0.0,0.0,0.0,0.0,0.04132231404958678,0.0,0.04132231404958678,0.04132231404958678,0.0,0.024793388429752067,0.0
F1,0.04834605597964377,0.0,0.0,0.0,0.0,0.03307888040712468,0.0,0.03307888040712468,0.002544529262086514,0.047073791348600506,0.04834605597964377,0.0,0.04198473282442748,0.0,0.04580152671755725,0.001272264631043257,0.03435114503816794,0.04834605597964377,0.0,0.04580152671755725,0.0,0.0,0.001272264631043257,0.0,0.03435114503816794,0.0,0.017811704834605598,0.01272264631043257,0.0,0.024173027989821884,0.017811704834605598,0.04580152671755725,0.0,0.031806615776081425,0.0,0.03816793893129771,0.0,0.0,0.04580152671755725,0.04834605597964377,0.0,0.04834605597964377,0.0,0.0,0.0,0.04834605597964377,0.001272264631043257,0.0,0.0,0.0,0.0,0.001272264631043257,0.04198473282442748,0.0,0.043256997455470736,0.04198473282442748,0.0,0.02544529262086514,0.0
F5,0.0011123470522803114,0.03670745272525028,0.034482758620689655,0.03225806451612903,0.02335928809788654,0.0,0.00778642936596218,0.0,0.034482758620689655,0.0,0.0,0.03670745272525028,0.0,0.026696329254727477,0.0,0.035595105672969966,0.00778642936596218,0.0,0.017797552836484983,0.0,0.03670745272525028,0.03337041156840934,0.020022246941045607,0.03114571746384872,0.004449388209121246,0.02224694104560623,0.0055617352614015575,0.0,0.017797552836484983,0.011123470522803115,0.0,0.0,0.035595105672969966,0.0,0.030033370411568408,0.00778642936596218,0.03114571746384872,0.03670745272525028,0.0,0.0,0.03337041156840934,0.0,0.03670745272525028,0.03670745272525028,0.027808676307007785,0.0,0.03337041156840934,0.03114571746384872,0.0,0.034482758620689655,0.027808676307007785,0.01557285873192436,0.0011123470522803114,0.03337041156840934,0.00778642936596218,0.004449388209121246,0.030033370411568408,0.0,0.027808676307007785
FT7,0.04426229508196721,0.0,0.0,0.0,0.0,0.036065573770491806,0.0,0.03278688524590164,0.0,0.04590163934426229,0.04426229508196721,0.0,0.04918032786885246,0.003278688524590164,0.05081967213114754,0.0,0.02622950819672131,0.04426229508196721,0.0,0.040983606557377046,0.0,0.0,0.00819672131147541,0.0,0.02622950819672131,0.0,0.01639344262295082,0.01639344262295082,0.0,0.014754098360655738,0.019672131147540985,0.04590163934426229,0.0,0.047540983606557376,0.0,0.03114754098360656,0.0,0.0,0.04918032786885246,0.05081967213114754,0.0,0.047540983606557376,0.0,0.0,0.001639344262295082,0.04918032786885246,0.0,0.0,0.0,0.0,0.0,0.00819672131147541,0.036065573770491806,0.0,0.03770491803278689,0.036065573770491806,0.0,0.03934426229508197,0.0
FC3,0.0,0.03595317725752508,0.04096989966555184,0.04096989966555184,0.020903010033444816,0.0,0.005852842809364548,0.0,0.028428093645484948,0.0,0.0,0.021739130434782608,0.0,0.039297658862876256,0.0,0.027591973244147156,0.0,0.0,0.013377926421404682,0.0,0.04013377926421405,0.019230769230769232,0.021739130434782608,0.034280936454849496,0.0,0.021739130434782608,0.0,0.0,0.017558528428093644,0.002508361204013378,0.0,0.0,0.020903010033444816,0.0,0.039297658862876256,0.0,0.04096989966555184,0.03762541806020067,0.0,0.0,0.04096989966555184,0.0,0.038461538461538464,0.04013377926421405,0.04013377926421405,0.0,0.023411371237458192,0.04096989966555184,0.0,0.04013377926421405,0.04013377926421405,0.016722408026755852,0.0,0.04096989966555184,0.0,0.0,0.04096989966555184,0.0016722408026755853,0.024247491638795988
C1,0.04387755102040816,0.011224489795918367,0.006122448979591836,0.004081632653061225,0.0,0.022448979591836733,0.0,0.025510204081632654,0.014285714285714285,0.02959183673469388,0.036734693877551024,0.009183673469387756,0.024489795918367346,0.0,0.02959183673469388,0.013265306122448979,0.04795918367346939,0.0336734693877551,0.0,0.03775510204081633,0.00816326530612245,0.01020408163265306,0.0,0.003061224489795918,0.03979591836734694,0.0,0.02346938775510204,0.01020408163265306,0.0,0.03979591836734694,0.014285714285714285,0.027551020408163266,0.009183673469387756,0.0163265306122449,0.0020408163265306124,0.05204081632653061,0.003061224489795918,0.01020408163265306,0.027551020408163266,0.03571428571428571,0.00510204081632653,0.03775510204081633,0.011224489795918367,0.00816326530612245,0.0,0.036734693877551024,0.013265306122448979,0.003061224489795918,0.0,0.006122448979591836,0.0,0.0,0.03877551020408163,0.00510204081632653,0.053061224489795916,0.04591836734693878,0.0020408163265306124,0.011224489795918367,0.0
C5,0.0,0.03524229074889868,0.042584434654919234,0.042584434654919234,0.018355359765051395,0.0,0.005139500734214391,0.0,0.028634361233480177,0.0,0.0,0.019823788546255508,0.0,0.04038179148311307,0.0014684287812041115,0.027900146842878122,0.0007342143906020558,0.0,0.011747430249632892,0.0,0.04185022026431718,0.01762114537444934,0.020558002936857563,0.030837004405286344,0.0,0.01908957415565345,0.0,0.0,0.015418502202643172,0.002936857562408223,0.0,0.0,0.01908957415565345,0.0014684287812041115,0.035976505139500736,0.0007342143906020558,0.04331864904552129,0.03671071953010279,0.0,0.0007342143906020558,0.04405286343612335,0.0,0.037444933920704845,0.04038179148311307,0.041116005873715125,0.0,0.024229074889867842,0.04405286343612335,0.0,0.039647577092511016,0.039647577092511016,0.016152716593245228,0.0,0.04331864904552129,0.0007342143906020558,0.0,0.04405286343612335,0.002936857562408223,0.021292217327459617
TP7,0.0014005602240896359,0.03991596638655462,0.04061624649859944,0.0392156862745098,0.01750700280112045,0.0,0.004901960784313725,0.0,0.03361344537815126,0.0,0.0,0.023809523809523808,0.0,0.03221288515406162,0.0,0.032913165266106444,0.0056022408963585435,0.0,0.011204481792717087,0.0,0.04201680672268908,0.021708683473389355,0.01680672268907563,0.03011204481792717,0.0035014005602240898,0.01680672268907563,0.004201680672268907,0.0,0.014005602240896359,0.007703081232492998,0.0,0.0,0.023109243697478993,0.0,0.03361344537815126,0.0056022408963585435,0.037815126050420166,0.04131652661064426,0.0,0.0,0.03991596638655462,0.0,0.04201680672268908,0.04201680672268908,0.03361344537815126,0.0,0.028711484593837534,0.03851540616246499,0.0,0.03991596638655462,0.03361344537815126,0.012605042016806723,0.0014005602240896359,0.03991596638655462,0.0056022408963585435,0.0035014005602240898,0.03711484593837535,0.0,0.02030812324929972
CP3,0.04720496894409938,0.0,0.0,0.0,0.0,0.03229813664596273,0.0,0.031055900621118012,0.0012422360248447205,0.0484472049689441,0.04720496894409938,0.0,0.043478260869565216,0.0,0.0484472049689441,0.0,0.03354037267080745,0.04720496894409938,0.0,0.04472049689440994,0.0,0.0,0.0037267080745341614,0.0,0.03354037267080745,0.0,0.016149068322981366,0.012422360248447204,0.0,0.02360248447204969,0.017391304347826087,0.04596273291925466,0.0,0.03354037267080745,0.0,0.037267080745341616,0.0,0.0,0.04720496894409938,0.049689440993788817,0.0,0.049689440993788817,0.0,0.0,0.0,0.049689440993788817,0.0,0.0,0.0,0.0,0.0,0.0037267080745341614,0.040993788819875775,0.0,0.0422360248447205,0.040993788819875775,0.0,0.02732919254658385,0.0
P1,0.06048780487804878,0.0,0.0,0.0,0.0,0.025365853658536587,0.0,0.026341463414634145,0.002926829268292683,0.03804878048780488,0.042926829268292686,0.0,0.0351219512195122,0.000975609756097561,0.05658536585365854,0.001951219512195122,0.03414634146341464,0.04097560975609756,0.0,0.04097560975609756,0.0,0.0,0.003902439024390244,0.0,0.03121951219512195,0.0,0.014634146341463415,0.00975609756097561,0.0,0.026341463414634145,0.013658536585365854,0.03609756097560975,0.0,0.027317073170731707,0.0,0.037073170731707315,0.0,0.0,0.03804878048780488,0.06731707317073171,0.0,0.05853658536585366,0.0,0.0,0.0,0.06829268292682927,0.001951219512195122,0.0,0.0,0.0,0.0,0.003902439024390244,0.037073170731707315,0.0,0.055609756097560976,0.04,0.0,0.0224390243902439,0.0
P5,0.0,0.036011080332409975,0.04293628808864266,0.04293628808864266,0.01731301939058172,0.0,0.004847645429362881,0.0,0.029778393351800554,0.0,0.0,0.02008310249307479,0.0,0.038088642659279776,0.0013850415512465374,0.029085872576177285,0.002077562326869806,0.0,0.0110803324099723,0.0,0.04293628808864266,0.018005540166204988,0.019390581717451522,0.029778393351800554,0.0,0.018005540166204988,0.0006925207756232687,0.0,0.014542936288088643,0.004155124653739612,0.0,0.0,0.019390581717451522,0.0013850415512465374,0.03393351800554017,0.002077562326869806,0.04224376731301939,0.037396121883656507,0.0,0.0006925207756232687,0.05055401662049862,0.0,0.038088642659279776,0.04085872576177285,0.038781163434903045,0.0,0.024930747922437674,0.04362880886426593,0.0,0.039473684210526314,0.037396121883656507,0.015235457063711912,0.0,0.04362880886426593,0.002077562326869806,0.0,0.04224376731301939,0.002770083102493075,0.02008310249307479
PO7,0.0605759682224429,0.0019860973187686196,0.0,0.0,0.0,0.025819265143992055,0.0,0.026812313803376366,0.004965243296921549,0.038728897715988087,0.044687189672293945,0.0,0.033763654419066536,0.0,0.04965243296921549,0.003972194637537239,0.036742800397219465,0.041708043694141016,0.0,0.04369414101290963,0.0,0.0009930486593843098,0.0019860973187686196,0.0,0.033763654419066536,0.0,0.016881827209533268,0.009930486593843098,0.0,0.028798411122144985,0.013902681231380337,0.036742800397219465,0.0,0.025819265143992055,0.0,0.039721946375372394,0.0,0.0009930486593843098,0.036742800397219465,0.05759682224428997,0.0,0.05858987090367428,0.0019860973187686196,0.0,0.0,0.05858987090367428,0.003972194637537239,0.0,0.0,0.0,0.0,0.0019860973187686196,0.039721946375372394,0.0,0.05461767626613704,0.04270109235352532,0.0,0.020854021847070508,0.0
PO3,0.0020325203252032522,0.041327913279132794,0.04065040650406504,0.03861788617886179,0.016937669376693765,0.0,0.0047425474254742545,0.0,0.03523035230352303,0.0,0.0,0.023035230352303523,0.0,0.03184281842818428,0.0,0.032520325203252036,0.006097560975609756,0.0,0.01084010840108401,0.0006775067750677507,0.04336043360433604,0.02168021680216802,0.016260162601626018,0.029132791327913278,0.0040650406504065045,0.016260162601626018,0.0047425474254742545,0.0,0.013550135501355014,0.008130081300813009,0.0,0.0,0.022357723577235773,0.0,0.032520325203252036,0.006097560975609756,0.03726287262872629,0.041327913279132794,0.0,0.0,0.03997289972899729,0.0,0.04336043360433604,0.042682926829268296,0.03319783197831978,0.0,0.028455284552845527,0.037940379403794036,0.0,0.03929539295392954,0.03319783197831978,0.012195121951219513,0.0020325203252032522,0.03997289972899729,0.006097560975609756,0.0040650406504065045,0.036585365853658534,0.0,0.01964769647696477
POz,0.0,0.03814713896457766,0.043596730245231606,0.04155313351498638,0.0170299727520436,0.0,0.004768392370572207,0.0,0.03201634877384196,0.0,0.0,0.021798365122615803,0.0,0.03474114441416894,0.0,0.030653950953678476,0.004087193460490463,0.0,0.010899182561307902,0.0,0.043596730245231606,0.019754768392370572,0.017711171662125342,0.029291553133514985,0.0020435967302452314,0.017711171662125342,0.0027247956403269754,0.0,0.01430517711171662,0.006130790190735695,0.0,0.0,0.02111716621253406,0.0,0.03337874659400545,0.004087193460490463,0.040190735694822885,0.039509536784741145,0.0,0.0,0.042915531335149866,0.0,0.040190735694822885,0.042915531335149866,0.036103542234332424,0.0,0.02656675749318801,0.04087193460490463,0.0,0.040190735694822885,0.036103542234332424,0.013623978201634877,0.0,0.042915531335149866,0.004087193460490463,0.0020435967302452314,0.039509536784741145,0.0013623978201634877,0.019754768392370572
PO4,0.0,0.0336,0.0416,0.0416,0.02,0.0,0.0056,0.0,0.0264,0.0,0.0,0.0192,0.0008,0.0448,0.0024,0.0256,0.0,0.0,0.0128,0.0,0.0408,0.0168,0.0232,0.0312,0.0,0.0208,0.0,0.0,0.0168,0.0008,0.0,0.0,0.0184,0.0024,0.0368,0.0,0.0424,0.0352,0.0008,0.0016,0.0432,0.0,0.036,0.0392,0.0432,0.0008,0.0216,0.0432,0.0,0.0384,0.0416,0.0184,0.0,0.0424,0.0,0.0,0.0432,0.004,0.0224
PO8,0.061224489795918366,0.0009718172983479105,0.0,0.0,0.0,0.025267249757045675,0.0,0.026239067055393587,0.003887269193391642,0.037900874635568516,0.043731778425655975,0.0,0.034013605442176874,0.0,0.05442176870748299,0.0029154518950437317,0.03498542274052478,0.04081632653061224,0.0,0.04178814382896016,0.0,0.0,0.0029154518950437317,0.0,0.03206997084548105,0.0,0.015549076773566569,0.009718172983479106,0.0,0.027210884353741496,0.013605442176870748,0.03595724003887269,0.0,0.026239067055393587,0.0,0.037900874635568516,0.0,0.0,0.0369290573372206,0.06511175898931001,0.0,0.05928085519922255,0.0009718172983479105,0.0,0.0,0.06608357628765792,0.0029154518950437317,0.0,0.0,0.0,0.0,0.0029154518950437317,0.037900874635568516,0.0,0.056365403304178816,0.04081632653061224,0.0,0.021379980563654033,0.0
P6,0.004500450045004501,0.039603960396039604,0.0351035103510351,0.0333033303330333,0.017101710171017102,0.0,0.0063006300630063005,0.0009000900090009,0.0405040504050405,0.0,0.0018001800180018,0.0288028802880288,0.0,0.026102610261026102,0.0,0.0405040504050405,0.009900990099009901,0.0009000900090009,0.0144014401440144,0.0027002700270027003,0.0369036903690369,0.0288028802880288,0.0144014401440144,0.0279027902790279,0.0072007200720072,0.016201620162016202,0.008100810081008101,0.0,0.012601260126012601,0.012601260126012601,0.0,0.0,0.0288028802880288,0.0,0.0288028802880288,0.009900990099009901,0.032403240324032405,0.0387038703870387,0.0,0.0,0.034203420342034205,0.0018001800180018,0.039603960396039604,0.0369036903690369,0.0279027902790279,0.0009000900090009,0.0387038703870387,0.032403240324032405,0.0,0.0351035103510351,0.0279027902790279,0.010801080108010801,0.004500450045004501,0.034203420342034205,0.009900990099009901,0.0072007200720072,0.0315031503150315,0.0,0.020702070207020702
P2,0.0,0.03553299492385787,0.04278462654097172,0.04278462654097172,0.018129079042784626,0.0,0.005076142131979695,0.0,0.029006526468455404,0.0,0.0,0.019579405366207395,0.0,0.03988397389412618,0.0014503263234227702,0.028281363306744016,0.0007251631617113851,0.0,0.011602610587382161,0.0,0.04205946337926034,0.01740391588107324,0.02030456852791878,0.030456852791878174,0.0,0.01885424220449601,0.0,0.0,0.015228426395939087,0.0029006526468455403,0.0,0.0,0.01885424220449601,0.0014503263234227702,0.03553299492385787,0.0007251631617113851,0.043509789702683106,0.03698332124728064,0.0,0.0007251631617113851,0.044960116026105876,0.0,0.03770848440899202,0.04060913705583756,0.04060913705583756,0.0,0.024655547498187092,0.04423495286439449,0.0,0.03988397389412618,0.03915881073241479,0.01595358955765047,0.0,0.043509789702683106,0.0007251631617113851,0.0,0.04423495286439449,0.0029006526468455403,0.02102973168963017
CPz,0.0,0.0,0.0,0.0,0.0,0.0,0.0,0.0,0.0,0.0,0.0,0.0,0.0,0.0,0.0,0.0,0.0,0.0,0.0,0.0,0.0,0.0,0.0,0.0,0.0,0.0,0.0,0.0,0.0,0.0,0.0,0.0,0.0,0.0,0.0,0.0,0.0,0.0,0.0,0.0,0.0,0.0,0.0,0.0,0.0,0.0,0.0,0.0,0.0,0.0,0.0,0.0,0.0,0.0,0.0,0.0,0.0,0.0,0.0
CP4,0.0,0.03690303907380608,0.0426917510853835,0.041968162083936326,0.01808972503617945,0.0,0.005065123010130246,0.0,0.030390738060781478,0.0,0.0,0.02170767004341534,0.0,0.0361794500723589,0.0,0.029667149059334298,0.002894356005788712,0.0,0.011577424023154847,0.0,0.041968162083936326,0.019536903039073805,0.01881331403762663,0.031114327062228653,0.000723589001447178,0.01881331403762663,0.001447178002894356,0.0,0.015195369030390739,0.005065123010130246,0.0,0.0,0.020984081041968163,0.0,0.03545586107091172,0.002894356005788712,0.04124457308248915,0.03835021707670044,0.0,0.0,0.0426917510853835,0.0,0.03907380607814761,0.041968162083936326,0.03762662807525326,0.0,0.02604920405209841,0.04124457308248915,0.0,0.04124457308248915,0.03762662807525326,0.01447178002894356,0.0,0.0426917510853835,0.002894356005788712,0.000723589001447178,0.04052098408104197,0.001447178002894356,0.020984081041968163
TP8,0.0,0.0340080971659919,0.042105263157894736,0.042105263157894736,0.020242914979757085,0.0,0.005668016194331984,0.0,0.026720647773279354,0.0,0.0,0.019433198380566803,0.0,0.0437246963562753,0.0016194331983805667,0.025910931174089068,0.0,0.0,0.012955465587044534,0.0,0.04129554655870445,0.01700404858299595,0.022672064777327937,0.031578947368421054,0.0,0.021052631578947368,0.0,0.0,0.01700404858299595,0.0008097165991902834,0.0,0.0,0.01862348178137652,0.0016194331983805667,0.03724696356275304,0.0,0.04291497975708502,0.03562753036437247,0.0,0.0008097165991902834,0.04291497975708502,0.0,0.03643724696356275,0.03967611336032389,0.0437246963562753,0.0,0.02186234817813765,0.04291497975708502,0.0,0.038866396761133605,0.042105263157894736,0.017813765182186234,0.0,0.042105263157894736,0.0,0.0,0.04291497975708502,0.0032388663967611335,0.022672064777327937
C6,0.0033222591362126247,0.024916943521594685,0.03156146179401993,0.03156146179401993,0.02823920265780731,0.0,0.011627906976744186,0.0,0.018272425249169437,0.0049833887043189366,0.0033222591362126247,0.02159468438538206,0.008305647840531562,0.036544850498338874,0.011627906976744186,0.019933554817275746,0.0,0.0033222591362126247,0.016611295681063124,0.0,0.029900332225913623,0.016611295681063124,0.04152823920265781,0.02823920265780731,0.0,0.03156146179401993,0.0,0.0,0.029900332225913623,0.0,0.0,0.0049833887043189366,0.019933554817275746,0.011627906976744186,0.029900332225913623,0.0,0.03322259136212625,0.026578073089700997,0.008305647840531562,0.009966777408637873,0.03322259136212625,0.006644518272425249,0.026578073089700997,0.029900332225913623,0.03488372093023256,0.008305647840531562,0.016611295681063124,0.03322259136212625,0.0,0.029900332225913623,0.03322259136212625,0.04152823920265781,0.0,0.03156146179401993,0.0,0.0,0.03322259136212625,0.014950166112956811,0.02823920265780731
C2,0.04805491990846682,0.005720823798627002,0.0,0.0,0.0,0.028604118993135013,0.0,0.030892448512585814,0.009153318077803204,0.036613272311212815,0.04462242562929062,0.003432494279176201,0.030892448512585814,0.0,0.036613272311212815,0.008009153318077803,0.043478260869565216,0.041189931350114416,0.0,0.04576659038901602,0.002288329519450801,0.004576659038901602,0.0,0.0,0.04233409610983982,0.0,0.02288329519450801,0.011441647597254004,0.0,0.034324942791762014,0.016018306636155607,0.034324942791762014,0.003432494279176201,0.021739130434782608,0.0,0.04691075514874142,0.0,0.004576659038901602,0.034324942791762014,0.04233409610983982,0.0,0.04462242562929062,0.005720823798627002,0.002288329519450801,0.0,0.043478260869565216,0.008009153318077803,0.0,0.0,0.0,0.0,0.0,0.04691075514874142,0.0,0.04919908466819222,0.04919908466819222,0.0,0.016018306636155607,0.0
FC4,0.0,0.036440084092501754,0.043447792571829014,0.043447792571829014,0.01751927119831815,0.0,0.004905395935529082,0.0,0.030133146461107218,0.0,0.0,0.020322354590049056,0.0,0.0378416257883672,0.000700770847932726,0.02943237561317449,0.002102312543798178,0.0,0.011212333566923615,0.0,0.042747021723896286,0.018220042046250877,0.0189208128941836,0.030133146461107218,0.0,0.018220042046250877,0.000700770847932726,0.0,0.014716187806587245,0.004204625087596356,0.0,0.0,0.019621583742116328,0.000700770847932726,0.03433777154870357,0.002102312543798178,0.042747021723896286,0.0378416257883672,0.0,0.0,0.04555010511562719,0.0,0.03854239663629993,0.04134548002803083,0.03854239663629993,0.0,0.025227750525578137,0.04414856341976174,0.0,0.039943938332165384,0.0378416257883672,0.014716187806587245,0.0,0.04414856341976174,0.002102312543798178,0.0,0.042747021723896286,0.002102312543798178,0.020322354590049056
FT8,0.05309734513274336,0.009734513274336283,0.005309734513274336,0.0035398230088495575,0.0,0.023008849557522124,0.0,0.023893805309734513,0.012389380530973451,0.02920353982300885,0.035398230088495575,0.007964601769911504,0.024778761061946902,0.0,0.036283185840707964,0.011504424778761062,0.0415929203539823,0.03274336283185841,0.0,0.036283185840707964,0.007079646017699115,0.008849557522123894,0.0,0.002654867256637168,0.034513274336283185,0.0,0.020353982300884955,0.008849557522123894,0.0,0.034513274336283185,0.012389380530973451,0.02743362831858407,0.007964601769911504,0.017699115044247787,0.0017699115044247787,0.04601769911504425,0.002654867256637168,0.008849557522123894,0.02743362831858407,0.04601769911504425,0.004424778761061947,0.04424778761061947,0.009734513274336283,0.007079646017699115,0.0,0.046902654867256637,0.011504424778761062,0.002654867256637168,0.0,0.005309734513274336,0.0,0.0,0.03716814159292035,0.004424778761061947,0.06637168141592921,0.04336283185840708,0.0017699115044247787,0.01327433628318584,0.0
AF8,0.04781704781704782,0.008316008316008316,0.0031185031185031187,0.0010395010395010396,0.0,0.02598752598752599,0.0,0.028066528066528068,0.011434511434511435,0.033264033264033266,0.04054054054054054,0.006237006237006237,0.028066528066528068,0.0,0.033264033264033266,0.010395010395010396,0.04677754677754678,0.037422037422037424,0.0,0.04158004158004158,0.005197505197505198,0.007276507276507277,0.0,0.0,0.04054054054054054,0.0,0.02390852390852391,0.010395010395010396,0.0,0.037422037422037424,0.014553014553014554,0.031185031185031187,0.006237006237006237,0.01975051975051975,0.0,0.0498960498960499,0.0,0.007276507276507277,0.031185031185031187,0.0395010395010395,0.002079002079002079,0.04158004158004158,0.008316008316008316,0.005197505197505198,0.0,0.04054054054054054,0.010395010395010396,0.0,0.0,0.0031185031185031187,0.0,0.0,0.04261954261954262,0.002079002079002079,0.05197505197505198,0.0498960498960499,0.0,0.014553014553014554,0.0
AF4,0.0,0.035127055306427506,0.042600896860986545,0.042600896860986545,0.01868460388639761,0.0,0.00523168908819133,0.0,0.028400597907324365,0.0,0.0,0.01943198804185351,0.0,0.04110612855007474,0.0014947683109118087,0.02765321375186846,0.0,0.0,0.01195814648729447,0.0,0.04185351270553064,0.0171898355754858,0.02092675635276532,0.030642750373692077,0.0,0.01943198804185351,0.0,0.0,0.01569506726457399,0.002242152466367713,0.0,0.0,0.01868460388639761,0.0014947683109118087,0.03587443946188341,0.0,0.043348281016442454,0.03662182361733931,0.0,0.0007473841554559044,0.04484304932735426,0.0,0.03736920777279522,0.04035874439461883,0.04185351270553064,0.0,0.02391629297458894,0.044095665171898356,0.0,0.03961136023916293,0.04035874439461883,0.016442451420029897,0.0,0.043348281016442454,0.0,0.0,0.044095665171898356,0.0029895366218236174,0.021674140508221227
F2,0.0419047619047619,0.0,0.0019047619047619048,0.0019047619047619048,0.0,0.03238095238095238,0.0,0.02857142857142857,0.0,0.04380952380952381,0.0419047619047619,0.0,0.047619047619047616,0.007619047619047619,0.05142857142857143,0.0,0.02095238095238095,0.0419047619047619,0.0,0.0380952380952381,0.0,0.0,0.013333333333333334,0.0,0.02095238095238095,0.0019047619047619048,0.015238095238095238,0.015238095238095238,0.0,0.013333333333333334,0.01904761904761905,0.04380952380952381,0.0,0.05142857142857143,0.0,0.02666666666666667,0.0038095238095238095,0.0,0.047619047619047616,0.049523809523809526,0.0038095238095238095,0.045714285714285714,0.0,0.0,0.005714285714285714,0.047619047619047616,0.0,0.0038095238095238095,0.0,0.0,0.0038095238095238095,0.013333333333333334,0.03238095238095238,0.0019047619047619048,0.03428571428571429,0.03238095238095238,0.0038095238095238095,0.049523809523809526,0.0
FCz,0.0,0.03194103194103194,0.03562653562653563,0.03562653562653563,0.030712530712530713,0.0,0.0085995085995086,0.0,0.02702702702702703,0.0,0.0,0.029484029484029485,0.0,0.03562653562653563,0.0,0.028255528255528257,0.0,0.0,0.019656019656019656,0.0,0.03562653562653563,0.025798525798525797,0.028255528255528257,0.0343980343980344,0.0,0.030712530712530713,0.0,0.0,0.025798525798525797,0.0012285012285012285,0.0,0.0,0.028255528255528257,0.0,0.03562653562653563,0.0,0.03562653562653563,0.033169533169533166,0.0,0.0,0.03562653562653563,0.0,0.033169533169533166,0.03562653562653563,0.03562653562653563,0.0,0.025798525798525797,0.03562653562653563,0.0,0.03562653562653563,0.03562653562653563,0.02334152334152334,0.0,0.03562653562653563,0.0,0.0,0.03562653562653563,0.0012285012285012285,0.0343980343980344
