,Fz,F3,F7,FT9,FC5,FC1,C3,T7,TP9,CP5,CP1,Pz,P3,P7,O1,Oz,O2,P4,P8,TP10,CP6,CP2,Cz,C4,T8,FT10,FC6,FC2,F4,F8,Fp2,AF7,AF3,AFz,F1,F5,FT7,FC3,C1,C5,TP7,CP3,P1,P5,PO7,PO3,POz,PO4,PO8,P6,P2,CPz,CP4,TP8,C6,C2,FC4,FT8,F6,AF4,F2,FCz
Fz,0.057034220532319393,0.0,0.02788339670468948,0.0,0.022813688212927757,0.053231939163498096,0.0,0.057034220532319393,0.0,0.0,0.029150823827629912,0.0,0.0,0.034220532319391636,0.0,0.03929024081115336,0.02788339670468948,0.0,0.0,0.0,0.030418250950570342,0.011406844106463879,0.045627376425855515,0.030418250950570342,0.015209125475285171,0.0,0.021546261089987327,0.0,0.0,0.024081115335868188,0.0,0.0,0.010139416983523447,0.0,0.046894803548795945,0.0025348542458808617,0.0,0.053231939163498096,0.0,0.0,0.022813688212927757,0.026615969581749048,0.031685678073510776,0.032953105196451206,0.0,0.059569074778200254,0.0,0.010139416983523447,0.0,0.0063371356147021544,0.0,0.048162230671736375,0.0063371356147021544,0.05576679340937896,0.0,0.0,0.0,0.022813688212927757,0.0,0.024081115335868188,0.0076045627376425855,0.005069708491761723
F3,0.0,0.0,0.0,0.0,0.0,0.0,0.0,0.0,0.0,0.0,0.0,0.0,0.0,0.0,0.0,0.0,0.0,0.0,0.0,0.0,0.0,0.0,0.0,0.0,0.0,0.0,0.0,0.0,0.0,0.0,0.0,0.0,0.0,0.0,0.0,0.0,0.0,0.0,0.0,0.0,0.0,0.0,0.0,0.0,0.0,0.0,0.0,0.0,0.0,0.0,0.0,0.0,0.0,0.0,0.0,0.0,0.0,0.0,0.0,0.0,0.0,0.0
F7,0.04119850187265917,0.0,0.03745318352059925,0.0,0.0299625468164794,0.04119850187265917,0.0,0.04119850187265917,0.0,0.0,0.03745318352059925,0.0,0.0,0.03932584269662921,0.0,0.03932584269662921,0.03745318352059925,0.0,0.0,0.0,0.035580524344569285,0.013108614232209739,0.03932584269662921,0.035580524344569285,0.020599250936329586,0.0,0.0299625468164794,0.0,0.0,0.028089887640449437,0.0,0.0,0.009363295880149813,0.0,0.04119850187265917,0.0,0.0,0.03932584269662921,0.0,0.0,0.031835205992509365,0.033707865168539325,0.03745318352059925,0.03932584269662921,0.0,0.04119850187265917,0.0,0.009363295880149813,0.0,0.00749063670411985,0.0,0.04119850187265917,0.009363295880149813,0.04119850187265917,0.0,0.0,0.0,0.0299625468164794,0.0,0.033707865168539325,0.0056179775280898875,0.0018726591760299626
FT9,0.0,0.0,0.0,0.05172413793103448,0.0,0.0,0.03735632183908046,0.0,0.05747126436781609,0.011494252873563218,0.0,0.05747126436781609,0.0603448275862069,0.0,0.0603448275862069,0.0,0.0,0.0,0.0,0.0603448275862069,0.0,0.0,0.0,0.0,0.0,0.0603448275862069,0.0,0.0,0.0,0.0,0.03735632183908046,0.034482758620689655,0.0,0.03735632183908046,0.0,0.008620689655172414,0.0603448275862069,0.0,0.05747126436781609,0.011494252873563218,0.0,0.0,0.0,0.0,0.0603448275862069,0.0,0.0,0.0,0.05747126436781609,0.0,0.0,0.0,0.0,0.0,0.03735632183908046,0.05747126436781609,0.034482758620689655,0.0,0.040229885057471264,0.0,0.0,0.008620689655172414
FC5,0.036885245901639344,0.0,0.036885245901639344,0.0,0.03278688524590164,0.036885245901639344,0.0,0.036885245901639344,0.0,0.0,0.036885245901639344,0.0,0.0,0.036885245901639344,0.0,0.036885245901639344,0.036885245901639344,0.0,0.0,0.0,0.036885245901639344,0.01639344262295082,0.036885245901639344,0.036885245901639344,0.02459016393442623,0.0,0.03278688524590164,0.0,0.0,0.030737704918032786,0.0,0.0,0.012295081967213115,0.0,0.036885245901639344,0.0,0.0,0.036885245901639344,0.0,0.0,0.03483606557377049,0.036885245901639344,0.036885245901639344,0.036885245901639344,0.0,0.036885245901639344,0.0,0.012295081967213115,0.0,0.010245901639344262,0.0,0.036885245901639344,0.010245901639344262,0.036885245901639344,0.0,0.0,0.0,0.03278688524590164,0.0,0.036885245901639344,0.00819672131147541,0.004098360655737705
FC1,0.05345501955671447,0.0,0.028683181225554105,0.0,0.02346805736636245,0.05215123859191656,0.0,0.05345501955671447,0.0,0.0,0.02998696219035202,0.0,0.0,0.035202086049543675,0.0,0.04041720990873533,0.028683181225554105,0.0,0.0,0.0,0.03129074315514994,0.011734028683181226,0.0469361147327249,0.03129074315514994,0.01564537157757497,0.0,0.02216427640156454,0.0,0.0,0.024771838331160364,0.0,0.0,0.010430247718383311,0.0,0.048239895697522815,0.002607561929595828,0.0,0.05084745762711865,0.0,0.0,0.02346805736636245,0.027379400260756193,0.03259452411994785,0.03389830508474576,0.0,0.054758800521512385,0.0,0.010430247718383311,0.0,0.00651890482398957,0.0,0.048239895697522815,0.00651890482398957,0.05345501955671447,0.0,0.0,0.0,0.02346805736636245,0.0,0.024771838331160364,0.007822685788787484,0.005215123859191656
C3,0.006329113924050633,0.0,0.0,0.04113924050632911,0.0,0.006329113924050633,0.04746835443037975,0.006329113924050633,0.04746835443037975,0.012658227848101266,0.0,0.04430379746835443,0.04430379746835443,0.0031645569620253164,0.04430379746835443,0.0031645569620253164,0.0,0.0,0.0,0.04430379746835443,0.006329113924050633,0.0,0.006329113924050633,0.006329113924050633,0.0,0.04430379746835443,0.0,0.0,0.0,0.006329113924050633,0.04113924050632911,0.0379746835443038,0.006329113924050633,0.04113924050632911,0.006329113924050633,0.0189873417721519,0.04430379746835443,0.00949367088607595,0.04430379746835443,0.012658227848101266,0.0,0.0,0.006329113924050633,0.0031645569620253164,0.04430379746835443,0.006329113924050633,0.0,0.006329113924050633,0.04430379746835443,0.0,0.0,0.006329113924050633,0.0,0.006329113924050633,0.04113924050632911,0.04430379746835443,0.0379746835443038,0.0,0.04430379746835443,0.0,0.006329113924050633,0.0189873417721519
T7,0.057034220532319393,0.0,0.02788339670468948,0.0,0.022813688212927757,0.053231939163498096,0.0,0.057034220532319393,0.0,0.0,0.029150823827629912,0.0,0.0,0.034220532319391636,0.0,0.03929024081115336,0.02788339670468948,0.0,0.0,0.0,0.030418250950570342,0.011406844106463879,0.045627376425855515,0.030418250950570342,0.015209125475285171,0.0,0.021546261089987327,0.0,0.0,0.024081115335868188,0.0,0.0,0.010139416983523447,0.0,0.046894803548795945,0.0025348542458808617,0.0,0.053231939163498096,0.0,0.0,0.022813688212927757,0.026615969581749048,0.031685678073510776,0.032953105196451206,0.0,0.059569074778200254,0.0,0.010139416983523447,0.0,0.0063371356147021544,0.0,0.048162230671736375,0.0063371356147021544,0.05576679340937896,0.0,0.0,0.0,0.022813688212927757,0.0,0.024081115335868188,0.0076045627376425855,0.005069708491761723
TP9,0.0024813895781637717,0.0,0.0,0.04466501240694789,0.0,0.0024813895781637717,0.03970223325062035,0.0024813895781637717,0.05707196029776675,0.009925558312655087,0.0,0.05459057071960298,0.05955334987593052,0.0,0.05955334987593052,0.0,0.0,0.0,0.0,0.05955334987593052,0.0024813895781637717,0.0,0.0024813895781637717,0.0024813895781637717,0.0,0.05955334987593052,0.0,0.0,0.0,0.0024813895781637717,0.03225806451612903,0.02977667493796526,0.0024813895781637717,0.034739454094292806,0.0024813895781637717,0.01240694789081886,0.05955334987593052,0.004962779156327543,0.05459057071960298,0.009925558312655087,0.0,0.0,0.0024813895781637717,0.0,0.05955334987593052,0.0024813895781637717,0.0,0.0024813895781637717,0.05459057071960298,0.0,0.0,0.0024813895781637717,0.0,0.0024813895781637717,0.03225806451612903,0.05459057071960298,0.02977667493796526,0.0,0.03722084367245657,0.0,0.0024813895781637717,0.01240694789081886
CP5,0.0,0.0,0.0,0.04716981132075472,0.0,0.0,0.04716981132075472,0.0,0.04716981132075472,0.03773584905660377,0.0,0.04716981132075472,0.04716981132075472,0.0,0.04716981132075472,0.0,0.0,0.0,0.0,0.04716981132075472,0.0,0.0,0.0,0.0,0.0,0.04716981132075472,0.0,0.0,0.0,0.0,0.04716981132075472,0.03773584905660377,0.0,0.04716981132075472,0.0,0.018867924528301886,0.04716981132075472,0.0,0.04716981132075472,0.03773584905660377,0.0,0.0,0.0,0.0,0.04716981132075472,0.0,0.0,0.0,0.04716981132075472,0.0,0.0,0.0,0.0,0.0,0.04716981132075472,0.04716981132075472,0.04716981132075472,0.0,0.04716981132075472,0.0,0.0,0.018867924528301886
CP1,0.04063604240282685,0.0,0.037102473498233215,0.0,0.030035335689045935,0.04063604240282685,0.0,0.04063604240282685,0.0,0.0,0.037102473498233215,0.0,0.0,0.038869257950530034,0.0,0.038869257950530034,0.037102473498233215,0.0,0.0,0.0,0.0353356890459364,0.014134275618374558,0.038869257950530034,0.0353356890459364,0.02120141342756184,0.0,0.030035335689045935,0.0,0.0,0.028268551236749116,0.0,0.0,0.01060070671378092,0.0,0.04063604240282685,0.0,0.0,0.038869257950530034,0.0,0.0,0.03180212014134275,0.03356890459363958,0.037102473498233215,0.038869257950530034,0.0,0.04063604240282685,0.0,0.01060070671378092,0.0,0.0088339222614841,0.0,0.04063604240282685,0.0088339222614841,0.04063604240282685,0.0,0.0,0.0,0.030035335689045935,0.0,0.03356890459363958,0.007067137809187279,0.0035335689045936395
Pz,0.0,0.0,0.0,0.04935064935064935,0.0,0.0,0.03896103896103896,0.0,0.05974025974025974,0.01038961038961039,0.0,0.05714285714285714,0.06233766233766234,0.0,0.06233766233766234,0.0,0.0,0.0,0.0,0.06233766233766234,0.0,0.0,0.0,0.0,0.0,0.06233766233766234,0.0,0.0,0.0,0.0,0.033766233766233764,0.03116883116883117,0.0,0.03636363636363636,0.0,0.01038961038961039,0.06233766233766234,0.0025974025974025974,0.05714285714285714,0.01038961038961039,0.0,0.0,0.0,0.0,0.06233766233766234,0.0,0.0,0.0,0.05714285714285714,0.0,0.0,0.0,0.0,0.0,0.033766233766233764,0.05714285714285714,0.03116883116883117,0.0,0.03896103896103896,0.0,0.0,0.01038961038961039
P3,0.0,0.0,0.0,0.0437636761487965,0.0,0.0,0.03282275711159737,0.0,0.0525164113785558,0.0087527352297593,0.0,0.0525164113785558,0.07221006564551423,0.0,0.0787746170678337,0.0,0.0,0.0,0.0,0.0700218818380744,0.0,0.0,0.0,0.0,0.0,0.07439824945295405,0.0,0.0,0.0,0.0,0.028446389496717725,0.0262582056892779,0.0,0.030634573304157548,0.0,0.0087527352297593,0.07658643326039387,0.002188183807439825,0.0525164113785558,0.0087527352297593,0.0,0.0,0.0,0.0,0.0787746170678337,0.0,0.0,0.0,0.0525164113785558,0.0,0.0,0.0,0.0,0.0,0.028446389496717725,0.0525164113785558,0.0262582056892779,0.0,0.03282275711159737,0.0,0.0,0.0087527352297593
P7,0.042789223454833596,0.0,0.03486529318541997,0.0,0.028526148969889066,0.042789223454833596,0.0,0.042789223454833596,0.0,0.0,0.03645007923930269,0.0,0.0,0.03803486529318542,0.0,0.039619651347068144,0.03486529318541997,0.0,0.0,0.0,0.03486529318541997,0.014263074484944533,0.04120443740095087,0.03486529318541997,0.01901743264659271,0.0,0.02694136291600634,0.0,0.0,0.028526148969889066,0.0,0.0,0.011093502377179081,0.0,0.042789223454833596,0.001584786053882726,0.0,0.04120443740095087,0.0,0.0,0.028526148969889066,0.03328050713153724,0.03645007923930269,0.03803486529318542,0.0,0.042789223454833596,0.0,0.011093502377179081,0.0,0.00792393026941363,0.0,0.042789223454833596,0.00792393026941363,0.042789223454833596,0.0,0.0,0.0,0.028526148969889066,0.0,0.030110935023771792,0.00792393026941363,0.004754358161648178
O1,0.0,0.0,0.0,0.04106776180698152,0.0,0.0,0.030800821355236138,0.0,0.0513347022587269,0.008213552361396304,0.0,0.049281314168377825,0.07392197125256673,0.0,0.08829568788501027,0.0,0.0,0.0,0.0,0.06776180698151951,0.0,0.0,0.0,0.0,0.0,0.07597535934291581,0.0,0.0,0.0,0.0,0.026694045174537988,0.024640657084188913,0.0,0.028747433264887063,0.0,0.008213552361396304,0.08418891170431211,0.002053388090349076,0.049281314168377825,0.008213552361396304,0.0,0.0,0.0,0.0,0.08829568788501027,0.0,0.0,0.0,0.0513347022587269,0.0,0.0,0.0,0.0,0.0,0.026694045174537988,0.0513347022587269,0.024640657084188913,0.0,0.030800821355236138,0.0,0.0,0.008213552361396304
Oz,0.046199701937406856,0.0,0.03278688524590164,0.0,0.026825633383010434,0.046199701937406856,0.0,0.046199701937406856,0.0,0.0,0.03427719821162444,0.0,0.0,0.037257824143070044,0.0,0.041728763040238454,0.03278688524590164,0.0,0.0,0.0,0.03278688524590164,0.013412816691505217,0.044709388971684055,0.03278688524590164,0.01788375558867362,0.0,0.02533532041728763,0.0,0.0,0.026825633383010434,0.0,0.0,0.010432190760059613,0.0,0.046199701937406856,0.0014903129657228018,0.0,0.044709388971684055,0.0,0.0,0.026825633383010434,0.03129657228017884,0.03427719821162444,0.03576751117734724,0.0,0.046199701937406856,0.0,0.010432190760059613,0.0,0.007451564828614009,0.0,0.046199701937406856,0.007451564828614009,0.046199701937406856,0.0,0.0,0.0,0.026825633383010434,0.0,0.028315946348733235,0.007451564828614009,0.004470938897168405
O2,0.04119850187265917,0.0,0.03745318352059925,0.0,0.0299625468164794,0.04119850187265917,0.0,0.04119850187265917,0.0,0.0,0.03745318352059925,0.0,0.0,0.03932584269662921,0.0,0.03932584269662921,0.03745318352059925,0.0,0.0,0.0,0.035580524344569285,0.013108614232209739,0.03932584269662921,0.035580524344569285,0.020599250936329586,0.0,0.0299625468164794,0.0,0.0,0.028089887640449437,0.0,0.0,0.009363295880149813,0.0,0.04119850187265917,0.0,0.0,0.03932584269662921,0.0,0.0,0.031835205992509365,0.033707865168539325,0.03745318352059925,0.03932584269662921,0.0,0.04119850187265917,0.0,0.009363295880149813,0.0,0.00749063670411985,0.0,0.04119850187265917,0.009363295880149813,0.04119850187265917,0.0,0.0,0.0,0.0299625468164794,0.0,0.033707865168539325,0.0056179775280898875,0.0018726591760299626
P4,0.0,0.0,0.0,0.0,0.0,0.0,0.0,0.0,0.0,0.0,0.0,0.0,0.0,0.0,0.0,0.0,0.0,0.0,0.0,0.0,0.0,0.0,0.0,0.0,0.0,0.0,0.0,0.0,0.0,0.0,0.0,0.0,0.0,0.0,0.0,0.0,0.0,0.0,0.0,0.0,0.0,0.0,0.0,0.0,0.0,0.0,0.0,0.0,0.0,0.0,0.0,0.0,0.0,0.0,0.0,0.0,0.0,0.0,0.0,0.0,0.0,0.0
P8,0.0,0.0,0.0,0.047619047619047616,0.0,0.0,0.047619047619047616,0.0,0.047619047619047616,0.047619047619047616,0.0,0.047619047619047616,0.047619047619047616,0.0,0.047619047619047616,0.0,0.0,0.0,0.0,0.047619047619047616,0.0,0.0,0.0,0.0,0.0,0.047619047619047616,0.0,0.0,0.0,0.0,0.047619047619047616,0.047619047619047616,0.0,0.047619047619047616,0.0,0.0,0.047619047619047616,0.0,0.047619047619047616,0.047619047619047616,0.0,0.0,0.0,0.0,0.047619047619047616,0.0,0.0,0.0,0.047619047619047616,0.0,0.0,0.0,0.0,0.0,0.047619047619047616,0.047619047619047616,0.047619047619047616,0.0,0.047619047619047616,0.0,0.0,0.0
TP10,0.0,0.0,0.0,0.04524886877828054,0.0,0.0,0.033936651583710405,0.0,0.05429864253393665,0.00904977375565611,0.0,0.05429864253393665,0.07013574660633484,0.0,0.0746606334841629,0.0,0.0,0.0,0.0,0.06787330316742081,0.0,0.0,0.0,0.0,0.0,0.07239819004524888,0.0,0.0,0.0,0.0,0.029411764705882353,0.027149321266968326,0.0,0.03167420814479638,0.0,0.00904977375565611,0.07239819004524888,0.0022624434389140274,0.05429864253393665,0.00904977375565611,0.0,0.0,0.0,0.0,0.0746606334841629,0.0,0.0,0.0,0.05429864253393665,0.0,0.0,0.0,0.0,0.0,0.029411764705882353,0.05429864253393665,0.027149321266968326,0.0,0.033936651583710405,0.0,0.0,0.00904977375565611
CP6,0.039936102236421724,0.0,0.03514376996805112,0.0,0.02875399361022364,0.039936102236421724,0.0,0.039936102236421724,0.0,0.0,0.036741214057507986,0.0,0.0,0.039936102236421724,0.0,0.039936102236421724,0.03514376996805112,0.0,0.0,0.0,0.036741214057507986,0.01437699680511182,0.039936102236421724,0.036741214057507986,0.019169329073482427,0.0,0.027156549520766772,0.0,0.0,0.03035143769968051,0.0,0.0,0.012779552715654952,0.0,0.039936102236421724,0.003194888178913738,0.0,0.039936102236421724,0.0,0.0,0.02875399361022364,0.03354632587859425,0.038338658146964855,0.039936102236421724,0.0,0.039936102236421724,0.0,0.012779552715654952,0.0,0.007987220447284345,0.0,0.039936102236421724,0.007987220447284345,0.039936102236421724,0.0,0.0,0.0,0.02875399361022364,0.0,0.03035143769968051,0.009584664536741214,0.006389776357827476
CP2,0.03333333333333333,0.0,0.03333333333333333,0.0,0.03333333333333333,0.03333333333333333,0.0,0.03333333333333333,0.0,0.0,0.03333333333333333,0.0,0.0,0.03333333333333333,0.0,0.03333333333333333,0.03333333333333333,0.0,0.0,0.0,0.03333333333333333,0.02962962962962963,0.03333333333333333,0.03333333333333333,0.03333333333333333,0.0,0.03333333333333333,0.0,0.0,0.03333333333333333,0.0,0.0,0.022222222222222223,0.0,0.03333333333333333,0.0,0.0,0.03333333333333333,0.0,0.0,0.03333333333333333,0.03333333333333333,0.03333333333333333,0.03333333333333333,0.0,0.03333333333333333,0.0,0.022222222222222223,0.0,0.018518518518518517,0.0,0.03333333333333333,0.018518518518518517,0.03333333333333333,0.0,0.0,0.0,0.03333333333333333,0.0,0.03333333333333333,0.014814814814814815,0.007407407407407408
Cz,0.04993252361673414,0.0,0.029689608636977057,0.0,0.024291497975708502,0.04993252361673414,0.0,0.04993252361673414,0.0,0.0,0.0310391363022942,0.0,0.0,0.03643724696356275,0.0,0.04183535762483131,0.029689608636977057,0.0,0.0,0.0,0.032388663967611336,0.012145748987854251,0.04723346828609987,0.032388663967611336,0.016194331983805668,0.0,0.022941970310391364,0.0,0.0,0.02564102564102564,0.0,0.0,0.010796221322537112,0.0,0.048582995951417005,0.002699055330634278,0.0,0.048582995951417005,0.0,0.0,0.024291497975708502,0.02834008097165992,0.033738191632928474,0.03508771929824561,0.0,0.04993252361673414,0.0,0.010796221322537112,0.0,0.006747638326585695,0.0,0.048582995951417005,0.006747638326585695,0.04993252361673414,0.0,0.0,0.0,0.024291497975708502,0.0,0.02564102564102564,0.008097165991902834,0.005398110661268556
C4,0.039936102236421724,0.0,0.03514376996805112,0.0,0.02875399361022364,0.039936102236421724,0.0,0.039936102236421724,0.0,0.0,0.036741214057507986,0.0,0.0,0.039936102236421724,0.0,0.039936102236421724,0.03514376996805112,0.0,0.0,0.0,0.036741214057507986,0.01437699680511182,0.039936102236421724,0.036741214057507986,0.019169329073482427,0.0,0.027156549520766772,0.0,0.0,0.03035143769968051,0.0,0.0,0.012779552715654952,0.0,0.039936102236421724,0.003194888178913738,0.0,0.039936102236421724,0.0,0.0,0.02875399361022364,0.03354632587859425,0.038338658146964855,0.039936102236421724,0.0,0.039936102236421724,0.0,0.012779552715654952,0.0,0.007987220447284345,0.0,0.039936102236421724,0.007987220447284345,0.039936102236421724,0.0,0.0,0.0,0.02875399361022364,0.0,0.03035143769968051,0.009584664536741214,0.006389776357827476
T8,0.03550295857988166,0.0,0.03550295857988166,0.0,0.03550295857988166,0.03550295857988166,0.0,0.03550295857988166,0.0,0.0,0.03550295857988166,0.0,0.0,0.03550295857988166,0.0,0.03550295857988166,0.03550295857988166,0.0,0.0,0.0,0.03550295857988166,0.020710059171597635,0.03550295857988166,0.03550295857988166,0.029585798816568046,0.0,0.03550295857988166,0.0,0.0,0.029585798816568046,0.0,0.0,0.014792899408284023,0.0,0.03550295857988166,0.0,0.0,0.03550295857988166,0.0,0.0,0.03550295857988166,0.03550295857988166,0.03550295857988166,0.03550295857988166,0.0,0.03550295857988166,0.0,0.014792899408284023,0.0,0.011834319526627219,0.0,0.03550295857988166,0.014792899408284023,0.03550295857988166,0.0,0.0,0.0,0.03550295857988166,0.0,0.03550295857988166,0.008875739644970414,0.0029585798816568047
FT10,0.0,0.0,0.0,0.043478260869565216,0.0,0.0,0.03260869565217391,0.0,0.05217391304347826,0.008695652173913044,0.0,0.05217391304347826,0.07173913043478261,0.0,0.08043478260869565,0.0,0.0,0.0,0.0,0.06956521739130435,0.0,0.0,0.0,0.0,0.0,0.07391304347826087,0.0,0.0,0.0,0.0,0.02826086956521739,0.02608695652173913,0.0,0.030434782608695653,0.0,0.008695652173913044,0.0782608695652174,0.002173913043478261,0.05217391304347826,0.008695652173913044,0.0,0.0,0.0,0.0,0.08043478260869565,0.0,0.0,0.0,0.05217391304347826,0.0,0.0,0.0,0.0,0.0,0.02826086956521739,0.05217391304347826,0.02608695652173913,0.0,0.03260869565217391,0.0,0.0,0.008695652173913044
FC6,0.03728070175438596,0.0,0.03728070175438596,0.0,0.03289473684210526,0.03728070175438596,0.0,0.03728070175438596,0.0,0.0,0.03728070175438596,0.0,0.0,0.03728070175438596,0.0,0.03728070175438596,0.03728070175438596,0.0,0.0,0.0,0.03728070175438596,0.015350877192982455,0.03728070175438596,0.03728070175438596,0.02412280701754386,0.0,0.03289473684210526,0.0,0.0,0.03070175438596491,0.0,0.0,0.010964912280701754,0.0,0.03728070175438596,0.0,0.0,0.03728070175438596,0.0,0.0,0.03508771929824561,0.03728070175438596,0.03728070175438596,0.03728070175438596,0.0,0.03728070175438596,0.0,0.010964912280701754,0.0,0.008771929824561403,0.0,0.03728070175438596,0.010964912280701754,0.03728070175438596,0.0,0.0,0.0,0.03289473684210526,0.0,0.03728070175438596,0.006578947368421052,0.0021929824561403508
FC2,0.0,0.0,0.0,0.0,0.0,0.0,0.0,0.0,0.0,0.0,0.0,0.0,0.0,0.0,0.0,0.0,0.0,0.0,0.0,0.0,0.0,0.0,0.0,0.0,0.0,0.0,0.0,0.0,0.0,0.0,0.0,0.0,0.0,0.0,0.0,0.0,0.0,0.0,0.0,0.0,0.0,0.0,0.0,0.0,0.0,0.0,0.0,0.0,0.0,0.0,0.0,0.0,0.0,0.0,0.0,0.0,0.0,0.0,0.0,0.0,0.0,0.0
F4,0.0,0.0,0.0,0.0,0.0,0.0,0.0,0.0,0.0,0.0,0.0,0.0,0.0,0.0,0.0,0.0,0.0,0.0,0.0,0.0,0.0,0.0,0.0,0.0,0.0,0.0,0.0,0.0,0.0,0.0,0.0,0.0,0.0,0.0,0.0,0.0,0.0,0.0,0.0,0.0,0.0,0.0,0.0,0.0,0.0,0.0,0.0,0.0,0.0,0.0,0.0,0.0,0.0,0.0,0.0,0.0,0.0,0.0,0.0,0.0,0.0,0.0
F8,0.0375234521575985,0.0,0.03377110694183865,0.0,0.03189493433395872,0.0375234521575985,0.0,0.0375234521575985,0.0,0.0,0.03564727954971857,0.0,0.0,0.0375234521575985,0.0,0.0375234521575985,0.03377110694183865,0.0,0.0,0.0,0.0375234521575985,0.016885553470919325,0.0375234521575985,0.0375234521575985,0.0225140712945591,0.0,0.0300187617260788,0.0,0.0,0.03377110694183865,0.0,0.0,0.0150093808630394,0.0,0.0375234521575985,0.00375234521575985,0.0,0.0375234521575985,0.0,0.0,0.0300187617260788,0.03377110694183865,0.0375234521575985,0.0375234521575985,0.0,0.0375234521575985,0.0,0.0150093808630394,0.0,0.009380863039399626,0.0,0.0375234521575985,0.009380863039399626,0.0375234521575985,0.0,0.0,0.0,0.03189493433395872,0.0,0.03189493433395872,0.01125703564727955,0.0075046904315197
Fp2,0.0,0.0,0.0,0.04924242424242424,0.0,0.0,0.045454545454545456,0.0,0.05303030303030303,0.015151515151515152,0.0,0.05303030303030303,0.05303030303030303,0.0,0.05303030303030303,0.0,0.0,0.0,0.0,0.05303030303030303,0.0,0.0,0.0,0.0,0.0,0.05303030303030303,0.0,0.0,0.0,0.0,0.045454545454545456,0.041666666666666664,0.0,0.045454545454545456,0.0,0.011363636363636364,0.05303030303030303,0.0,0.05303030303030303,0.015151515151515152,0.0,0.0,0.0,0.0,0.05303030303030303,0.0,0.0,0.0,0.05303030303030303,0.0,0.0,0.0,0.0,0.0,0.045454545454545456,0.05303030303030303,0.041666666666666664,0.0,0.04924242424242424,0.0,0.0,0.011363636363636364
AF7,0.0,0.0,0.0,0.05263157894736842,0.0,0.0,0.044534412955465584,0.0,0.05263157894736842,0.016194331983805668,0.0,0.05263157894736842,0.05263157894736842,0.0,0.05263157894736842,0.0,0.0,0.0,0.0,0.05263157894736842,0.0,0.0,0.0,0.0,0.0,0.05263157894736842,0.0,0.0,0.0,0.0,0.048582995951417005,0.044534412955465584,0.0,0.044534412955465584,0.0,0.008097165991902834,0.05263157894736842,0.0,0.05263157894736842,0.016194331983805668,0.0,0.0,0.0,0.0,0.05263157894736842,0.0,0.0,0.0,0.05263157894736842,0.0,0.0,0.0,0.0,0.0,0.044534412955465584,0.05263157894736842,0.044534412955465584,0.0,0.048582995951417005,0.0,0.0,0.008097165991902834
AF3,0.03409090909090909,0.0,0.026515151515151516,0.0,0.030303030303030304,0.03409090909090909,0.0,0.03409090909090909,0.0,0.0,0.030303030303030304,0.0,0.0,0.03409090909090909,0.0,0.03409090909090909,0.026515151515151516,0.0,0.0,0.0,0.03409090909090909,0.030303030303030304,0.03409090909090909,0.03409090909090909,0.026515151515151516,0.0,0.026515151515151516,0.0,0.0,0.03409090909090909,0.0,0.0,0.030303030303030304,0.0,0.03409090909090909,0.007575757575757576,0.0,0.03409090909090909,0.0,0.0,0.026515151515151516,0.030303030303030304,0.03409090909090909,0.03409090909090909,0.0,0.03409090909090909,0.0,0.030303030303030304,0.0,0.01893939393939394,0.0,0.03409090909090909,0.01893939393939394,0.03409090909090909,0.0,0.0,0.0,0.030303030303030304,0.0,0.026515151515151516,0.022727272727272728,0.015151515151515152
AFz,0.0,0.0,0.0,0.04710144927536232,0.0,0.0,0.050724637681159424,0.0,0.05434782608695652,0.014492753623188406,0.0,0.050724637681159424,0.050724637681159424,0.0,0.050724637681159424,0.0,0.0,0.0,0.0,0.050724637681159424,0.0,0.0,0.0,0.0,0.0,0.050724637681159424,0.0,0.0,0.0,0.0,0.04710144927536232,0.043478260869565216,0.0,0.04710144927536232,0.0,0.014492753623188406,0.050724637681159424,0.0036231884057971015,0.050724637681159424,0.014492753623188406,0.0,0.0,0.0,0.0,0.050724637681159424,0.0,0.0,0.0,0.050724637681159424,0.0,0.0,0.0,0.0,0.0,0.04710144927536232,0.050724637681159424,0.043478260869565216,0.0,0.050724637681159424,0.0,0.0,0.014492753623188406
F1,0.04993252361673414,0.0,0.029689608636977057,0.0,0.024291497975708502,0.04993252361673414,0.0,0.04993252361673414,0.0,0.0,0.0310391363022942,0.0,0.0,0.03643724696356275,0.0,0.04183535762483131,0.029689608636977057,0.0,0.0,0.0,0.032388663967611336,0.012145748987854251,0.04723346828609987,0.032388663967611336,0.016194331983805668,0.0,0.022941970310391364,0.0,0.0,0.02564102564102564,0.0,0.0,0.010796221322537112,0.0,0.048582995951417005,0.002699055330634278,0.0,0.048582995951417005,0.0,0.0,0.024291497975708502,0.02834008097165992,0.033738191632928474,0.03508771929824561,0.0,0.04993252361673414,0.0,0.010796221322537112,0.0,0.006747638326585695,0.0,0.048582995951417005,0.006747638326585695,0.04993252361673414,0.0,0.0,0.0,0.024291497975708502,0.0,0.02564102564102564,0.008097165991902834,0.005398110661268556
F5,0.02857142857142857,0.0,0.007142857142857143,0.007142857142857143,0.014285714285714285,0.02857142857142857,0.02857142857142857,0.02857142857142857,0.02142857142857143,0.0,0.014285714285714285,0.014285714285714285,0.014285714285714285,0.02142857142857143,0.014285714285714285,0.02142857142857143,0.007142857142857143,0.0,0.0,0.014285714285714285,0.02857142857142857,0.014285714285714285,0.02857142857142857,0.02857142857142857,0.007142857142857143,0.014285714285714285,0.007142857142857143,0.0,0.0,0.02857142857142857,0.007142857142857143,0.0,0.02857142857142857,0.014285714285714285,0.02857142857142857,0.04285714285714286,0.014285714285714285,0.03571428571428571,0.014285714285714285,0.0,0.007142857142857143,0.014285714285714285,0.02857142857142857,0.02142857142857143,0.014285714285714285,0.02857142857142857,0.0,0.02857142857142857,0.014285714285714285,0.007142857142857143,0.0,0.02857142857142857,0.0,0.02857142857142857,0.014285714285714285,0.014285714285714285,0.007142857142857143,0.014285714285714285,0.014285714285714285,0.007142857142857143,0.02857142857142857,0.05
FT7,0.0,0.0,0.0,0.04175365344467641,0.0,0.0,0.031315240083507306,0.0,0.05219206680584551,0.008350730688935281,0.0,0.05010438413361169,0.07306889352818371,0.0,0.08559498956158663,0.0,0.0,0.0,0.0,0.06889352818371608,0.0,0.0,0.0,0.0,0.0,0.07515657620041753,0.0,0.0,0.0,0.0,0.027139874739039668,0.025052192066805846,0.0,0.029227557411273485,0.0,0.008350730688935281,0.081419624217119,0.0020876826722338203,0.05010438413361169,0.008350730688935281,0.0,0.0,0.0,0.0,0.08559498956158663,0.0,0.0,0.0,0.05219206680584551,0.0,0.0,0.0,0.0,0.0,0.027139874739039668,0.05219206680584551,0.025052192066805846,0.0,0.031315240083507306,0.0,0.0,0.008350730688935281
FC3,0.054292929292929296,0.0,0.027777777777777776,0.0,0.022727272727272728,0.05303030303030303,0.0012626262626262627,0.054292929292929296,0.0,0.0,0.02904040404040404,0.0,0.0,0.03409090909090909,0.0,0.039141414141414144,0.027777777777777776,0.0,0.0,0.0,0.03156565656565657,0.011363636363636364,0.04671717171717172,0.03156565656565657,0.015151515151515152,0.0,0.021464646464646464,0.0,0.0,0.025252525252525252,0.0,0.0,0.011363636363636364,0.0,0.047979797979797977,0.003787878787878788,0.0,0.05176767676767677,0.0,0.0,0.022727272727272728,0.026515151515151516,0.03282828282828283,0.03282828282828283,0.0,0.05555555555555555,0.0,0.011363636363636364,0.0,0.006313131313131313,0.0,0.047979797979797977,0.006313131313131313,0.054292929292929296,0.0,0.0,0.0,0.022727272727272728,0.0,0.023989898989898988,0.008838383838383838,0.006313131313131313
C1,0.0,0.0,0.0,0.04935064935064935,0.0,0.0,0.03896103896103896,0.0,0.05974025974025974,0.01038961038961039,0.0,0.05714285714285714,0.06233766233766234,0.0,0.06233766233766234,0.0,0.0,0.0,0.0,0.06233766233766234,0.0,0.0,0.0,0.0,0.0,0.06233766233766234,0.0,0.0,0.0,0.0,0.033766233766233764,0.03116883116883117,0.0,0.03636363636363636,0.0,0.01038961038961039,0.06233766233766234,0.0025974025974025974,0.05714285714285714,0.01038961038961039,0.0,0.0,0.0,0.0,0.06233766233766234,0.0,0.0,0.0,0.05714285714285714,0.0,0.0,0.0,0.0,0.0,0.033766233766233764,0.05714285714285714,0.03116883116883117,0.0,0.03896103896103896,0.0,0.0,0.01038961038961039
C5,0.0,0.0,0.0,0.04716981132075472,0.0,0.0,0.04716981132075472,0.0,0.04716981132075472,0.03773584905660377,0.0,0.04716981132075472,0.04716981132075472,0.0,0.04716981132075472,0.0,0.0,0.0,0.0,0.04716981132075472,0.0,0.0,0.0,0.0,0.0,0.04716981132075472,0.0,0.0,0.0,0.0,0.04716981132075472,0.03773584905660377,0.0,0.04716981132075472,0.0,0.018867924528301886,0.04716981132075472,0.0,0.04716981132075472,0.03773584905660377,0.0,0.0,0.0,0.0,0.04716981132075472,0.0,0.0,0.0,0.04716981132075472,0.0,0.0,0.0,0.0,0.0,0.04716981132075472,0.04716981132075472,0.04716981132075472,0.0,0.04716981132075472,0.0,0.0,0.018867924528301886
TP7,0.03821656050955414,0.0,0.03821656050955414,0.0,0.03184713375796178,0.03821656050955414,0.0,0.03821656050955414,0.0,0.0,0.03821656050955414,0.0,0.0,0.03821656050955414,0.0,0.03821656050955414,0.03821656050955414,0.0,0.0,0.0,0.036093418259023353,0.014861995753715499,0.03821656050955414,0.036093418259023353,0.02335456475583864,0.0,0.03184713375796178,0.0,0.0,0.029723991507430998,0.0,0.0,0.010615711252653927,0.0,0.03821656050955414,0.0,0.0,0.03821656050955414,0.0,0.0,0.03397027600849257,0.036093418259023353,0.036093418259023353,0.03821656050955414,0.0,0.03821656050955414,0.0,0.010615711252653927,0.0,0.008492569002123142,0.0,0.03821656050955414,0.010615711252653927,0.03821656050955414,0.0,0.0,0.0,0.03184713375796178,0.0,0.036093418259023353,0.006369426751592357,0.0021231422505307855
CP3,0.038461538461538464,0.0,0.038461538461538464,0.0,0.031135531135531136,0.038461538461538464,0.0,0.038461538461538464,0.0,0.0,0.038461538461538464,0.0,0.0,0.038461538461538464,0.0,0.038461538461538464,0.038461538461538464,0.0,0.0,0.0,0.03663003663003663,0.014652014652014652,0.038461538461538464,0.03663003663003663,0.02197802197802198,0.0,0.031135531135531136,0.0,0.0,0.029304029304029304,0.0,0.0,0.01098901098901099,0.0,0.038461538461538464,0.0,0.0,0.038461538461538464,0.0,0.0,0.03296703296703297,0.0347985347985348,0.03663003663003663,0.038461538461538464,0.0,0.038461538461538464,0.0,0.01098901098901099,0.0,0.009157509157509158,0.0,0.038461538461538464,0.009157509157509158,0.038461538461538464,0.0,0.0,0.0,0.031135531135531136,0.0,0.0347985347985348,0.007326007326007326,0.003663003663003663
P1,0.04094488188976378,0.0,0.03464566929133858,0.0,0.028346456692913385,0.04094488188976378,0.0,0.04094488188976378,0.0,0.0,0.03622047244094488,0.0,0.0,0.03937007874015748,0.0,0.03937007874015748,0.03464566929133858,0.0,0.0,0.0,0.03622047244094488,0.014173228346456693,0.04094488188976378,0.03622047244094488,0.01889763779527559,0.0,0.026771653543307086,0.0,0.0,0.029921259842519685,0.0,0.0,0.012598425196850394,0.0,0.04094488188976378,0.0031496062992125984,0.0,0.04094488188976378,0.0,0.0,0.028346456692913385,0.03307086614173228,0.03779527559055118,0.03937007874015748,0.0,0.04094488188976378,0.0,0.012598425196850394,0.0,0.007874015748031496,0.0,0.04094488188976378,0.007874015748031496,0.04094488188976378,0.0,0.0,0.0,0.028346456692913385,0.0,0.029921259842519685,0.009448818897637795,0.006299212598425197
P5,0.04186795491143317,0.0,0.03542673107890499,0.0,0.028985507246376812,0.04186795491143317,0.0,0.04186795491143317,0.0,0.0,0.037037037037037035,0.0,0.0,0.03864734299516908,0.0,0.03864734299516908,0.03542673107890499,0.0,0.0,0.0,0.03542673107890499,0.014492753623188406,0.040257648953301126,0.03542673107890499,0.01932367149758454,0.0,0.027375201288244767,0.0,0.0,0.028985507246376812,0.0,0.0,0.011272141706924315,0.0,0.04186795491143317,0.001610305958132045,0.0,0.040257648953301126,0.0,0.0,0.028985507246376812,0.033816425120772944,0.037037037037037035,0.03864734299516908,0.0,0.04186795491143317,0.0,0.011272141706924315,0.0,0.008051529790660225,0.0,0.04186795491143317,0.008051529790660225,0.04186795491143317,0.0,0.0,0.0,0.028985507246376812,0.0,0.030595813204508857,0.008051529790660225,0.004830917874396135
PO7,0.0,0.0,0.0,0.04081632653061224,0.0,0.0,0.030612244897959183,0.0,0.05102040816326531,0.00816326530612245,0.0,0.04897959183673469,0.07346938775510205,0.0,0.08775510204081632,0.0,0.0,0.0,0.0,0.0673469387755102,0.0,0.0,0.0,0.0,0.0,0.07551020408163266,0.0,0.0,0.0,0.0,0.026530612244897958,0.024489795918367346,0.0,0.02857142857142857,0.0,0.00816326530612245,0.0836734693877551,0.0020408163265306124,0.04897959183673469,0.00816326530612245,0.0,0.0,0.0,0.0,0.09387755102040816,0.0,0.0,0.0,0.05102040816326531,0.0,0.0,0.0,0.0,0.0,0.026530612244897958,0.05102040816326531,0.024489795918367346,0.0,0.030612244897959183,0.0,0.0,0.00816326530612245
PO3,0.05808080808080808,0.0,0.027777777777777776,0.0,0.022727272727272728,0.05303030303030303,0.0,0.05808080808080808,0.0,0.0,0.02904040404040404,0.0,0.0,0.03409090909090909,0.0,0.039141414141414144,0.027777777777777776,0.0,0.0,0.0,0.030303030303030304,0.011363636363636364,0.045454545454545456,0.030303030303030304,0.015151515151515152,0.0,0.021464646464646464,0.0,0.0,0.023989898989898988,0.0,0.0,0.010101010101010102,0.0,0.04671717171717172,0.0025252525252525255,0.0,0.05303030303030303,0.0,0.0,0.022727272727272728,0.026515151515151516,0.03156565656565657,0.03282828282828283,0.0,0.06060606060606061,0.0,0.010101010101010102,0.0,0.006313131313131313,0.0,0.047979797979797977,0.006313131313131313,0.05555555555555555,0.0,0.0,0.0,0.022727272727272728,0.0,0.023989898989898988,0.007575757575757576,0.005050505050505051
POz,0.0,0.0,0.0,0.0,0.0,0.0,0.0,0.0,0.0,0.0,0.0,0.0,0.0,0.0,0.0,0.0,0.0,0.0,0.0,0.0,0.0,0.0,0.0,0.0,0.0,0.0,0.0,0.0,0.0,0.0,0.0,0.0,0.0,0.0,0.0,0.0,0.0,0.0,0.0,0.0,0.0,0.0,0.0,0.0,0.0,0.0,0.0,0.0,0.0,0.0,0.0,0.0,0.0,0.0,0.0,0.0,0.0,0.0,0.0,0.0,0.0,0.0
PO4,0.03409090909090909,0.0,0.026515151515151516,0.0,0.030303030303030304,0.03409090909090909,0.0,0.03409090909090909,0.0,0.0,0.030303030303030304,0.0,0.0,0.03409090909090909,0.0,0.03409090909090909,0.026515151515151516,0.0,0.0,0.0,0.03409090909090909,0.030303030303030304,0.03409090909090909,0.03409090909090909,0.026515151515151516,0.0,0.026515151515151516,0.0,0.0,0.03409090909090909,0.0,0.0,0.030303030303030304,0.0,0.03409090909090909,0.007575757575757576,0.0,0.03409090909090909,0.0,0.0,0.026515151515151516,0.030303030303030304,0.03409090909090909,0.03409090909090909,0.0,0.03409090909090909,0.0,0.030303030303030304,0.0,0.01893939393939394,0.0,0.03409090909090909,0.01893939393939394,0.03409090909090909,0.0,0.0,0.0,0.030303030303030304,0.0,0.026515151515151516,0.022727272727272728,0.015151515151515152
PO8,0.0,0.0,0.0,0.047979797979797977,0.0,0.0,0.03787878787878788,0.0,0.06060606060606061,0.010101010101010102,0.0,0.05808080808080808,0.06313131313131314,0.0,0.06313131313131314,0.0,0.0,0.0,0.0,0.06313131313131314,0.0,0.0,0.0,0.0,0.0,0.06313131313131314,0.0,0.0,0.0,0.0,0.03282828282828283,0.030303030303030304,0.0,0.03535353535353535,0.0,0.010101010101010102,0.06313131313131314,0.0025252525252525255,0.05808080808080808,0.010101010101010102,0.0,0.0,0.0,0.0,0.06313131313131314,0.0,0.0,0.0,0.05808080808080808,0.0,0.0,0.0,0.0,0.0,0.03282828282828283,0.05808080808080808,0.030303030303030304,0.0,0.03787878787878788,0.0,0.0,0.010101010101010102
P6,0.03164556962025317,0.0,0.03164556962025317,0.0,0.03164556962025317,0.03164556962025317,0.0,0.03164556962025317,0.0,0.0,0.03164556962025317,0.0,0.0,0.03164556962025317,0.0,0.03164556962025317,0.03164556962025317,0.0,0.0,0.0,0.03164556962025317,0.03164556962025317,0.03164556962025317,0.03164556962025317,0.03164556962025317,0.0,0.03164556962025317,0.0,0.0,0.03164556962025317,0.0,0.0,0.03164556962025317,0.0,0.03164556962025317,0.0,0.0,0.03164556962025317,0.0,0.0,0.03164556962025317,0.03164556962025317,0.03164556962025317,0.03164556962025317,0.0,0.03164556962025317,0.0,0.03164556962025317,0.0,0.02531645569620253,0.0,0.03164556962025317,0.03164556962025317,0.03164556962025317,0.0,0.0,0.0,0.03164556962025317,0.0,0.03164556962025317,0.0189873417721519,0.006329113924050633
P2,0.0,0.0,0.0,0.047619047619047616,0.0,0.0,0.047619047619047616,0.0,0.047619047619047616,0.047619047619047616,0.0,0.047619047619047616,0.047619047619047616,0.0,0.047619047619047616,0.0,0.0,0.0,0.0,0.047619047619047616,0.0,0.0,0.0,0.0,0.0,0.047619047619047616,0.0,0.0,0.0,0.0,0.047619047619047616,0.047619047619047616,0.0,0.047619047619047616,0.0,0.0,0.047619047619047616,0.0,0.047619047619047616,0.047619047619047616,0.0,0.0,0.0,0.0,0.047619047619047616,0.0,0.0,0.0,0.047619047619047616,0.0,0.0,0.0,0.0,0.0,0.047619047619047616,0.047619047619047616,0.047619047619047616,0.0,0.047619047619047616,0.0,0.0,0.0
CPz,0.050666666666666665,0.0,0.029333333333333333,0.0,0.024,0.050666666666666665,0.0,0.050666666666666665,0.0,0.0,0.030666666666666665,0.0,0.0,0.036,0.0,0.04133333333333333,0.029333333333333333,0.0,0.0,0.0,0.032,0.012,0.048,0.032,0.016,0.0,0.02266666666666667,0.0,0.0,0.025333333333333333,0.0,0.0,0.010666666666666666,0.0,0.04933333333333333,0.0026666666666666666,0.0,0.04933333333333333,0.0,0.0,0.024,0.028,0.03333333333333333,0.034666666666666665,0.0,0.050666666666666665,0.0,0.010666666666666666,0.0,0.006666666666666667,0.0,0.04933333333333333,0.006666666666666667,0.050666666666666665,0.0,0.0,0.0,0.024,0.0,0.025333333333333333,0.008,0.005333333333333333
CP4,0.03289473684210526,0.0,0.03289473684210526,0.0,0.03289473684210526,0.03289473684210526,0.0,0.03289473684210526,0.0,0.0,0.03289473684210526,0.0,0.0,0.03289473684210526,0.0,0.03289473684210526,0.03289473684210526,0.0,0.0,0.0,0.03289473684210526,0.03289473684210526,0.03289473684210526,0.03289473684210526,0.03289473684210526,0.0,0.03289473684210526,0.0,0.0,0.03289473684210526,0.0,0.0,0.02631578947368421,0.0,0.03289473684210526,0.0,0.0,0.03289473684210526,0.0,0.0,0.03289473684210526,0.03289473684210526,0.03289473684210526,0.03289473684210526,0.0,0.03289473684210526,0.0,0.02631578947368421,0.0,0.019736842105263157,0.0,0.03289473684210526,0.02631578947368421,0.03289473684210526,0.0,0.0,0.0,0.03289473684210526,0.0,0.03289473684210526,0.013157894736842105,0.0
TP8,0.055412371134020616,0.0,0.028350515463917526,0.0,0.023195876288659795,0.05283505154639175,0.0,0.055412371134020616,0.0,0.0,0.029639175257731958,0.0,0.0,0.03479381443298969,0.0,0.03994845360824742,0.028350515463917526,0.0,0.0,0.0,0.030927835051546393,0.011597938144329897,0.04639175257731959,0.030927835051546393,0.015463917525773196,0.0,0.02190721649484536,0.0,0.0,0.024484536082474227,0.0,0.0,0.010309278350515464,0.0,0.04768041237113402,0.002577319587628866,0.0,0.05154639175257732,0.0,0.0,0.023195876288659795,0.027061855670103094,0.03221649484536082,0.03350515463917526,0.0,0.05670103092783505,0.0,0.010309278350515464,0.0,0.006443298969072165,0.0,0.04768041237113402,0.006443298969072165,0.05412371134020619,0.0,0.0,0.0,0.023195876288659795,0.0,0.024484536082474227,0.007731958762886598,0.005154639175257732
C6,0.0,0.0,0.0,0.04669260700389105,0.0,0.0,0.05058365758754864,0.0,0.054474708171206226,0.01556420233463035,0.0,0.05058365758754864,0.05058365758754864,0.0,0.05058365758754864,0.0,0.0,0.0,0.0,0.05058365758754864,0.0,0.0,0.0,0.0,0.0,0.05058365758754864,0.0,0.0,0.0,0.0,0.04669260700389105,0.042801556420233464,0.0,0.04669260700389105,0.0,0.01556420233463035,0.05058365758754864,0.0038910505836575876,0.05058365758754864,0.01556420233463035,0.0,0.0,0.0,0.0,0.05058365758754864,0.0,0.0,0.0,0.05058365758754864,0.0,0.0,0.0,0.0,0.0,0.04669260700389105,0.05058365758754864,0.042801556420233464,0.0,0.05058365758754864,0.0,0.0,0.01556420233463035
C2,0.0,0.0,0.0,0.047979797979797977,0.0,0.0,0.03787878787878788,0.0,0.06060606060606061,0.010101010101010102,0.0,0.05808080808080808,0.06313131313131314,0.0,0.06313131313131314,0.0,0.0,0.0,0.0,0.06313131313131314,0.0,0.0,0.0,0.0,0.0,0.06313131313131314,0.0,0.0,0.0,0.0,0.03282828282828283,0.030303030303030304,0.0,0.03535353535353535,0.0,0.010101010101010102,0.06313131313131314,0.0025252525252525255,0.05808080808080808,0.010101010101010102,0.0,0.0,0.0,0.0,0.06313131313131314,0.0,0.0,0.0,0.05808080808080808,0.0,0.0,0.0,0.0,0.0,0.03282828282828283,0.05808080808080808,0.030303030303030304,0.0,0.03787878787878788,0.0,0.0,0.010101010101010102
FC4,0.0,0.0,0.0,0.047619047619047616,0.0,0.0,0.047619047619047616,0.0,0.051587301587301584,0.015873015873015872,0.0,0.051587301587301584,0.051587301587301584,0.0,0.051587301587301584,0.0,0.0,0.0,0.0,0.051587301587301584,0.0,0.0,0.0,0.0,0.0,0.051587301587301584,0.0,0.0,0.0,0.0,0.047619047619047616,0.04365079365079365,0.0,0.047619047619047616,0.0,0.011904761904761904,0.051587301587301584,0.0,0.051587301587301584,0.015873015873015872,0.0,0.0,0.0,0.0,0.051587301587301584,0.0,0.0,0.0,0.051587301587301584,0.0,0.0,0.0,0.0,0.0,0.047619047619047616,0.051587301587301584,0.04365079365079365,0.0,0.051587301587301584,0.0,0.0,0.011904761904761904
FT8,0.036885245901639344,0.0,0.036885245901639344,0.0,0.03278688524590164,0.036885245901639344,0.0,0.036885245901639344,0.0,0.0,0.036885245901639344,0.0,0.0,0.036885245901639344,0.0,0.036885245901639344,0.036885245901639344,0.0,0.0,0.0,0.036885245901639344,0.01639344262295082,0.036885245901639344,0.036885245901639344,0.02459016393442623,0.0,0.03278688524590164,0.0,0.0,0.030737704918032786,0.0,0.0,0.012295081967213115,0.0,0.036885245901639344,0.0,0.0,0.036885245901639344,0.0,0.0,0.03483606557377049,0.036885245901639344,0.036885245901639344,0.036885245901639344,0.0,0.036885245901639344,0.0,0.012295081967213115,0.0,0.010245901639344262,0.0,0.036885245901639344,0.010245901639344262,0.036885245901639344,0.0,0.0,0.0,0.03278688524590164,0.0,0.036885245901639344,0.00819672131147541,0.004098360655737705
F6,0.0,0.0,0.0,0.04861111111111111,0.0,0.0,0.04861111111111111,0.0,0.05555555555555555,0.013888888888888888,0.0,0.052083333333333336,0.052083333333333336,0.0,0.052083333333333336,0.0,0.0,0.0,0.0,0.052083333333333336,0.0,0.0,0.0,0.0,0.0,0.052083333333333336,0.0,0.0,0.0,0.0,0.04513888888888889,0.041666666666666664,0.0,0.04513888888888889,0.0,0.013888888888888888,0.052083333333333336,0.003472222222222222,0.052083333333333336,0.013888888888888888,0.0,0.0,0.0,0.0,0.052083333333333336,0.0,0.0,0.0,0.052083333333333336,0.0,0.0,0.0,0.0,0.0,0.04513888888888889,0.052083333333333336,0.041666666666666664,0.0,0.04861111111111111,0.0,0.0,0.013888888888888888
AF4,0.03885480572597137,0.0,0.03885480572597137,0.0,0.03067484662576687,0.03885480572597137,0.0,0.03885480572597137,0.0,0.0,0.03885480572597137,0.0,0.0,0.03885480572597137,0.0,0.03885480572597137,0.03885480572597137,0.0,0.0,0.0,0.03680981595092025,0.014314928425357873,0.03885480572597137,0.03680981595092025,0.022494887525562373,0.0,0.03067484662576687,0.0,0.0,0.028629856850715747,0.0,0.0,0.010224948875255624,0.0,0.03885480572597137,0.0,0.0,0.03885480572597137,0.0,0.0,0.032719836400818,0.034764826175869123,0.03680981595092025,0.03885480572597137,0.0,0.03885480572597137,0.0,0.010224948875255624,0.0,0.0081799591002045,0.0,0.03885480572597137,0.010224948875255624,0.03885480572597137,0.0,0.0,0.0,0.03067484662576687,0.0,0.034764826175869123,0.006134969325153374,0.002044989775051125
F2,0.033816425120772944,0.0,0.024154589371980676,0.0,0.028985507246376812,0.033816425120772944,0.0,0.033816425120772944,0.0,0.0,0.028985507246376812,0.0,0.0,0.033816425120772944,0.0,0.033816425120772944,0.024154589371980676,0.0,0.0,0.0,0.033816425120772944,0.028985507246376812,0.033816425120772944,0.033816425120772944,0.024154589371980676,0.0,0.024154589371980676,0.0,0.0,0.033816425120772944,0.0,0.0,0.033816425120772944,0.0,0.033816425120772944,0.00966183574879227,0.0,0.033816425120772944,0.0,0.0,0.024154589371980676,0.028985507246376812,0.033816425120772944,0.033816425120772944,0.0,0.033816425120772944,0.0,0.033816425120772944,0.0,0.024154589371980676,0.0,0.033816425120772944,0.01932367149758454,0.033816425120772944,0.0,0.0,0.0,0.028985507246376812,0.0,0.024154589371980676,0.028985507246376812,0.01932367149758454
FCz,0.02926829268292683,0.0,0.014634146341463415,0.004878048780487805,0.01951219512195122,0.02926829268292683,0.01951219512195122,0.02926829268292683,0.014634146341463415,0.0,0.01951219512195122,0.00975609756097561,0.00975609756097561,0.024390243902439025,0.00975609756097561,0.024390243902439025,0.014634146341463415,0.0,0.0,0.00975609756097561,0.02926829268292683,0.01951219512195122,0.02926829268292683,0.02926829268292683,0.014634146341463415,0.00975609756097561,0.014634146341463415,0.0,0.0,0.02926829268292683,0.004878048780487805,0.0,0.02926829268292683,0.00975609756097561,0.02926829268292683,0.02926829268292683,0.00975609756097561,0.03414634146341464,0.00975609756097561,0.0,0.014634146341463415,0.01951219512195122,0.02926829268292683,0.024390243902439025,0.00975609756097561,0.02926829268292683,0.0,0.02926829268292683,0.00975609756097561,0.014634146341463415,0.0,0.02926829268292683,0.00975609756097561,0.02926829268292683,0.00975609756097561,0.00975609756097561,0.004878048780487805,0.01951219512195122,0.00975609756097561,0.014634146341463415,0.02926829268292683,0.03902439024390244
