,bankssts-lh,bankssts-rh,caudalanteriorcingulate-lh,caudalanteriorcingulate-rh,caudalmiddlefrontal-lh,caudalmiddlefrontal-rh,cuneus-lh,cuneus-rh,entorhinal-lh,entorhinal-rh,frontalpole-lh,frontalpole-rh,fusiform-lh,fusiform-rh,inferiorparietal-lh,inferiorparietal-rh,inferiortemporal-lh,inferiortemporal-rh,insula-lh,insula-rh,isthmuscingulate-lh,isthmuscingulate-rh,lateraloccipital-lh,lateraloccipital-rh,lateralorbitofrontal-lh,lateralorbitofrontal-rh,lingual-lh,lingual-rh,medialorbitofrontal-lh,medialorbitofrontal-rh,middletemporal-lh,middletemporal-rh,paracentral-lh,paracentral-rh,parahippocampal-lh,parahippocampal-rh,parsopercularis-lh,parsopercularis-rh,parsorbitalis-lh,parsorbitalis-rh,parstriangularis-lh,parstriangularis-rh,pericalcarine-lh,pericalcarine-rh,postcentral-lh,postcentral-rh,posteriorcingulate-lh,posteriorcingulate-rh,precentral-lh,precentral-rh,precuneus-lh,precuneus-rh,rostralanteriorcingulate-lh,rostralanteriorcingulate-rh,rostralmiddlefrontal-lh,rostralmiddlefrontal-rh,superiorfrontal-lh,superiorfrontal-rh,superiorparietal-lh,superiorparietal-rh,superiortemporal-lh,superiortemporal-rh,supramarginal-lh,supramarginal-rh,temporalpole-lh,temporalpole-rh,transversetemporal-lh,transversetemporal-rh
bankssts-lh,0.24607329842931938,0.0,0.0,0.0,0.0,0.0,0.015706806282722512,0.03664921465968586,0.0,0.0,0.0,0.0,0.0,0.0,0.0,0.0,0.0,0.0,0.0,0.0,0.09424083769633508,0.05235602094240838,0.0,0.0,0.07853403141361257,0.0,0.2513089005235602,0.010471204188481676,0.07853403141361257,0.0,0.0,0.0,0.0,0.0,0.0,0.0,0.03664921465968586,0.0,0.015706806282722512,0.0,0.0,0.0,0.0,0.0,0.0,0.0,0.0,0.0,0.0,0.0,0.0,0.0,0.0,0.0,0.0,0.0,0.0,0.0,0.08376963350785341,0.0,0.0,0.0,0.0,0.0,0.0,0.0,0.0,0.0
bankssts-rh,0.0,0.0,0.0,0.0,0.0,0.0,0.0,0.0,0.0,0.0,0.0,0.0,0.0,0.0,0.0,0.0,0.0,0.0,0.0,0.0,0.0,0.0,0.0,0.0,0.0,0.0,0.0,0.0,0.0,0.0,0.0,0.0,0.0,0.0,0.0,0.0,0.0,0.0,0.0,0.0,0.0,0.0,0.0,0.0,0.0,0.0,0.0,0.0,0.0,0.0,0.0,0.0,0.0,0.0,0.0,0.0,0.0,0.0,0.0,0.0,0.0,0.0,0.0,0.0,0.0,0.0,0.0,0.0
caudalanteriorcingulate-lh,0.0,0.0,0.28095238095238095,0.004761904761904762,0.0,0.0,0.07142857142857142,0.0,0.0,0.11904761904761904,0.0,0.0,0.0,0.0,0.0,0.0,0.0,0.0,0.0,0.0,0.0,0.03333333333333333,0.0761904761904762,0.0,0.0,0.0,0.0,0.0,0.0,0.0,0.0,0.0,0.0,0.0,0.0,0.0,0.0,0.21904761904761905,0.0,0.0,0.0,0.0,0.0,0.0,0.0,0.0,0.0,0.0,0.0,0.0,0.0,0.0,0.0,0.0,0.0,0.06666666666666667,0.0,0.07142857142857142,0.0,0.0,0.0,0.0,0.05714285714285714,0.0,0.0,0.0,0.0,0.0
caudalanteriorcingulate-rh,0.0,0.0,0.2,0.4,0.0,0.0,0.0,0.0,0.0,0.0,0.0,0.0,0.0,0.0,0.0,0.0,0.0,0.0,0.0,0.0,0.0,0.0,0.0,0.0,0.0,0.0,0.0,0.0,0.0,0.0,0.0,0.0,0.0,0.0,0.0,0.0,0.0,0.0,0.0,0.0,0.0,0.0,0.0,0.0,0.0,0.0,0.0,0.0,0.0,0.0,0.0,0.0,0.0,0.0,0.0,0.0,0.0,0.26666666666666666,0.0,0.0,0.0,0.0,0.13333333333333333,0.0,0.0,0.0,0.0,0.0
caudalmiddlefrontal-lh,0.0,0.0,0.0,0.0,0.1587516960651289,0.0,0.09226594301221167,0.0,0.0,0.0,0.0773405698778833,0.0,0.0,0.024423337856173677,0.0,0.0,0.0,0.0067842605156037995,0.0,0.009497964721845319,0.018995929443690638,0.016282225237449117,0.012211668928086838,0.04477611940298507,0.0,0.0,0.028493894165535955,0.11804613297150611,0.008141112618724558,0.0,0.0,0.0,0.0,0.0,0.0,0.028493894165535955,0.0,0.0,0.0,0.0,0.0,0.0,0.07462686567164178,0.09769335142469471,0.0,0.0067842605156037995,0.0,0.0,0.0,0.0,0.0,0.05698778833107191,0.0,0.0,0.0,0.0,0.0,0.0,0.054274084124830396,0.06512890094979647,0.0,0.0,0.0,0.0,0.0,0.0,0.0,0.0
caudalmiddlefrontal-rh,0.0,0.0,0.0,0.0,0.0,0.0,0.0,0.0,0.0,0.0,0.0,0.0,0.0,0.0,0.0,0.0,0.0,0.0,0.0,0.0,0.0,0.0,0.0,0.0,0.0,0.0,0.0,0.0,0.0,0.0,0.0,0.0,0.0,0.0,0.0,0.0,0.0,0.0,0.0,0.0,0.0,0.0,0.0,0.0,0.0,0.0,0.0,0.0,0.0,0.0,0.0,0.0,0.0,0.0,0.0,0.0,0.0,0.0,0.0,0.0,0.0,0.0,0.0,0.0,0.0,0.0,0.0,0.0
cuneus-lh,0.001221001221001221,0.0,0.018315018315018316,0.0,0.08302808302808302,0.0,0.20512820512820512,0.0,0.0,0.01221001221001221,0.0695970695970696,0.0,0.0,0.001221001221001221,0.0,0.0,0.0,0.0,0.0,0.0,0.029304029304029304,0.0,0.0,0.03296703296703297,0.006105006105006105,0.0,0.0231990231990232,0.0927960927960928,0.0,0.0,0.0,0.0,0.0,0.0,0.0,0.0,0.018315018315018316,0.045177045177045176,0.0,0.0,0.0,0.0,0.10744810744810745,0.07936507936507936,0.01221001221001221,0.0,0.0,0.0,0.001221001221001221,0.0,0.0,0.029304029304029304,0.0,0.0,0.0,0.0231990231990232,0.0,0.0,0.05128205128205128,0.052503052503052504,0.0,0.0,0.0,0.0,0.004884004884004884,0.0,0.0,0.0
cuneus-rh,0.06875,0.0,0.0,0.0,0.0,0.0,0.0,0.35625,0.0,0.0,0.0,0.0,0.0,0.0,0.0,0.0,0.0,0.0,0.0,0.0,0.0,0.35625,0.0,0.0,0.0,0.0,0.075,0.0,0.00625,0.0,0.0,0.0,0.0,0.0,0.0,0.0,0.0,0.0,0.0,0.0,0.0,0.0,0.0,0.0,0.0,0.0,0.0,0.0,0.0,0.0,0.0,0.09375,0.0,0.0,0.0,0.0,0.0,0.0,0.0,0.04375,0.0,0.0,0.0,0.0,0.0,0.0,0.0,0.0
entorhinal-lh,0.0,0.0,0.0,0.0,0.0,0.0,0.0,0.0,0.38095238095238093,0.0,0.0,0.0,0.0,0.0,0.0,0.0,0.0,0.0,0.0,0.14285714285714285,0.0,0.0,0.0,0.0,0.0,0.0,0.0,0.0,0.0,0.0,0.0,0.0,0.0,0.0,0.0,0.0,0.0,0.0,0.0,0.0,0.0,0.14285714285714285,0.0,0.0,0.0,0.0,0.0,0.0,0.0,0.0,0.0,0.0,0.0,0.0,0.0,0.0,0.0,0.0,0.0,0.0,0.0,0.0,0.0,0.0,0.2261904761904762,0.10714285714285714,0.0,0.0
entorhinal-rh,0.0,0.0,0.09051724137931035,0.0,0.0,0.0,0.04741379310344827,0.0,0.0,0.2672413793103448,0.0,0.0,0.0,0.0,0.0,0.0,0.0,0.0,0.0,0.0,0.0,0.0,0.12931034482758622,0.0,0.0,0.0,0.0,0.0,0.0,0.0,0.0,0.0,0.0,0.0,0.0,0.0,0.0,0.15517241379310345,0.0,0.0,0.0,0.0,0.034482758620689655,0.0,0.0,0.0,0.0,0.0,0.0,0.0,0.021551724137931036,0.0,0.0,0.0,0.0,0.1939655172413793,0.0,0.02586206896551724,0.0,0.0,0.0,0.0,0.034482758620689655,0.0,0.0,0.0,0.0,0.0
frontalpole-lh,0.0,0.0,0.0,0.0,0.12903225806451613,0.0,0.11397849462365592,0.0,0.0,0.0,0.12473118279569892,0.0,0.0,0.0,0.0,0.0,0.0,0.0,0.0,0.0,0.03225806451612903,0.002150537634408602,0.0,0.06451612903225806,0.0,0.0,0.0,0.12903225806451613,0.0,0.0,0.0,0.0,0.0,0.0,0.0,0.0,0.0,0.0,0.0,0.0,0.0,0.0,0.09462365591397849,0.12903225806451613,0.0,0.0,0.0,0.0,0.0,0.0,0.0,0.06236559139784946,0.0,0.0,0.0,0.0,0.0,0.0,0.043010752688172046,0.07526881720430108,0.0,0.0,0.0,0.0,0.0,0.0,0.0,0.0
frontalpole-rh,0.0,0.0,0.0,0.0,0.0,0.0,0.0,0.0,0.0,0.0,0.0,0.0,0.0,0.0,0.0,0.0,0.0,0.0,0.0,0.0,0.0,0.0,0.0,0.0,0.0,0.0,0.0,0.0,0.0,0.0,0.0,0.0,0.0,0.0,0.0,0.0,0.0,0.0,0.0,0.0,0.0,0.0,0.0,0.0,0.0,0.0,0.0,0.0,0.0,0.0,0.0,0.0,0.0,0.0,0.0,0.0,0.0,0.0,0.0,0.0,0.0,0.0,0.0,0.0,0.0,0.0,0.0,0.0
fusiform-lh,0.0,0.0,0.0,0.0,0.0,0.0,0.0,0.0,0.0,0.0,0.0,0.0,0.0,0.0,0.0,0.0,0.0,0.0,0.0,0.0,0.0,0.0,0.0,0.0,0.0,0.0,0.0,0.0,0.0,0.0,0.0,0.0,0.0,0.0,0.0,0.0,0.0,0.0,0.0,0.0,0.0,0.0,0.0,0.0,0.0,0.0,0.0,0.0,0.0,0.0,0.0,0.0,0.0,0.0,0.0,0.0,0.0,0.0,0.0,0.0,0.0,0.0,0.0,0.0,0.0,0.0,0.0,0.0
fusiform-rh,0.0,0.0,0.0,0.0,0.056818181818181816,0.0,0.011363636363636364,0.0,0.0,0.0,0.0,0.0,0.0,0.1903409090909091,0.0,0.0,0.0,0.07386363636363637,0.0,0.11079545454545454,0.0,0.0,0.02556818181818182,0.0,0.03409090909090909,0.0,0.03977272727272727,0.15625,0.0,0.0,0.0,0.0,0.0,0.0,0.0,0.13920454545454544,0.0,0.0,0.0,0.0,0.0,0.06534090909090909,0.0,0.0,0.0,0.014204545454545454,0.0,0.0,0.0,0.0,0.005681818181818182,0.014204545454545454,0.0,0.0,0.0,0.0,0.0,0.0,0.0625,0.0,0.0,0.0,0.0,0.0,0.0,0.0,0.0,0.0
inferiorparietal-lh,0.0,0.0,0.0,0.0,0.0,0.0,0.0,0.0,0.0,0.0,0.0,0.0,0.0,0.0,0.0,0.0,0.0,0.0,0.0,0.0,0.0,0.0,0.0,0.0,0.0,0.0,0.0,0.0,0.0,0.0,0.0,0.0,0.0,0.0,0.0,0.0,0.0,0.0,0.0,0.0,0.0,0.0,0.0,0.0,0.0,0.0,0.0,0.0,0.0,0.0,0.0,0.0,0.0,0.0,0.0,0.0,0.0,0.0,0.0,0.0,0.0,0.0,0.0,0.0,0.0,0.0,0.0,0.0
inferiorparietal-rh,0.0,0.0,0.0,0.0,0.0,0.0,0.0,0.0,0.0,0.0,0.0,0.0,0.0,0.0,0.0,0.0,0.0,0.0,0.0,0.0,0.0,0.0,0.0,0.0,0.0,0.0,0.0,0.0,0.0,0.0,0.0,0.0,0.0,0.0,0.0,0.0,0.0,0.0,0.0,0.0,0.0,0.0,0.0,0.0,0.0,0.0,0.0,0.0,0.0,0.0,0.0,0.0,0.0,0.0,0.0,0.0,0.0,0.0,0.0,0.0,0.0,0.0,0.0,0.0,0.0,0.0,0.0,0.0
inferiortemporal-lh,0.0,0.0,0.0,0.0,0.0,0.0,0.0,0.0,0.0,0.0,0.0,0.0,0.0,0.0,0.0,0.0,0.0,0.0,0.0,0.0,0.0,0.0,0.0,0.0,0.0,0.0,0.0,0.0,0.0,0.0,0.0,0.0,0.0,0.0,0.0,0.0,0.0,0.0,0.0,0.0,0.0,0.0,0.0,0.0,0.0,0.0,0.0,0.0,0.0,0.0,0.0,0.0,0.0,0.0,0.0,0.0,0.0,0.0,0.0,0.0,0.0,0.0,0.0,0.0,0.0,0.0,0.0,0.0
inferiortemporal-rh,0.0,0.0,0.0,0.0,0.020710059171597635,0.0,0.0,0.0,0.0,0.0,0.0,0.0,0.0,0.08875739644970414,0.0,0.0,0.0,0.16272189349112426,0.0,0.12721893491124261,0.0,0.04437869822485207,0.011834319526627219,0.0,0.0,0.0,0.0,0.10650887573964497,0.0,0.0,0.0,0.0,0.0,0.0,0.0,0.14201183431952663,0.01775147928994083,0.0,0.0,0.0,0.0,0.0650887573964497,0.0,0.0650887573964497,0.0,0.0,0.0,0.0,0.0,0.0,0.047337278106508875,0.10059171597633136,0.0,0.0,0.0,0.0,0.0,0.0,0.0,0.0,0.0,0.0,0.0,0.0,0.0,0.0,0.0,0.0
insula-lh,0.0,0.0,0.0,0.0,0.0,0.0,0.0,0.0,0.0,0.0,0.0,0.0,0.0,0.0,0.0,0.0,0.0,0.0,0.0,0.0,0.0,0.0,0.0,0.0,0.0,0.0,0.0,0.0,0.0,0.0,0.0,0.0,0.0,0.0,0.0,0.0,0.0,0.0,0.0,0.0,0.0,0.0,0.0,0.0,0.0,0.0,0.0,0.0,0.0,0.0,0.0,0.0,0.0,0.0,0.0,0.0,0.0,0.0,0.0,0.0,0.0,0.0,0.0,0.0,0.0,0.0,0.0,0.0
insula-rh,0.0,0.0,0.0,0.0,0.022727272727272728,0.0,0.0,0.0,0.030303030303030304,0.0,0.0,0.0,0.0,0.10353535353535354,0.0,0.0,0.0,0.09848484848484848,0.0,0.19696969696969696,0.0,0.010101010101010102,0.015151515151515152,0.0,0.0,0.0,0.0,0.12373737373737374,0.0,0.0,0.0,0.0,0.0,0.0,0.0,0.12878787878787878,0.0,0.0,0.0,0.0,0.0,0.14646464646464646,0.0,0.015151515151515152,0.0,0.0,0.0,0.0,0.0,0.0,0.015151515151515152,0.045454545454545456,0.0,0.0,0.0,0.0,0.0,0.0,0.0,0.0,0.0,0.0,0.0,0.0,0.04040404040404041,0.007575757575757576,0.0,0.0
isthmuscingulate-lh,0.05263157894736842,0.0,0.0,0.0,0.06015037593984962,0.0,0.09774436090225563,0.0,0.0,0.0,0.06390977443609022,0.0,0.0,0.0,0.0,0.0,0.0,0.0,0.0,0.0,0.21052631578947367,0.0,0.0,0.018796992481203006,0.02631578947368421,0.0,0.09398496240601503,0.10902255639097744,0.007518796992481203,0.0,0.0,0.0,0.0,0.0,0.0,0.0,0.03383458646616541,0.0,0.0,0.0,0.0,0.0,0.03383458646616541,0.10150375939849623,0.0,0.0,0.0,0.0,0.0,0.0,0.0,0.0037593984962406013,0.0,0.0,0.0,0.0,0.0,0.0,0.07894736842105263,0.007518796992481203,0.0,0.0,0.0,0.0,0.0,0.0,0.0,0.0
isthmuscingulate-rh,0.023890784982935155,0.0,0.015358361774744027,0.0,0.013651877133105802,0.0,0.0,0.10068259385665529,0.0,0.0,0.0,0.0,0.0,0.0034129692832764505,0.0,0.0,0.0,0.032423208191126277,0.0,0.010238907849829351,0.0,0.3225255972696246,0.0,0.0,0.0,0.0,0.025597269624573378,0.008532423208191127,0.0,0.0,0.0,0.0,0.0,0.0,0.0,0.034129692832764506,0.025597269624573378,0.0,0.0,0.0,0.0,0.0,0.015358361774744027,0.09385665529010238,0.0,0.0,0.0,0.0,0.005119453924914676,0.0,0.025597269624573378,0.16723549488054607,0.0,0.0,0.0,0.0,0.0,0.0,0.0,0.07679180887372014,0.0,0.0,0.0,0.0,0.0,0.0,0.0,0.0
lateraloccipital-lh,0.0,0.0,0.07216494845360824,0.0,0.04639175257731959,0.0,0.005154639175257732,0.0,0.0,0.15979381443298968,0.0,0.0,0.0,0.04639175257731959,0.0,0.0,0.0,0.010309278350515464,0.0,0.020618556701030927,0.0,0.0,0.23711340206185566,0.0,0.0,0.0,0.0,0.04639175257731959,0.0,0.0,0.0,0.0,0.0,0.0,0.0,0.04639175257731959,0.0,0.09278350515463918,0.0,0.0,0.0,0.0,0.0,0.0,0.0,0.0,0.0,0.0,0.0,0.0,0.02577319587628866,0.0,0.0,0.0,0.0,0.061855670103092786,0.0,0.02577319587628866,0.020618556701030927,0.0,0.0,0.0,0.08247422680412371,0.0,0.0,0.0,0.0,0.0
lateraloccipital-rh,0.0,0.0,0.0,0.0,0.11785714285714285,0.0,0.08928571428571429,0.0,0.0,0.0,0.1,0.0,0.0,0.0,0.0,0.0,0.0,0.0,0.0,0.0,0.010714285714285714,0.007142857142857143,0.0,0.11071428571428571,0.0,0.0,0.0,0.11428571428571428,0.0,0.0,0.0,0.0,0.0,0.0,0.0,0.0,0.0,0.0,0.0,0.0,0.0,0.0,0.11785714285714285,0.11785714285714285,0.0,0.0,0.0,0.0,0.0,0.0,0.0,0.10357142857142858,0.0,0.0,0.0,0.0,0.0,0.0,0.0,0.11071428571428571,0.0,0.0,0.0,0.0,0.0,0.0,0.0,0.0
lateralorbitofrontal-lh,0.07514450867052024,0.0,0.0,0.0,0.0,0.0,0.04046242774566474,0.0,0.0,0.0,0.0,0.0,0.0,0.07514450867052024,0.0,0.0,0.0,0.0,0.0,0.0,0.05202312138728324,0.0,0.0,0.0,0.2254335260115607,0.0,0.14450867052023122,0.03468208092485549,0.06936416184971098,0.0,0.0,0.0,0.0,0.0,0.0,0.0,0.06358381502890173,0.0,0.017341040462427744,0.0,0.0,0.0,0.0,0.0,0.0,0.0,0.0,0.0,0.0,0.0,0.0,0.0,0.0,0.0,0.0,0.0,0.0,0.0,0.2023121387283237,0.0,0.0,0.0,0.0,0.0,0.0,0.0,0.0,0.0
lateralorbitofrontal-rh,0.0,0.0,0.0,0.0,0.0,0.0,0.0,0.0,0.0,0.0,0.0,0.0,0.0,0.0,0.0,0.0,0.0,0.0,0.0,0.0,0.0,0.0,0.0,0.0,0.0,0.0,0.0,0.0,0.0,0.0,0.0,0.0,0.0,0.0,0.0,0.0,0.0,0.0,0.0,0.0,0.0,0.0,0.0,0.0,0.0,0.0,0.0,0.0,0.0,0.0,0.0,0.0,0.0,0.0,0.0,0.0,0.0,0.0,0.0,0.0,0.0,0.0,0.0,0.0,0.0,0.0,0.0,0.0
lingual-lh,0.12742382271468145,0.0,0.0,0.0,0.05263157894736842,0.0,0.06925207756232687,0.0221606648199446,0.0,0.0,0.002770083102493075,0.0,0.0,0.0332409972299169,0.0,0.0,0.0,0.0,0.0,0.0,0.08033240997229917,0.030470914127423823,0.0,0.0,0.0664819944598338,0.0,0.23822714681440443,0.055401662049861494,0.04155124653739612,0.0,0.0,0.0,0.0,0.0,0.0,0.01662049861495845,0.0332409972299169,0.0,0.008310249307479225,0.0,0.0,0.0,0.0,0.00554016620498615,0.0,0.013850415512465374,0.0,0.0,0.0,0.0,0.0,0.0,0.0,0.0,0.0,0.0,0.0,0.0,0.10249307479224377,0.0,0.0,0.0,0.0,0.0,0.0,0.0,0.0,0.0
lingual-rh,0.0,0.0,0.0,0.0,0.09647302904564316,0.0,0.07883817427385892,0.0,0.0,0.0,0.06224066390041494,0.0,0.0,0.054979253112033194,0.0,0.0,0.0,0.03319502074688797,0.0,0.046680497925311204,0.025933609958506226,0.007261410788381743,0.00933609958506224,0.03423236514522822,0.004149377593360996,0.0,0.02074688796680498,0.16182572614107885,0.0,0.0,0.0,0.0,0.0,0.0,0.0,0.05705394190871369,0.006224066390041493,0.0,0.0,0.0,0.0,0.028008298755186723,0.05186721991701245,0.07987551867219916,0.0,0.005186721991701245,0.0,0.0,0.0,0.0,0.004149377593360996,0.04771784232365145,0.0,0.0,0.0,0.0,0.0,0.0,0.04149377593360996,0.04253112033195021,0.0,0.0,0.0,0.0,0.0,0.0,0.0,0.0
medialorbitofrontal-lh,0.12396694214876033,0.0,0.0,0.0,0.049586776859504134,0.0,0.01652892561983471,0.0,0.0,0.0,0.0,0.0,0.0,0.0,0.0,0.0,0.0,0.0,0.0,0.0,0.03305785123966942,0.0,0.0,0.0,0.11570247933884298,0.0,0.14049586776859505,0.008264462809917356,0.2644628099173554,0.0,0.0,0.0,0.0,0.0,0.0,0.0,0.049586776859504134,0.0,0.024793388429752067,0.0,0.0,0.0,0.0,0.0,0.0,0.0,0.0,0.0,0.0,0.0,0.0,0.0,0.0,0.0,0.0,0.0,0.0,0.0,0.17355371900826447,0.0,0.0,0.0,0.0,0.0,0.0,0.0,0.0,0.0
medialorbitofrontal-rh,0.0,0.0,0.0,0.0,0.0,0.0,0.0,0.0,0.0,0.0,0.0,0.0,0.0,0.0,0.0,0.0,0.0,0.0,0.0,0.0,0.0,0.0,0.0,0.0,0.0,0.0,0.0,0.0,0.0,0.0,0.0,0.0,0.0,0.0,0.0,0.0,0.0,0.0,0.0,0.0,0.0,0.0,0.0,0.0,0.0,0.0,0.0,0.0,0.0,0.0,0.0,0.0,0.0,0.0,0.0,0.0,0.0,0.0,0.0,0.0,0.0,0.0,0.0,0.0,0.0,0.0,0.0,0.0
middletemporal-lh,0.0,0.0,0.0,0.0,0.0,0.0,0.0,0.0,0.0,0.0,0.0,0.0,0.0,0.0,0.0,0.0,0.0,0.0,0.0,0.0,0.0,0.0,0.0,0.0,0.0,0.0,0.0,0.0,0.0,0.0,0.0,0.0,0.0,0.0,0.0,0.0,0.0,0.0,0.0,0.0,0.0,0.0,0.0,0.0,0.0,0.0,0.0,0.0,0.0,0.0,0.0,0.0,0.0,0.0,0.0,0.0,0.0,0.0,0.0,0.0,0.0,0.0,0.0,0.0,0.0,0.0,0.0,0.0
middletemporal-rh,0.0,0.0,0.0,0.0,0.0,0.0,0.0,0.0,0.0,0.0,0.0,0.0,0.0,0.0,0.0,0.0,0.0,0.0,0.0,0.0,0.0,0.0,0.0,0.0,0.0,0.0,0.0,0.0,0.0,0.0,0.0,0.0,0.0,0.0,0.0,0.0,0.0,0.0,0.0,0.0,0.0,0.0,0.0,0.0,0.0,0.0,0.0,0.0,0.0,0.0,0.0,0.0,0.0,0.0,0.0,0.0,0.0,0.0,0.0,0.0,0.0,0.0,0.0,0.0,0.0,0.0,0.0,0.0
paracentral-lh,0.0,0.0,0.0,0.0,0.0,0.0,0.0,0.0,0.0,0.0,0.0,0.0,0.0,0.0,0.0,0.0,0.0,0.0,0.0,0.0,0.0,0.0,0.0,0.0,0.0,0.0,0.0,0.0,0.0,0.0,0.0,0.0,0.0,0.0,0.0,0.0,0.0,0.0,0.0,0.0,0.0,0.0,0.0,0.0,0.0,0.0,0.0,0.0,0.0,0.0,0.0,0.0,0.0,0.0,0.0,0.0,0.0,0.0,0.0,0.0,0.0,0.0,0.0,0.0,0.0,0.0,0.0,0.0
paracentral-rh,0.0,0.0,0.0,0.0,0.0,0.0,0.0,0.0,0.0,0.0,0.0,0.0,0.0,0.0,0.0,0.0,0.0,0.0,0.0,0.0,0.0,0.0,0.0,0.0,0.0,0.0,0.0,0.0,0.0,0.0,0.0,0.0,0.0,0.0,0.0,0.0,0.0,0.0,0.0,0.0,0.0,0.0,0.0,0.0,0.0,0.0,0.0,0.0,0.0,0.0,0.0,0.0,0.0,0.0,0.0,0.0,0.0,0.0,0.0,0.0,0.0,0.0,0.0,0.0,0.0,0.0,0.0,0.0
parahippocampal-lh,0.0,0.0,0.0,0.0,0.0,0.0,0.0,0.0,0.0,0.0,0.0,0.0,0.0,0.0,0.0,0.0,0.0,0.0,0.0,0.0,0.0,0.0,0.0,0.0,0.0,0.0,0.0,0.0,0.0,0.0,0.0,0.0,0.0,0.0,0.0,0.0,0.0,0.0,0.0,0.0,0.0,0.0,0.0,0.0,0.0,0.0,0.0,0.0,0.0,0.0,0.0,0.0,0.0,0.0,0.0,0.0,0.0,0.0,0.0,0.0,0.0,0.0,0.0,0.0,0.0,0.0,0.0,0.0
parahippocampal-rh,0.0,0.0,0.0,0.0,0.0576036866359447,0.0,0.004608294930875576,0.0,0.0,0.0,0.0,0.0,0.0,0.1175115207373272,0.0,0.0,0.0,0.10138248847926268,0.0,0.11981566820276497,0.0,0.03686635944700461,0.020737327188940093,0.0,0.0,0.0,0.018433179723502304,0.1359447004608295,0.0,0.0,0.0,0.0,0.0,0.0,0.0,0.1912442396313364,0.0,0.0,0.0,0.0,0.0,0.07142857142857142,0.0,0.02534562211981567,0.0,0.01152073732718894,0.0,0.0,0.0,0.0,0.02534562211981567,0.052995391705069124,0.0,0.0,0.0,0.0,0.0,0.0,0.009216589861751152,0.0,0.0,0.0,0.0,0.0,0.0,0.0,0.0,0.0
parsopercularis-lh,0.010752688172043012,0.0,0.0,0.0,0.0,0.0,0.03225806451612903,0.0,0.0,0.0,0.0,0.0,0.0,0.0,0.0,0.0,0.0,0.017204301075268817,0.0,0.0,0.023655913978494623,0.04516129032258064,0.0,0.0,0.01935483870967742,0.0,0.025806451612903226,0.017204301075268817,0.008602150537634409,0.0,0.0,0.0,0.0,0.0,0.0,0.004301075268817204,0.1978494623655914,0.0,0.0,0.0,0.0,0.0,0.05161290322580645,0.17634408602150536,0.053763440860215055,0.0,0.0,0.0,0.07956989247311828,0.0,0.012903225806451613,0.11397849462365592,0.0,0.0,0.0,0.0,0.0,0.0,0.025806451612903226,0.08387096774193549,0.0,0.0,0.0,0.0,0.0,0.0,0.0,0.0
parsopercularis-rh,0.0,0.0,0.13538461538461538,0.0,0.0,0.0,0.1076923076923077,0.0,0.0,0.12307692307692308,0.0,0.0,0.0,0.0,0.0,0.0,0.0,0.0,0.0,0.0,0.0,0.0,0.06153846153846154,0.0,0.0,0.0,0.0,0.0,0.0,0.0,0.0,0.0,0.0,0.0,0.0,0.0,0.0,0.27076923076923076,0.0,0.0,0.0,0.0,0.07692307692307693,0.033846153846153845,0.0,0.0,0.0,0.0,0.0,0.0,0.0,0.0,0.0,0.0,0.0,0.08923076923076922,0.0,0.033846153846153845,0.0,0.043076923076923075,0.0,0.0,0.024615384615384615,0.0,0.0,0.0,0.0,0.0
parsorbitalis-lh,0.17647058823529413,0.0,0.0,0.0,0.0,0.0,0.0,0.0,0.0,0.0,0.0,0.0,0.0,0.0,0.0,0.0,0.0,0.0,0.0,0.0,0.0,0.0,0.0,0.0,0.17647058823529413,0.0,0.17647058823529413,0.0,0.17647058823529413,0.0,0.0,0.0,0.0,0.0,0.0,0.0,0.0,0.0,0.11764705882352941,0.0,0.0,0.0,0.0,0.0,0.0,0.0,0.0,0.0,0.0,0.0,0.0,0.0,0.0,0.0,0.0,0.0,0.0,0.0,0.17647058823529413,0.0,0.0,0.0,0.0,0.0,0.0,0.0,0.0,0.0
parsorbitalis-rh,0.0,0.0,0.0,0.0,0.0,0.0,0.0,0.0,0.0,0.0,0.0,0.0,0.0,0.0,0.0,0.0,0.0,0.0,0.0,0.0,0.0,0.0,0.0,0.0,0.0,0.0,0.0,0.0,0.0,0.0,0.0,0.0,0.0,0.0,0.0,0.0,0.0,0.0,0.0,0.0,0.0,0.0,0.0,0.0,0.0,0.0,0.0,0.0,0.0,0.0,0.0,0.0,0.0,0.0,0.0,0.0,0.0,0.0,0.0,0.0,0.0,0.0,0.0,0.0,0.0,0.0,0.0,0.0
parstriangularis-lh,0.0,0.0,0.0,0.0,0.0,0.0,0.0,0.0,0.0,0.0,0.0,0.0,0.0,0.0,0.0,0.0,0.0,0.0,0.0,0.0,0.0,0.0,0.0,0.0,0.0,0.0,0.0,0.0,0.0,0.0,0.0,0.0,0.0,0.0,0.0,0.0,0.0,0.0,0.0,0.0,0.0,0.0,0.0,0.0,0.0,0.0,0.0,0.0,0.0,0.0,0.0,0.0,0.0,0.0,0.0,0.0,0.0,0.0,0.0,0.0,0.0,0.0,0.0,0.0,0.0,0.0,0.0,0.0
parstriangularis-rh,0.0,0.0,0.0,0.0,0.0,0.0,0.0,0.0,0.04411764705882353,0.0,0.0,0.0,0.0,0.08823529411764706,0.0,0.0,0.0,0.07352941176470588,0.0,0.21323529411764705,0.0,0.0,0.0,0.0,0.0,0.0,0.0,0.10661764705882353,0.0,0.0,0.0,0.0,0.0,0.0,0.0,0.10661764705882353,0.0,0.0,0.0,0.0,0.0,0.23529411764705882,0.0,0.011029411764705883,0.0,0.0,0.0,0.0,0.0,0.0,0.0,0.03308823529411765,0.0,0.0,0.0,0.0,0.0,0.0,0.0,0.0,0.0,0.0,0.0,0.0,0.0661764705882353,0.022058823529411766,0.0,0.0
pericalcarine-lh,0.0,0.0,0.0,0.0,0.07310344827586207,0.0,0.1103448275862069,0.0,0.0,0.008275862068965517,0.05517241379310345,0.0,0.0,0.0,0.0,0.0,0.0,0.0,0.0,0.0,0.009655172413793104,0.01793103448275862,0.0,0.04551724137931035,0.0,0.0,0.0,0.06344827586206897,0.0,0.0,0.0,0.0,0.0,0.0,0.0,0.0,0.03586206896551724,0.034482758620689655,0.0,0.0,0.0,0.0,0.16827586206896553,0.12,0.031724137931034485,0.0,0.0,0.0,0.020689655172413793,0.0,0.0,0.06896551724137931,0.0,0.0,0.0,0.019310344827586208,0.0,0.0,0.002758620689655172,0.11448275862068966,0.0,0.0,0.0,0.0,0.0,0.0,0.0,0.0
pericalcarine-rh,0.0,0.0,0.0,0.0,0.0602510460251046,0.0,0.04769874476987448,0.0,0.0,0.0,0.0502092050209205,0.0,0.0,0.0,0.0,0.0,0.0,0.021757322175732216,0.0,0.008368200836820083,0.019246861924686193,0.05439330543933055,0.0,0.027615062761506277,0.0,0.0,0.0,0.06359832635983263,0.0,0.0,0.0,0.0,0.0,0.0,0.0,0.012552301255230125,0.06443514644351464,0.007531380753138075,0.0,0.0,0.0,0.0041841004184100415,0.0694560669456067,0.19497907949790794,0.017573221757322177,0.0,0.0,0.0,0.03096234309623431,0.0,0.0100418410041841,0.12552301255230125,0.0,0.0,0.0,0.0,0.0,0.0,0.018410041841004185,0.09121338912133892,0.0,0.0,0.0,0.0,0.0,0.0,0.0,0.0
postcentral-lh,0.0,0.0,0.0,0.0,0.0,0.0,0.05517241379310345,0.0,0.0,0.0,0.0,0.0,0.0,0.0,0.0,0.0,0.0,0.0,0.0,0.0,0.0,0.0,0.0,0.0,0.0,0.0,0.0,0.0,0.0,0.0,0.0,0.0,0.0,0.0,0.0,0.0,0.18620689655172415,0.0,0.0,0.0,0.0,0.0,0.15862068965517243,0.15862068965517243,0.1793103448275862,0.0,0.0,0.0,0.09655172413793103,0.0,0.0,0.041379310344827586,0.0,0.0,0.0,0.0,0.0,0.0,0.0,0.12413793103448276,0.0,0.0,0.0,0.0,0.0,0.0,0.0,0.0
postcentral-rh,0.0,0.0,0.0,0.0,0.1724137931034483,0.0,0.034482758620689655,0.0,0.0,0.0,0.0,0.0,0.0,0.13793103448275862,0.0,0.0,0.0,0.0,0.0,0.0,0.0,0.0,0.0,0.0,0.0,0.0,0.1724137931034483,0.1724137931034483,0.0,0.0,0.0,0.0,0.0,0.0,0.0,0.1724137931034483,0.0,0.0,0.0,0.0,0.0,0.0,0.0,0.0,0.0,0.13793103448275862,0.0,0.0,0.0,0.0,0.0,0.0,0.0,0.0,0.0,0.0,0.0,0.0,0.0,0.0,0.0,0.0,0.0,0.0,0.0,0.0,0.0,0.0
posteriorcingulate-lh,0.0,0.0,0.0,0.0,0.0,0.0,0.0,0.0,0.0,0.0,0.0,0.0,0.0,0.0,0.0,0.0,0.0,0.0,0.0,0.0,0.0,0.0,0.0,0.0,0.0,0.0,0.0,0.0,0.0,0.0,0.0,0.0,0.0,0.0,0.0,0.0,0.0,0.0,0.0,0.0,0.0,0.0,0.0,0.0,0.0,0.0,0.0,0.0,0.0,0.0,0.0,0.0,0.0,0.0,0.0,0.0,0.0,0.0,0.0,0.0,0.0,0.0,0.0,0.0,0.0,0.0,0.0,0.0
posteriorcingulate-rh,0.0,0.0,0.0,0.0,0.0,0.0,0.0,0.0,0.0,0.0,0.0,0.0,0.0,0.0,0.0,0.0,0.0,0.0,0.0,0.0,0.0,0.0,0.0,0.0,0.0,0.0,0.0,0.0,0.0,0.0,0.0,0.0,0.0,0.0,0.0,0.0,0.0,0.0,0.0,0.0,0.0,0.0,0.0,0.0,0.0,0.0,0.0,0.0,0.0,0.0,0.0,0.0,0.0,0.0,0.0,0.0,0.0,0.0,0.0,0.0,0.0,0.0,0.0,0.0,0.0,0.0,0.0,0.0
precentral-lh,0.0,0.0,0.0,0.0,0.0,0.0,0.0,0.0,0.0,0.0,0.0,0.0,0.0,0.0,0.0,0.0,0.0,0.010526315789473684,0.0,0.0,0.0,0.02631578947368421,0.0,0.0,0.0,0.0,0.0,0.0,0.0,0.0,0.0,0.0,0.0,0.0,0.0,0.0,0.19473684210526315,0.0,0.0,0.0,0.0,0.0,0.06842105263157895,0.19473684210526315,0.05263157894736842,0.0,0.0,0.0,0.18421052631578946,0.0,0.0,0.15789473684210525,0.0,0.0,0.0,0.0,0.0,0.0,0.0,0.11052631578947368,0.0,0.0,0.0,0.0,0.0,0.0,0.0,0.0
precentral-rh,0.0,0.0,0.0,0.0,0.0,0.0,0.0,0.0,0.0,0.0,0.0,0.0,0.0,0.0,0.0,0.0,0.0,0.0,0.0,0.0,0.0,0.0,0.0,0.0,0.0,0.0,0.0,0.0,0.0,0.0,0.0,0.0,0.0,0.0,0.0,0.0,0.0,0.0,0.0,0.0,0.0,0.0,0.0,0.0,0.0,0.0,0.0,0.0,0.0,0.0,0.0,0.0,0.0,0.0,0.0,0.0,0.0,0.0,0.0,0.0,0.0,0.0,0.0,0.0,0.0,0.0,0.0,0.0
precuneus-lh,0.0,0.0,0.0,0.0,0.0,0.0,0.0,0.0,0.0,0.03389830508474576,0.0,0.0,0.0,0.03389830508474576,0.0,0.0,0.0,0.13559322033898305,0.0,0.06779661016949153,0.0,0.11016949152542373,0.03389830508474576,0.0,0.0,0.0,0.0,0.05084745762711865,0.0,0.0,0.0,0.0,0.0,0.0,0.0,0.11016949152542373,0.03389830508474576,0.0,0.0,0.0,0.0,0.0,0.0,0.0847457627118644,0.0,0.0,0.0,0.0,0.0,0.0,0.16101694915254236,0.13559322033898305,0.0,0.0,0.0,0.0,0.0,0.0,0.0,0.0,0.0,0.0,0.00847457627118644,0.0,0.0,0.0,0.0,0.0
precuneus-rh,0.0,0.0,0.0,0.0,0.0405982905982906,0.0,0.021367521367521368,0.0202991452991453,0.0,0.0,0.026709401709401708,0.0,0.0,0.009615384615384616,0.0,0.0,0.0,0.0405982905982906,0.0,0.023504273504273504,0.0,0.11217948717948718,0.0,0.026709401709401708,0.0,0.0,0.0,0.049145299145299144,0.0,0.0,0.0,0.0,0.0,0.0,0.0,0.028846153846153848,0.050213675213675216,0.0,0.0,0.0,0.0,0.011752136752136752,0.04700854700854701,0.14743589743589744,0.002136752136752137,0.0,0.0,0.0,0.028846153846153848,0.0,0.017094017094017096,0.20192307692307693,0.0,0.0,0.0,0.0,0.0,0.0,0.0,0.09401709401709402,0.0,0.0,0.0,0.0,0.0,0.0,0.0,0.0
rostralanteriorcingulate-lh,0.0,0.0,0.0,0.0,0.0,0.0,0.0,0.0,0.0,0.0,0.0,0.0,0.0,0.0,0.0,0.0,0.0,0.0,0.0,0.0,0.0,0.0,0.0,0.0,0.0,0.0,0.0,0.0,0.0,0.0,0.0,0.0,0.0,0.0,0.0,0.0,0.0,0.0,0.0,0.0,0.0,0.0,0.0,0.0,0.0,0.0,0.0,0.0,0.0,0.0,0.0,0.0,0.0,0.0,0.0,0.0,0.0,0.0,0.0,0.0,0.0,0.0,0.0,0.0,0.0,0.0,0.0,0.0
rostralanteriorcingulate-rh,0.0,0.0,0.0,0.0,0.0,0.0,0.0,0.0,0.0,0.0,0.0,0.0,0.0,0.0,0.0,0.0,0.0,0.0,0.0,0.0,0.0,0.0,0.0,0.0,0.0,0.0,0.0,0.0,0.0,0.0,0.0,0.0,0.0,0.0,0.0,0.0,0.0,0.0,0.0,0.0,0.0,0.0,0.0,0.0,0.0,0.0,0.0,0.0,0.0,0.0,0.0,0.0,0.0,0.0,0.0,0.0,0.0,0.0,0.0,0.0,0.0,0.0,0.0,0.0,0.0,0.0,0.0,0.0
rostralmiddlefrontal-lh,0.0,0.0,0.0,0.0,0.0,0.0,0.0,0.0,0.0,0.0,0.0,0.0,0.0,0.0,0.0,0.0,0.0,0.0,0.0,0.0,0.0,0.0,0.0,0.0,0.0,0.0,0.0,0.0,0.0,0.0,0.0,0.0,0.0,0.0,0.0,0.0,0.0,0.0,0.0,0.0,0.0,0.0,0.0,0.0,0.0,0.0,0.0,0.0,0.0,0.0,0.0,0.0,0.0,0.0,0.0,0.0,0.0,0.0,0.0,0.0,0.0,0.0,0.0,0.0,0.0,0.0,0.0,0.0
rostralmiddlefrontal-rh,0.0,0.0,0.056818181818181816,0.0,0.0,0.0,0.10795454545454546,0.0,0.0,0.24431818181818182,0.0,0.0,0.0,0.0,0.0,0.0,0.0,0.0,0.0,0.0,0.0,0.0,0.056818181818181816,0.0,0.0,0.0,0.0,0.0,0.0,0.0,0.0,0.0,0.0,0.0,0.0,0.0,0.0,0.14204545454545456,0.0,0.0,0.0,0.0,0.07954545454545454,0.0,0.0,0.0,0.0,0.0,0.0,0.0,0.0,0.0,0.0,0.0,0.0,0.3125,0.0,0.0,0.0,0.0,0.0,0.0,0.0,0.0,0.0,0.0,0.0,0.0
superiorfrontal-lh,0.0,0.0,0.0,0.0,0.0,0.0,0.0,0.0,0.0,0.0,0.0,0.0,0.0,0.0,0.0,0.0,0.0,0.0,0.0,0.0,0.0,0.0,0.0,0.0,0.0,0.0,0.0,0.0,0.0,0.0,0.0,0.0,0.0,0.0,0.0,0.0,0.0,0.0,0.0,0.0,0.0,0.0,0.0,0.0,0.0,0.0,0.0,0.0,0.0,0.0,0.0,0.0,0.0,0.0,0.0,0.0,0.0,0.0,0.0,0.0,0.0,0.0,0.0,0.0,0.0,0.0,0.0,0.0
superiorfrontal-rh,0.0,0.0,0.22666666666666666,0.02666666666666667,0.0,0.0,0.0,0.0,0.0,0.10666666666666667,0.0,0.0,0.0,0.0,0.0,0.0,0.0,0.0,0.0,0.0,0.0,0.0,0.09333333333333334,0.0,0.0,0.0,0.0,0.0,0.0,0.0,0.0,0.0,0.0,0.0,0.0,0.0,0.0,0.17333333333333334,0.0,0.0,0.0,0.0,0.0,0.0,0.0,0.0,0.0,0.0,0.0,0.0,0.0,0.0,0.0,0.0,0.0,0.0,0.0,0.21333333333333335,0.0,0.0,0.0,0.0,0.16,0.0,0.0,0.0,0.0,0.0
superiorparietal-lh,0.030973451327433628,0.0,0.0,0.0,0.09513274336283185,0.0,0.10619469026548672,0.0,0.0,0.0,0.05309734513274336,0.0,0.0,0.04424778761061947,0.0,0.0,0.0,0.0,0.0,0.0,0.05088495575221239,0.0,0.004424778761061947,0.0,0.07743362831858407,0.0,0.07964601769911504,0.09734513274336283,0.0420353982300885,0.0,0.0,0.0,0.0,0.0,0.0,0.008849557522123894,0.02654867256637168,0.0,0.00663716814159292,0.0,0.0,0.0,0.01327433628318584,0.05752212389380531,0.0,0.0,0.0,0.0,0.0,0.0,0.0,0.0,0.0,0.0,0.0,0.0,0.0,0.0,0.20575221238938052,0.0,0.0,0.0,0.0,0.0,0.0,0.0,0.0,0.0
superiorparietal-rh,0.0,0.0,0.0,0.0,0.05945945945945946,0.0,0.0472972972972973,0.014864864864864866,0.0,0.0,0.041891891891891894,0.0,0.0,0.0,0.0,0.0,0.0,0.0013513513513513514,0.0,0.0,0.0,0.07162162162162163,0.0,0.03918918918918919,0.0,0.0,0.0,0.05,0.0,0.0,0.0,0.0,0.0,0.0,0.0,0.0,0.05405405405405406,0.016216216216216217,0.0,0.0,0.0,0.0,0.10135135135135136,0.1472972972972973,0.021621621621621623,0.0,0.0,0.0,0.031081081081081083,0.0,0.0,0.12972972972972974,0.0,0.0,0.0,0.0,0.0,0.0,0.0,0.17297297297297298,0.0,0.0,0.0,0.0,0.0,0.0,0.0,0.0
superiortemporal-lh,0.0,0.0,0.0,0.0,0.0,0.0,0.0,0.0,0.0,0.0,0.0,0.0,0.0,0.0,0.0,0.0,0.0,0.0,0.0,0.0,0.0,0.0,0.0,0.0,0.0,0.0,0.0,0.0,0.0,0.0,0.0,0.0,0.0,0.0,0.0,0.0,0.0,0.0,0.0,0.0,0.0,0.0,0.0,0.0,0.0,0.0,0.0,0.0,0.0,0.0,0.0,0.0,0.0,0.0,0.0,0.0,0.0,0.0,0.0,0.0,0.0,0.0,0.0,0.0,0.0,0.0,0.0,0.0
superiortemporal-rh,0.0,0.0,0.0,0.0,0.0,0.0,0.0,0.0,0.0,0.0,0.0,0.0,0.0,0.0,0.0,0.0,0.0,0.0,0.0,0.0,0.0,0.0,0.0,0.0,0.0,0.0,0.0,0.0,0.0,0.0,0.0,0.0,0.0,0.0,0.0,0.0,0.0,0.0,0.0,0.0,0.0,0.0,0.0,0.0,0.0,0.0,0.0,0.0,0.0,0.0,0.0,0.0,0.0,0.0,0.0,0.0,0.0,0.0,0.0,0.0,0.0,0.0,0.0,0.0,0.0,0.0,0.0,0.0
supramarginal-lh,0.0,0.0,0.11320754716981132,0.0,0.0,0.0,0.0,0.0,0.0,0.11320754716981132,0.0,0.0,0.0,0.0,0.0,0.0,0.0,0.0,0.0,0.0,0.0,0.0,0.18867924528301888,0.0,0.0,0.0,0.0,0.0,0.0,0.0,0.0,0.0,0.0,0.0,0.0,0.0,0.0,0.09433962264150944,0.0,0.0,0.0,0.0,0.0,0.0,0.0,0.0,0.0,0.0,0.0,0.0,0.02830188679245283,0.0,0.0,0.0,0.0,0.0,0.0,0.11320754716981132,0.0,0.0,0.0,0.0,0.330188679245283,0.0,0.0,0.018867924528301886,0.0,0.0
supramarginal-rh,0.0,0.0,0.0,0.0,0.0,0.0,0.0,0.0,0.0,0.0,0.0,0.0,0.0,0.0,0.0,0.0,0.0,0.0,0.0,0.0,0.0,0.0,0.0,0.0,0.0,0.0,0.0,0.0,0.0,0.0,0.0,0.0,0.0,0.0,0.0,0.0,0.0,0.0,0.0,0.0,0.0,0.0,0.0,0.0,0.0,0.0,0.0,0.0,0.0,0.0,0.0,0.0,0.0,0.0,0.0,0.0,0.0,0.0,0.0,0.0,0.0,0.0,0.0,0.0,0.0,0.0,0.0,0.0
temporalpole-lh,0.0,0.0,0.0,0.0,0.0,0.0,0.02127659574468085,0.0,0.24468085106382978,0.0,0.0,0.0,0.0,0.0,0.0,0.0,0.0,0.0,0.0,0.19148936170212766,0.0,0.0,0.0,0.0,0.0,0.0,0.0,0.0,0.0,0.0,0.0,0.0,0.0,0.0,0.0,0.0,0.0,0.0,0.0,0.0,0.0,0.19148936170212766,0.0,0.0,0.0,0.0,0.0,0.0,0.0,0.0,0.0,0.0,0.0,0.0,0.0,0.0,0.0,0.0,0.0,0.0,0.0,0.0,0.0,0.0,0.35106382978723405,0.0,0.0,0.0
temporalpole-rh,0.0,0.0,0.0,0.0,0.0,0.0,0.0,0.0,0.15555555555555556,0.0,0.0,0.0,0.0,0.0,0.0,0.0,0.0,0.0,0.0,0.022222222222222223,0.0,0.0,0.0,0.0,0.0,0.0,0.0,0.0,0.0,0.0,0.0,0.0,0.0,0.0,0.0,0.0,0.0,0.0,0.0,0.0,0.0,0.08888888888888889,0.0,0.0,0.0,0.0,0.0,0.0,0.0,0.0,0.0,0.0,0.0,0.0,0.0,0.0,0.0,0.0,0.0,0.0,0.0,0.0,0.08888888888888889,0.0,0.0,0.6444444444444445,0.0,0.0
transversetemporal-lh,0.0,0.0,0.0,0.0,0.0,0.0,0.0,0.0,0.0,0.0,0.0,0.0,0.0,0.0,0.0,0.0,0.0,0.0,0.0,0.0,0.0,0.0,0.0,0.0,0.0,0.0,0.0,0.0,0.0,0.0,0.0,0.0,0.0,0.0,0.0,0.0,0.0,0.0,0.0,0.0,0.0,0.0,0.0,0.0,0.0,0.0,0.0,0.0,0.0,0.0,0.0,0.0,0.0,0.0,0.0,0.0,0.0,0.0,0.0,0.0,0.0,0.0,0.0,0.0,0.0,0.0,0.0,0.0
transversetemporal-rh,0.0,0.0,0.0,0.0,0.0,0.0,0.0,0.0,0.0,0.0,0.0,0.0,0.0,0.0,0.0,0.0,0.0,0.0,0.0,0.0,0.0,0.0,0.0,0.0,0.0,0.0,0.0,0.0,0.0,0.0,0.0,0.0,0.0,0.0,0.0,0.0,0.0,0.0,0.0,0.0,0.0,0.0,0.0,0.0,0.0,0.0,0.0,0.0,0.0,0.0,0.0,0.0,0.0,0.0,0.0,0.0,0.0,0.0,0.0,0.0,0.0,0.0,0.0,0.0,0.0,0.0,0.0,0.0
