,S1_D1 hbo,S1_D3 hbo,S2_D1 hbo,S2_D2 hbo,S2_D4 hbo,S3_D1 hbo,S3_D3 hbo,S3_D4 hbo,S3_D5 hbo,S4_D2 hbo,S4_D4 hbo,S4_D6 hbo,S4_D11 hbo,S5_D3 hbo,S5_D5 hbo,S5_D7 hbo,S6_D4 hbo,S6_D5 hbo,S6_D6 hbo,S6_D8 hbo,S7_D5 hbo,S7_D7 hbo,S7_D8 hbo,S8_D6 hbo,S8_D8 hbo,S8_D15 hbo,S9_D2 hbo,S9_D9 hbo,S9_D11 hbo,S10_D9 hbo,S10_D10 hbo,S10_D12 hbo,S11_D9 hbo,S11_D11 hbo,S11_D12 hbo,S11_D13 hbo,S12_D10 hbo,S12_D12 hbo,S12_D14 hbo,S13_D6 hbo,S13_D11 hbo,S13_D13 hbo,S13_D15 hbo,S14_D12 hbo,S14_D13 hbo,S14_D14 hbo,S14_D16 hbo,S15_D13 hbo,S15_D15 hbo,S15_D16 hbo,S16_D14 hbo,S16_D16 hbo
S1_D1 hbo,0.07146064658893897,0.0,0.03591029139787186,0.0,0.03591029139787186,0.033174313285696755,0.0,0.03522629686982809,0.03591029139787186,0.0,0.0,0.03522629686982809,0.025650373477215226,0.0,0.0,0.0,0.0,0.03591029139787186,0.03591029139787186,0.03522629686982809,0.0,0.0,0.0,0.03591029139787186,0.0,0.03522629686982809,0.0,0.0,0.016074450084602367,0.03591029139787186,0.0,0.0,0.025650373477215226,0.033174313285696755,0.02496637894917145,0.0,0.0,0.016074450084602367,0.025650373477215226,0.027018362533302778,0.016074450084602367,0.034542302341784306,0.032490318757652986,0.03385830781374054,0.03591029139787186,0.03591029139787186,0.03591029139787186,0.034542302341784306,0.0,0.013679890560875513,0.03591029139787186,0.0
S1_D3 hbo,0.0,0.12068766585900542,0.0,0.058108341986846654,0.0,0.0,0.058108341986846654,0.0,0.0,0.058108341986846654,0.05347871235721703,0.0,0.0,0.051935502480673815,0.058108341986846654,0.027777777777777776,0.058108341986846654,0.0,0.0,0.0,0.02570093457943925,0.02336448598130841,0.015186915887850467,0.0,0.02570093457943925,0.015432098765432098,0.023148148148148147,0.0,0.0,0.0,0.058108341986846654,0.058108341986846654,0.0,0.0,0.0,0.058108341986846654,0.058108341986846654,0.0,0.0,0.0,0.0,0.0,0.010802469135802469,0.0,0.0,0.0,0.0,0.0,0.02570093457943925,0.0,0.0,0.058108341986846654
S2_D1 hbo,0.027194032388875806,0.0,0.04311376658033121,0.0,0.042441723569578524,0.03206021243753761,0.0,0.03733190749025456,0.04055313554666039,0.0,0.0,0.035848834471391575,0.027251262328964236,0.0,0.0,0.0,0.0,0.040692122544018,0.03894252151845748,0.03786496350364964,0.0,0.0,0.0,0.0375984354969521,0.0,0.03543187347931873,0.0,0.0,0.01338199513381995,0.039081508515815086,0.0,0.0,0.028062292337074538,0.0354547654553541,0.027390249326321846,0.0,0.0,0.017437145174371452,0.021168537268136986,0.027784318342359313,0.01662611516626115,0.03396024644847344,0.03153860241216022,0.03612680846610679,0.03961456452921017,0.03786496350364964,0.039753551526567774,0.03665986447950187,0.0,0.0,0.041769680558825836,0.0
S2_D2 hbo,0.0,0.03625408496732026,0.0,0.07577614379084967,0.0,0.0,0.06574754901960785,0.0,0.0,0.07408088235294118,0.04828431372549019,0.0,0.0,0.04581290849673203,0.06744281045751634,0.020833333333333332,0.06470588235294117,0.0,0.0,0.0,0.03202614379084967,0.018300653594771243,0.00849673202614379,0.0,0.03202614379084967,0.03125,0.017708333333333333,0.0,0.0,0.0,0.05506535947712418,0.06235702614379085,0.0,0.0,0.0,0.06274509803921569,0.06678921568627451,0.0,0.0,0.0,0.0,0.0,0.028125,0.0,0.0,0.0,0.0,0.0,0.030065359477124184,0.0,0.0,0.05610702614379085
S2_D4 hbo,0.027309563113108372,0.0,0.0422473128469827,0.0,0.04157345839954335,0.03221553204197182,0.0,0.03753033171490723,0.04075579691139944,0.0,0.0,0.03603881577932396,0.02742251500331693,0.0,0.0,0.0,0.0,0.04049077320803204,0.03914306431315333,0.037651548377570065,0.0,0.0,0.0,0.037795355418274626,0.0,0.0356073946572103,0.0,0.0,0.01349141455437449,0.03928687135385789,0.0,0.0,0.02783134574738888,0.03524374466922177,0.02715749129994953,0.0,0.0,0.017170891251022075,0.021290053842237616,0.027952562410051725,0.016762060506950123,0.03413846909966875,0.031708075013278735,0.03591759911666112,0.03981691876059268,0.03806037912164202,0.03996072580129724,0.03644764652339592,0.0,0.0,0.0419822891436153,0.0
S3_D1 hbo,0.030069972771839287,0.0,0.03787830155148847,0.0,0.03787830155148847,0.05557582314691151,0.0,0.03639241745044835,0.03787830155148847,0.0,0.0,0.03490653334940823,0.026734170793687576,0.0,0.0,0.0,0.0,0.03787830155148847,0.037135359500968405,0.03787830155148847,0.0,0.0,0.0,0.03639241745044835,0.0,0.03787830155148847,0.0,0.0,0.016332982086406742,0.03639241745044835,0.0,0.0,0.026734170793687576,0.03490653334940823,0.025991228743167515,0.0,0.0,0.016332982086406742,0.02462668923415122,0.028220054894727693,0.016332982086406742,0.035649475399928285,0.03416359129888817,0.03416359129888817,0.03787830155148847,0.037135359500968405,0.03639241745044835,0.03639241745044835,0.0,0.0,0.03787830155148847,0.0
S3_D3 hbo,0.0,0.037160859547655994,0.0,0.07159448911459068,0.0,0.0,0.06974185357596276,0.0,0.0,0.07094089434334885,0.04783467343772041,0.0,0.0,0.048488268208962244,0.06919640757981849,0.02038369304556355,0.06614473127380449,0.0,0.0,0.0,0.03202614379084967,0.018300653594771243,0.00849673202614379,0.0,0.03202614379084967,0.027577937649880094,0.016786570743405275,0.0,0.0,0.0,0.05644425635961819,0.06363850096393474,0.0,0.0,0.0,0.064183946960079,0.06854281280857666,0.0,0.0,0.0,0.0,0.0,0.023980815347721823,0.0,0.0,0.0,0.0,0.0,0.030065359477124184,0.0,0.0,0.05644425635961819
S3_D4 hbo,0.028351653684695832,0.0,0.039041154060809005,0.0,0.039041154060809005,0.031137924340588676,0.0,0.03831015990876222,0.03862621630147291,0.0,0.0,0.037895222149426123,0.02807624178010725,0.0,0.0,0.0,0.0,0.03862621630147291,0.03862621630147291,0.03706534663075392,0.0,0.0,0.0,0.03862621630147291,0.0,0.03540559559340953,0.0,0.0,0.013692946058091286,0.0394560918201451,0.0,0.0,0.028491179539443353,0.03653211521195797,0.02776018538739657,0.0,0.0,0.01701244813278008,0.022267113149401857,0.02912329232486472,0.01701244813278008,0.035919414719371046,0.03331149450389459,0.03726310936400476,0.03862621630147291,0.03862621630147291,0.0394560918201451,0.03716422799737934,0.0,0.0,0.0394560918201451,0.0
S3_D5 hbo,0.02788689362763437,0.0,0.040996383588976185,0.0,0.04031051253273475,0.03156565656565656,0.0,0.03756702830776905,0.040996383588976185,0.0,0.0008417508417508417,0.03688115725152762,0.027278962464147648,0.0008417508417508417,0.0,0.0,0.0,0.03988963711185933,0.03920376605561791,0.03699027310138421,0.0,0.0,0.0,0.037832023943135056,0.0008417508417508417,0.035727646838757954,0.0,0.0,0.013888888888888888,0.0389387704202519,0.0,0.0,0.027278962464147648,0.034823544082803345,0.027434842249657063,0.0,0.0,0.016835016835016835,0.02264933283451802,0.02822982915575508,0.016835016835016835,0.03493265993265993,0.03245417134306024,0.035509415139044764,0.03851789499937648,0.0389387704202519,0.039624641476493326,0.036460281830652204,0.0,0.0,0.040996383588976185,0.0
S4_D2 hbo,0.0,0.03485887344730046,0.0,0.07334071249948756,0.0,0.0,0.06304190751445087,0.0,0.0,0.077492774566474,0.04845524330750625,0.0,0.0,0.0449680748575411,0.07141393022588446,0.02601156069364162,0.06689547206165702,0.0,0.0,0.0,0.031914893617021274,0.018617021276595744,0.008643617021276596,0.0,0.031914893617021274,0.027938342967244702,0.016377649325626204,0.0,0.0,0.0,0.05304160004919444,0.0636389025540114,0.0,0.0,0.0,0.06393740007379166,0.06593208092485549,0.0,0.0,0.0,0.0,0.0,0.025048169556840076,0.0,0.0,0.0,0.0,0.0,0.02992021276595745,0.0,0.0,0.05659666707662034
S4_D4 hbo,0.0,0.032542819499341236,0.0,0.049433465085639,0.0,0.0,0.046824769433465085,0.0,0.0008695652173913044,0.04874475985147922,0.08331177386513355,0.0006887052341597796,0.0,0.058163851958318365,0.049433465085639,0.018260869565217393,0.049433465085639,0.0,0.0,0.0,0.03552042160737813,0.0331967900347347,0.03590968978320757,0.0,0.062476943346508565,0.006956521739130435,0.03217391304347826,0.0,0.0,0.0,0.047005629416696615,0.07986824769433465,0.0,0.0,0.018045274883219546,0.049433465085639,0.049433465085639,0.0,0.006956521739130435,0.0,0.0,0.0,0.004347826086956522,0.0,0.0,0.0,0.0,0.0,0.030303030303030304,0.022608695652173914,0.0,0.04805605461731944
S4_D6 hbo,0.0266259639961583,0.0,0.03609944462392886,0.0,0.03609944462392886,0.028684723531725884,0.0,0.034579687785023086,0.03573791172443501,0.0,0.001519756838905775,0.042607036814818235,0.03233027184197166,0.0,0.0,0.0,0.0,0.042245503915324376,0.04152243811633667,0.04036421417692475,0.0,0.0,0.0,0.04184715839536535,0.0,0.03927961547844319,0.0,0.0,0.01193058568329718,0.036460977523422713,0.0,0.0,0.02582267965108229,0.03342146384561116,0.026582558070535178,0.0,0.0,0.014099783080260303,0.021122751957662188,0.03348849578138358,0.02096890817064353,0.03996586865696572,0.03808457891856609,0.03494122068451694,0.03497803330498212,0.035339566204475974,0.036460977523422713,0.04032740155645957,0.0,0.0,0.036460977523422713,0.0
S4_D11 hbo,0.02521020564697029,0.0,0.033285575768100845,0.0,0.033285575768100845,0.029247890707535563,0.0,0.033285575768100845,0.03294910201305373,0.0,0.0,0.039342103358948756,0.04102628113286733,0.0,0.0,0.0,0.0,0.039342103358948756,0.03833268209380744,0.04102447213418429,0.0,0.0,0.0,0.04068799837913718,0.0,0.039342103358948756,0.0,0.0,0.01110363391655451,0.03362204952314795,0.0,0.0,0.03227796350164257,0.03362204952314795,0.029589791458631817,0.0,0.0,0.01379542395693136,0.027230857175935975,0.0420338933993256,0.02220726783310902,0.03967857711399586,0.04068799837913718,0.03362204952314795,0.03294910201305373,0.03294910201305373,0.03362204952314795,0.04102447213418429,0.0,0.0,0.03362204952314795,0.0
S5_D3 hbo,0.0,0.03606113812662465,0.0,0.05125650715701538,0.0,0.0,0.05125650715701538,0.0,0.001184834123222749,0.05125650715701538,0.06942682148956456,0.0,0.0,0.1085897901934829,0.05125650715701538,0.018957345971563982,0.05125650715701538,0.0,0.0,0.0,0.031114327062228653,0.02263016028696648,0.0259943347439318,0.0,0.05481100952668363,0.009478672985781991,0.018957345971563982,0.0,0.0,0.0,0.04980932915412103,0.07113634337213051,0.0,0.0,0.018957345971563982,0.04908574015267385,0.05125650715701538,0.0,0.009478672985781991,0.0,0.0,0.0,0.005924170616113744,0.0,0.0,0.0,0.0,0.0,0.029667149059334298,0.01066350710900474,0.0,0.05053291815556821
S5_D5 hbo,0.0,0.03542116913565693,0.0,0.06809828807942683,0.0,0.0,0.0644386812841369,0.0,0.0,0.07445872136429722,0.04949506856850957,0.0,0.0,0.04513864329967124,0.07611432014355508,0.03006012024048096,0.06844669731620104,0.0,0.0,0.0,0.03202614379084967,0.018300653594771243,0.00849673202614379,0.0,0.03202614379084967,0.022044088176352707,0.017034068136272545,0.0,0.0,0.0,0.05411345566950895,0.0651354997576853,0.0,0.0,0.0,0.06548390899445951,0.067444693308185,0.0,0.0,0.0,0.0,0.0,0.01903807615230461,0.0,0.0,0.0,0.0,0.0,0.030065359477124184,0.0,0.0,0.05711946769355705
S5_D7 hbo,0.0,0.027624309392265192,0.0,0.03038674033149171,0.0,0.0,0.026243093922651933,0.0,0.0,0.04005524861878453,0.03038674033149171,0.0,0.0,0.023480662983425413,0.04281767955801105,0.25778261793455165,0.03591160220994475,0.0,0.0,0.0,0.0,0.1201923076923077,0.0,0.0,0.0,0.011049723756906077,0.18694220144496387,0.0,0.0,0.0,0.027624309392265192,0.034530386740331494,0.0,0.0,0.0,0.034530386740331494,0.031767955801104975,0.0,0.0,0.0,0.0,0.0,0.006906077348066298,0.0,0.0,0.0,0.0,0.0,0.0,0.0,0.0,0.031767955801104975
S6_D4 hbo,0.0,0.03671951049923516,0.0,0.06819635655680711,0.0,0.0,0.06435127242386315,0.0,0.0,0.07073425114726742,0.0508552357113058,0.0,0.0,0.04618968154637741,0.07138784591850925,0.02553191489361702,0.06967042136003337,0.0,0.0,0.0,0.03202614379084967,0.018300653594771243,0.00849673202614379,0.0,0.03202614379084967,0.02127659574468085,0.018085106382978722,0.0,0.0,0.0,0.055597274370741204,0.06729940203031567,0.0,0.0,0.0,0.06770963704630789,0.06860659157279933,0.0,0.0,0.0,0.0,0.0,0.018085106382978722,0.0,0.0,0.0,0.0,0.0,0.030065359477124184,0.0,0.0,0.058788763732443336
S6_D5 hbo,0.02644650631768184,0.0,0.03884756622276751,0.0,0.03816169516652609,0.02921555095468139,0.0,0.03507314537910351,0.03781236953539691,0.0,0.0,0.03990832332217195,0.03134132522216258,0.0,0.0,0.0,0.0,0.044027809728292816,0.04230674198468079,0.041625130997111674,0.0,0.0,0.0,0.04197019655956854,0.0,0.039554737622370474,0.0,0.0,0.011387163561076604,0.036444887491586364,0.0,0.0,0.02513014509793898,0.032674726716594674,0.02444427404169755,0.0,0.0,0.014837819185645272,0.01960909609862911,0.0320229362097317,0.020703933747412008,0.03853232114101679,0.03612964240983565,0.0333605977728361,0.0360998219291295,0.03575475636667263,0.03713075854782779,0.04094352000954256,0.0,0.0,0.03850250066031065,0.0
S6_D6 hbo,0.02711917312349278,0.0,0.037856384076686456,0.0,0.037856384076686456,0.029340925453236466,0.0,0.035758481978784354,0.037496412874382636,0.0,0.0,0.04045874931404089,0.03102851072613492,0.0,0.0,0.0,0.0,0.04325595211124369,0.04219668020963917,0.04043810760873395,0.0,0.0,0.0,0.041857350712642294,0.0,0.0389982227995187,0.0,0.0,0.011879049676025918,0.037157083377385755,0.0,0.0,0.025268971489273866,0.03296127918158156,0.024569670789973165,0.0,0.0,0.014758819294456443,0.020229374657020446,0.0320671409224325,0.020518358531317494,0.038679535007828746,0.03622166170762283,0.03366057988088225,0.03609781147578124,0.03609781147578124,0.037856384076686456,0.04045874931404089,0.0,0.0,0.037856384076686456,0.0
S6_D8 hbo,0.0268854156223732,0.0,0.036182840683874055,0.0,0.036182840683874055,0.029598972029643796,0.0,0.03477834630185158,0.0358396697847663,0.0,0.0,0.03991000439567219,0.03316708181348468,0.0,0.0,0.0,0.0,0.042703087766921416,0.041673575069598144,0.04371669507144895,0.0,0.0,0.0,0.043373524172341194,0.0,0.041657669676802414,0.0,0.0,0.011324639670555936,0.03548059349286282,0.0,0.0,0.024244638436683043,0.031969357537806636,0.023542391245671805,0.0,0.0,0.014413177762525738,0.01978341674828222,0.03422840529639941,0.02230610844200412,0.04023726990198422,0.038816870127166024,0.032671604728817874,0.036182840683874055,0.03549649888565854,0.03548059349286282,0.041969029790318725,0.0,0.0,0.036182840683874055,0.0
S7_D5 hbo,0.0,0.014175257731958763,0.0,0.03221649484536082,0.0,0.0,0.03157216494845361,0.0,0.0,0.030927835051546393,0.05711795027289266,0.0,0.0,0.027706185567010308,0.03221649484536082,0.0,0.03157216494845361,0.0,0.0,0.0,0.2233929654335961,0.15039417828987264,0.037788053365676165,0.0,0.061628259551243174,0.0,0.029411764705882353,0.0,0.0,0.0,0.029639175257731958,0.059695269860521524,0.0,0.0,0.0,0.029639175257731958,0.03157216494845361,0.0,0.0,0.0,0.0,0.0,0.0,0.0,0.0,0.0,0.0,0.0,0.030283505154639175,0.029411764705882353,0.0,0.029639175257731958
S7_D7 hbo,0.0,0.013353115727002967,0.0,0.020771513353115726,0.0,0.0,0.020771513353115726,0.0,0.0,0.020771513353115726,0.07140442474552079,0.0,0.0,0.020771513353115726,0.020771513353115726,0.018545994065281898,0.020771513353115726,0.0,0.0,0.0,0.10621455132779926,0.1649137963415092,0.07362994403335461,0.0,0.07140442474552079,0.0,0.08179018142207865,0.017062314540059347,0.0,0.0,0.037833827893175076,0.08549938023513504,0.0,0.0,0.0,0.020771513353115726,0.020771513353115726,0.0,0.0,0.0,0.0,0.0,0.0,0.0,0.0,0.0,0.0,0.0,0.020771513353115726,0.05063291139240506,0.0,0.020771513353115726
S7_D8 hbo,0.0,0.018258426966292134,0.0,0.018258426966292134,0.0,0.0,0.018258426966292134,0.0,0.0,0.018258426966292134,0.0786750936329588,0.0,0.0,0.04325842696629213,0.018258426966292134,0.0,0.018258426966292134,0.0,0.0,0.0,0.030758426966292135,0.0796816479400749,0.13525280898876405,0.0,0.10159176029962547,0.0,0.06132958801498127,0.032303370786516857,0.0,0.0,0.05056179775280899,0.11233614232209738,0.0,0.0,0.01875,0.018258426966292134,0.018258426966292134,0.0,0.0020833333333333333,0.0,0.0,0.0,0.0,0.0,0.0,0.0,0.0,0.0,0.018258426966292134,0.07083333333333333,0.0,0.018258426966292134
S8_D6 hbo,0.026773913597350277,0.0,0.036483463112469944,0.0,0.036483463112469944,0.028738514944505487,0.0,0.03503837640726763,0.03613911049539005,0.0,0.0,0.04123672351470565,0.032842879663688915,0.0,0.0,0.0,0.0,0.04268181021990796,0.04164875236866829,0.04192542874886543,0.0,0.0,0.0,0.04299232471854647,0.0,0.040203665663465976,0.0,0.0,0.011363636363636364,0.036483463112469944,0.0,0.0,0.024922769470851446,0.032870746349464165,0.02420022611825029,0.0,0.0,0.014118457300275482,0.020101832831732988,0.03394361375181133,0.02169421487603306,0.0401698275450246,0.03834655010430102,0.03359328970206532,0.0354165671427889,0.0354165671427889,0.036483463112469944,0.04120288539626427,0.0,0.0,0.036483463112469944,0.0
S8_D8 hbo,0.0,0.013994910941475827,0.0,0.031806615776081425,0.0,0.0,0.031170483460559797,0.0,0.0,0.030534351145038167,0.09162618551931528,0.0,0.0,0.06008096229470276,0.031806615776081425,0.0,0.031170483460559797,0.0,0.0,0.0,0.04335183900069396,0.04690261392551469,0.08463335646541754,0.0,0.11671524404348832,0.0,0.03636363636363636,0.0,0.0,0.0,0.029262086513994912,0.09598889659958362,0.0,0.0,0.02727272727272727,0.030534351145038167,0.031806615776081425,0.0,0.012727272727272728,0.0,0.0,0.0,0.0,0.0,0.0,0.0,0.0,0.0,0.031170483460559797,0.06181818181818182,0.0,0.029262086513994912
S8_D15 hbo,0.026295255930087393,0.0024968789013732834,0.03300561797752809,0.008739076154806492,0.03300561797752809,0.028636079900124844,0.006554307116104869,0.03160112359550562,0.03300561797752809,0.008426966292134831,0.0018726591760299626,0.03682896379525593,0.029182272159800248,0.0018726591760299626,0.006242197253433208,0.0018726591760299626,0.0056179775280898875,0.038935705368289636,0.03799937578027466,0.04041822721598003,0.0,0.0,0.0,0.03948189762796504,0.0,0.04915730337078651,0.0009363295880149813,0.0,0.010299625468164793,0.03230337078651685,0.003433208489388265,0.005305867665418227,0.021067415730337078,0.028792134831460675,0.020365168539325844,0.0056179775280898875,0.006242197253433208,0.011235955056179775,0.018882646691635453,0.03058676654182272,0.019038701622971287,0.03737515605493134,0.04463171036204744,0.02949438202247191,0.03300561797752809,0.03300561797752809,0.03230337078651685,0.03838951310861423,0.0,0.0,0.03300561797752809,0.003433208489388265
S9_D2 hbo,0.0,0.02135678391959799,0.0,0.02135678391959799,0.0,0.0,0.020100502512562814,0.0,0.0,0.02135678391959799,0.04396984924623116,0.0,0.0,0.020100502512562814,0.02135678391959799,0.11425295878298597,0.02135678391959799,0.0,0.0,0.0,0.007537688442211055,0.13212236043606007,0.05791251338660516,0.0,0.02512562814070352,0.00628140703517588,0.1778496306669962,0.04644808743169399,0.0,0.0,0.06780487135129198,0.08200153774336161,0.0,0.0,0.0,0.02135678391959799,0.02135678391959799,0.0,0.0,0.0,0.0,0.0,0.002512562814070352,0.0,0.0,0.0,0.0,0.0,0.0,0.02512562814070352,0.0,0.02135678391959799
S9_D9 hbo,0.0,0.0,0.0,0.0,0.0,0.0,0.0,0.0,0.0,0.0,0.0,0.0,0.0,0.0,0.0,0.0,0.0,0.0,0.0,0.0,0.0,0.059895833333333336,0.059895833333333336,0.0,0.0,0.0,0.044270833333333336,0.15364583333333334,0.0,0.0,0.07552083333333333,0.0546875,0.0,0.0,0.0,0.0,0.0,0.0,0.0234375,0.0,0.0,0.028645833333333332,0.0,0.0,0.0,0.0,0.0,0.0,0.0,0.0,0.0,0.0
S9_D11 hbo,0.009834368530020704,0.0,0.017080745341614908,0.0,0.017080745341614908,0.015527950310559006,0.0,0.017080745341614908,0.017080745341614908,0.0,0.0,0.017080745341614908,0.017080745341614908,0.0,0.0,0.0,0.0,0.017080745341614908,0.017080745341614908,0.017080745341614908,0.0,0.0,0.0,0.017080745341614908,0.0,0.017080745341614908,0.0,0.0,0.016563146997929608,0.017080745341614908,0.0,0.0,0.017080745341614908,0.017080745341614908,0.017080745341614908,0.0,0.0,0.017080745341614908,0.013975155279503106,0.017080745341614908,0.017080745341614908,0.017080745341614908,0.017080745341614908,0.017080745341614908,0.017080745341614908,0.017080745341614908,0.017080745341614908,0.017080745341614908,0.0,0.0,0.017080745341614908,0.0
S10_D9 hbo,0.027889128519359284,0.0,0.03993095335394733,0.0,0.03993095335394733,0.030686545234647575,0.0,0.03778195621927684,0.039518752199784096,0.0,0.0,0.03736975506511361,0.0277533029241479,0.0,0.0,0.0,0.0,0.039518752199784096,0.0388024198215606,0.03654535275678715,0.0,0.0,0.0,0.03808608744333711,0.0,0.03489654814013422,0.0,0.0,0.013602638087386645,0.04045122443821353,0.0,0.0,0.028577705232474365,0.036869562547096044,0.027449171700087635,0.0,0.0,0.016900247320692497,0.02198248676586266,0.02877376652643166,0.016900247320692497,0.03541681922440042,0.032855620935566696,0.03676149261699308,0.03808608744333711,0.03808608744333711,0.04116755681643702,0.03665342268689011,0.0,0.0,0.04075535566227379,0.0
S10_D10 hbo,0.0,0.04113910670669238,0.0,0.06049065109002859,0.0,0.0,0.06049065109002859,0.0,0.0,0.06049065109002859,0.049056978101857426,0.0,0.0,0.04875938712520612,0.06049065109002859,0.025787965616045846,0.06049065109002859,0.0,0.0,0.0,0.026106696935300794,0.02894438138479001,0.02043132803632236,0.0,0.026106696935300794,0.01862464183381089,0.031138098474968207,0.016458569807037457,0.0,0.0,0.07438148236082337,0.07184138888798546,0.0,0.0,0.0,0.0593555773102329,0.06049065109002859,0.0,0.0,0.0,0.0,0.0,0.014326647564469915,0.0,0.0,0.0,0.0,0.0,0.02553916004540295,0.0,0.0,0.05905798633358159
S10_D12 hbo,0.0,0.02752879152044596,0.0,0.05088073919647184,0.0,0.0,0.04873174206180135,0.0,0.0,0.051745867063020985,0.06380236706789952,0.0,0.0,0.04804305474698262,0.05231340395291883,0.0164756446991404,0.05231340395291883,0.0,0.0,0.0,0.03153976498443745,0.03927062565657025,0.041800148958106347,0.0,0.05302973633114233,0.013610315186246419,0.035017351342736994,0.01191827468785471,0.0,0.0,0.0552169487005194,0.0874519057205767,0.0,0.0,0.009312320916905445,0.05117833017312314,0.051597071574695334,0.0,0.0035816618911174787,0.0,0.0,0.0,0.011461318051575931,0.0,0.0,0.0,0.0,0.0,0.026674233825198637,0.02005730659025788,0.0,0.04544767114733518
S11_D9 hbo,0.026534507306761705,0.0,0.03668885336687543,0.0,0.03668885336687543,0.03140859341561629,0.0,0.03668885336687543,0.03587650568206634,0.0,0.0,0.03587650568206634,0.03534476734537005,0.0,0.0,0.0,0.0,0.03628267952447088,0.03628267952447088,0.035470331839661785,0.0,0.0,0.0,0.03628267952447088,0.0,0.03343946262763904,0.0,0.0,0.013403736799350122,0.037907374894089074,0.0,0.0,0.036157115030179154,0.037907374894089074,0.03306276914476385,0.0,0.0,0.017059301380991064,0.02925215970930182,0.03587650568206634,0.016653127538586516,0.03465798415485269,0.03425181031244814,0.037095027209279985,0.03628267952447088,0.03587650568206634,0.037907374894089074,0.03628267952447088,0.0,0.0,0.03750120105168453,0.0
S11_D11 hbo,0.028009510797894224,0.0,0.03816385685800795,0.0,0.03816385685800795,0.03126022028337219,0.0,0.03816385685800795,0.037351509173198856,0.0,0.0,0.037351509173198856,0.029235285429436528,0.0,0.0,0.0,0.0,0.03775768301560341,0.03775768301560341,0.036945335330794304,0.0,0.0,0.0,0.03775768301560341,0.0,0.03491446611877156,0.0,0.0,0.013403736799350122,0.0393823783852216,0.0,0.0,0.030047633114245624,0.03857069007353329,0.028829770960152764,0.0,0.0,0.017059301380991064,0.023142677793368288,0.030046314368004052,0.016653127538586516,0.03613298764598521,0.03410343718020403,0.038570030700412504,0.03775768301560341,0.037351509173198856,0.0393823783852216,0.03775768301560341,0.0,0.0,0.038976204542817056,0.0
S11_D12 hbo,0.023650218646676113,0.0,0.033006506071825814,0.0,0.033006506071825814,0.028141236610747966,0.0,0.033006506071825814,0.03263225457481982,0.0,0.013995863235361339,0.033530267708857094,0.02791744754765279,0.006362275449101796,0.0,0.0,0.0,0.03263225457481982,0.03263225457481982,0.03188375158080785,0.0,0.0,0.004116766467065869,0.03263225457481982,0.006362275449101796,0.030012494095777907,0.0,0.0,0.012350299401197605,0.03375500906583779,0.0,0.00561377245508982,0.028665950541664764,0.03375500906583779,0.07499219119013881,0.0,0.0,0.04370838475720315,0.02529768706861087,0.028441209184684065,0.015344311377245509,0.031135248586795873,0.030760997089789882,0.0333807575688318,0.03263225457481982,0.03225800307781383,0.03375500906583779,0.03263225457481982,0.0,0.002245508982035928,0.03375500906583779,0.0
S11_D13 hbo,0.0,0.03604739029524478,0.0,0.0658107086954175,0.0,0.0,0.06271792519026285,0.0,0.0,0.06721811410374048,0.051476223889458626,0.0,0.0,0.04501268419064069,0.0678725643655206,0.023711340206185566,0.06684163653046904,0.0,0.0,0.0,0.031413612565445025,0.01832460732984293,0.008507853403141362,0.0,0.03206806282722513,0.020618556701030927,0.01752577319587629,0.0,0.0,0.0,0.05484698008312193,0.0664651589571976,0.0,0.0,0.0,0.08914557132833162,0.06749608679224914,0.0,0.0,0.0,0.0,0.0,0.01752577319587629,0.0,0.0,0.0,0.0,0.0,0.03206806282722513,0.0,0.0,0.057285313326496466
S12_D10 hbo,0.0,0.036951830400071564,0.0,0.07126204799069705,0.0,0.0,0.06736392199834515,0.0,0.0,0.06997338819688262,0.050482758235123104,0.0,0.0,0.04614436344119686,0.07017744929221548,0.0227765726681128,0.06736392199834515,0.0,0.0,0.0,0.03221649484536082,0.01804123711340206,0.008376288659793814,0.0,0.03221649484536082,0.02386117136659436,0.01843817787418655,0.0,0.0,0.0,0.055669544021289444,0.06499066350604915,0.0,0.0,0.0,0.06543093230762351,0.06953311939530826,0.0,0.0,0.0,0.0,0.0,0.020607375271149676,0.0,0.0,0.0,0.0,0.0,0.030283505154639175,0.0,0.0,0.057838741418252564
S12_D12 hbo,0.007793273174733388,0.0,0.018457752255947497,0.0,0.01804757998359311,0.012715340442986054,0.0,0.01763740771123872,0.017227235438884332,0.0,0.0,0.016817063166529943,0.01763740771123872,0.0,0.0,0.0,0.0,0.018457752255947497,0.01763740771123872,0.017227235438884332,0.0,0.0,0.0,0.01763740771123872,0.0,0.014766201804757998,0.0,0.0,0.013535684987694831,0.01763740771123872,0.0,0.0,0.01804757998359311,0.01804757998359311,0.2733667289197633,0.0,0.0,0.2635487755921317,0.011894995898277276,0.017227235438884332,0.016817063166529943,0.015996718621821164,0.015586546349466776,0.01804757998359311,0.01763740771123872,0.016817063166529943,0.01763740771123872,0.018457752255947497,0.0,0.0,0.01763740771123872,0.0
S12_D14 hbo,0.02798181278383163,0.0,0.033452272302431196,0.0,0.033452272302431196,0.033452272302431196,0.0,0.033452272302431196,0.033999318254291144,0.0,0.004923413566739606,0.033452272302431196,0.032195990895396015,0.004923413566739606,0.0,0.0,0.0,0.033452272302431196,0.033452272302431196,0.033452272302431196,0.0,0.0,0.0016411378555798686,0.033452272302431196,0.004923413566739606,0.033452272302431196,0.0,0.011306532663316583,0.01586433260393873,0.033452272302431196,0.0,0.0038293216630196935,0.032195990895396015,0.033452272302431196,0.03460684164806527,0.0,0.0,0.01586433260393873,0.046075563814697115,0.033452272302431196,0.01586433260393873,0.04475880496574777,0.033452272302431196,0.033452272302431196,0.033452272302431196,0.033452272302431196,0.033452272302431196,0.033452272302431196,0.0,0.0,0.033452272302431196,0.0
S13_D6 hbo,0.02549588179041861,0.0,0.033356442282558046,0.0,0.033356442282558046,0.029597043786317445,0.0,0.033356442282558046,0.03301467878289981,0.0,0.0,0.03984994877606454,0.040550523360874655,0.0,0.0,0.0,0.0,0.0395081852764063,0.038482894777431595,0.04121700277469749,0.0,0.0,0.0,0.04087523927503925,0.0,0.04019171227572278,0.0,0.0,0.011278195488721804,0.033356442282558046,0.0,0.0,0.03098114537044403,0.033356442282558046,0.02860584845833002,0.0,0.0,0.01367053998632946,0.026538219874886956,0.041396408317273425,0.02221462747778537,0.04019171227572278,0.04155876627435572,0.033356442282558046,0.03301467878289981,0.033356442282558046,0.033356442282558046,0.04155876627435572,0.0,0.0,0.033356442282558046,0.0
S13_D11 hbo,0.00662020905923345,0.0,0.014285714285714285,0.0,0.014285714285714285,0.010801393728222997,0.0,0.014285714285714285,0.014285714285714285,0.0,0.0,0.020905923344947737,0.022996515679442508,0.0,0.0,0.0,0.0,0.020905923344947737,0.01986062717770035,0.02229965156794425,0.0,0.0,0.0,0.02229965156794425,0.0,0.020905923344947737,0.0,0.0,0.011498257839721254,0.014285714285714285,0.0,0.0,0.014285714285714285,0.014285714285714285,0.014285714285714285,0.0,0.0,0.013937282229965157,0.010104529616724738,0.022996515679442508,0.02229965156794425,0.021602787456445994,0.02195121951219512,0.014285714285714285,0.014285714285714285,0.014285714285714285,0.014285714285714285,0.02229965156794425,0.0,0.0,0.014285714285714285,0.0
S13_D13 hbo,0.02668993763579475,0.0,0.03397856737340408,0.0,0.03397856737340408,0.028866922213353026,0.0,0.03397856737340408,0.03397856737340408,0.0,0.0,0.04090276562413294,0.03284365408995642,0.0,0.0,0.0,0.0,0.04090276562413294,0.03980947116349154,0.04163162859789388,0.0,0.0,0.0,0.04236049157165481,0.0,0.040538334137252476,0.0,0.008052708638360176,0.012026239067055394,0.03397856737340408,0.0,0.0,0.02446172989170569,0.032514438530065866,0.023729665470036583,0.0,0.0,0.013848396501457727,0.02630949890937341,0.03430778293329463,0.022230320699708456,0.04822020839291584,0.039435435332886556,0.03324650295173497,0.03397856737340408,0.03397856737340408,0.03397856737340408,0.041263995663105235,0.0,0.0,0.03397856737340408,0.0
S13_D15 hbo,0.02601213910248192,0.0015556938394523958,0.03192377569240102,0.007778469197261979,0.03192377569240102,0.028908283379144216,0.005600497822028625,0.03192377569240102,0.03192377569240102,0.0074673304293715,0.0009334163036714375,0.037835412282320124,0.03226045181309993,0.0009334163036714375,0.005289359054138146,0.0009334163036714375,0.004667081518357187,0.037835412282320124,0.03690199597864869,0.039702244889663,0.0,0.0,0.0,0.03907996735388204,0.0,0.0471695753190345,0.0,0.0,0.010267579340385812,0.03192377569240102,0.002489110143123833,0.0043559427504667085,0.023548566312166515,0.03192377569240102,0.022711045374143063,0.004667081518357187,0.005289359054138146,0.011823273179838207,0.020437178633261725,0.033935493689146834,0.019601742377100186,0.03907996735388204,0.047576609452572964,0.03192377569240102,0.03192377569240102,0.03192377569240102,0.03192377569240102,0.039702244889663,0.0,0.0,0.03192377569240102,0.002489110143123833
S14_D12 hbo,0.02776274678647523,0.0,0.03869497464820977,0.0,0.03869497464820977,0.030217278760428835,0.0,0.03789240642991121,0.03828978826247233,0.0,0.0004051863857374392,0.03788460187673488,0.0290641560286271,0.0004051863857374392,0.0,0.0,0.0,0.03828978826247233,0.03828978826247233,0.03667684727269889,0.0,0.0,0.0,0.03828978826247233,0.0004051863857374392,0.0346509153440117,0.0,0.0,0.013371150729335495,0.039505347419684644,0.0,0.0,0.02987452880010198,0.03709764276478898,0.029071960581803426,0.0,0.0,0.017017828200972446,0.02339154662830295,0.029858919693749333,0.01661264181523501,0.03506390628292545,0.03305358346059091,0.03829759281564865,0.03828978826247233,0.03788460187673488,0.039505347419684644,0.036684651825875214,0.0,0.0,0.039505347419684644,0.0
S14_D13 hbo,0.027820143769565646,0.0,0.04058032248534939,0.0,0.04058032248534939,0.032142619958733236,0.0,0.03783683826038368,0.04016296021489863,0.0,0.0,0.0367336049336915,0.027548772416762277,0.0,0.0,0.0,0.0,0.04016296021489863,0.039477089158657205,0.03795649356151427,0.0,0.0,0.0,0.038105347046174354,0.0,0.03628704447971127,0.0,0.0,0.013772954924874792,0.03920858037286653,0.0,0.0,0.027548772416762277,0.03509335403541797,0.02686290136052085,0.0,0.0,0.017111853088480802,0.02170570063045176,0.02850315225879438,0.017111853088480802,0.03479564706609782,0.03232067162692279,0.0357792250916594,0.039477089158657205,0.03879121810241577,0.03920858037286653,0.0367336049336915,0.0,0.0,0.04058032248534939,0.0
S14_D14 hbo,0.028640995087787557,0.0,0.039534190944020234,0.0,0.039534190944020234,0.03169775302757648,0.0,0.03812375370847722,0.03910315646126161,0.0,0.0,0.03741853509070571,0.027545474441904576,0.0,0.0,0.0,0.0,0.03910315646126161,0.03910315646126161,0.03683065026020135,0.0,0.0,0.0,0.038397937843490104,0.0,0.03553754681192549,0.0,0.0,0.014224137931034483,0.039965225426778855,0.0,0.0,0.027976508924663197,0.0357339137201498,0.02727129030689169,0.0,0.0,0.016810344827586206,0.02237306064880113,0.028524877194688974,0.016810344827586206,0.03585124750741696,0.03330455717134381,0.03643913233792131,0.038397937843490104,0.038828972326248726,0.039965225426778855,0.03698750060794709,0.0,0.0,0.039965225426778855,0.0
S14_D16 hbo,0.027803291258630645,0.0,0.04054918600562381,0.0,0.039835919243854906,0.03060990482328272,0.0,0.0376961189585482,0.04013698485146058,0.0,0.0,0.037283917804384975,0.027710384293783582,0.0,0.0,0.0,0.0,0.03942371808969168,0.03871045132792278,0.03645951549605851,0.0,0.0,0.0,0.03799718456615388,0.0,0.034810710879405585,0.0,0.0,0.013602638087386645,0.040359255944575706,0.0,0.0,0.028534786602110045,0.036792922135731196,0.027409318686177915,0.0,0.0,0.016900247320692497,0.02193956813549834,0.028724716663158154,0.016900247320692497,0.03533404758012637,0.03278204614065644,0.036681786589173634,0.03799718456615388,0.03799718456615388,0.04107252270634461,0.03657065104261607,0.0,0.0,0.04137358831395027,0.0
S15_D13 hbo,0.027166666666666665,0.0,0.03583333333333333,0.0,0.03583333333333333,0.02893452380952381,0.0,0.0355,0.034833333333333334,0.0,0.0,0.04042261904761905,0.033416666666666664,0.0,0.0,0.0,0.0,0.041833333333333333,0.040499999999999994,0.043166666666666666,0.0,0.0,0.0,0.042833333333333334,0.0,0.041166666666666664,0.0,0.0,0.011,0.0355,0.0,0.0,0.025416666666666664,0.03360119047619048,0.024672619047619047,0.0,0.0,0.014333333333333333,0.020083333333333335,0.034238095238095234,0.022,0.04075595238095238,0.038857142857142854,0.034345238095238095,0.035166666666666666,0.034833333333333334,0.0355,0.04275595238095238,0.0,0.0,0.0355,0.0
S15_D15 hbo,0.0,0.014120667522464698,0.0,0.03080872913992298,0.0,0.0,0.03080872913992298,0.0,0.0,0.030166880616174584,0.028241335044929396,0.0,0.0,0.027599486521181,0.03080872913992298,0.0,0.03080872913992298,0.0,0.0,0.0,0.031450577663671375,0.01797175866495507,0.00834403080872914,0.0,0.03273427471116817,0.0,0.0,0.0,0.0,0.0,0.029525032092426188,0.03080872913992298,0.0,0.0,0.0,0.031450577663671375,0.031450577663671375,0.0,0.0,0.0,0.0,0.0,0.0,0.0,0.0,0.0,0.0,0.0,0.03337612323491656,0.0,0.0,0.029525032092426188
S15_D16 hbo,0.14788732394366197,0.0,0.0,0.0,0.0,0.0,0.0,0.0,0.0,0.0,0.058823529411764705,0.0,0.0,0.01715686274509804,0.0,0.0,0.0,0.0,0.0,0.0,0.014705882352941176,0.0392156862745098,0.08333333333333333,0.0,0.08333333333333333,0.0,0.049019607843137254,0.0,0.0,0.0,0.0,0.06372549019607843,0.0,0.0,0.00980392156862745,0.0,0.0,0.0,0.0,0.0,0.0,0.0,0.0,0.0,0.0,0.0,0.0,0.0,0.0,0.43299502899751446,0.0,0.0
S16_D14 hbo,0.027722082560102772,0.0,0.04104426554122746,0.0,0.04035839448498604,0.0312967542975787,0.0,0.03761491026002033,0.04063206438706424,0.0,0.0,0.036516838049615676,0.027326844416398932,0.0,0.0,0.0,0.0,0.039946193330822805,0.03926032227458138,0.037064177853772064,0.0,0.0,0.0,0.03788858016209853,0.0,0.03541537323711914,0.0,0.0,0.013602638087386645,0.04022325583499288,0.0,0.0,0.028151246724725396,0.036108029497544325,0.027053174514320738,0.0,0.0,0.016900247320692497,0.02155602825811369,0.028286385374718552,0.016900247320692497,0.03459436353088455,0.03212454920799704,0.03596949824545928,0.03857445121833995,0.03857445121833995,0.040909126891234306,0.036516838049615676,0.0,0.0,0.041868667849553926,0.0
S16_D16 hbo,0.0,0.04240151962493152,0.0,0.06658319163921714,0.0,0.0,0.06266674255305525,0.0,0.0,0.06658319163921714,0.05466310000640291,0.0,0.0,0.05148476462176564,0.06658319163921714,0.02741514360313316,0.06658319163921714,0.0,0.0,0.0,0.031335149863760216,0.01907356948228883,0.008855585831062671,0.0,0.031335149863760216,0.016971279373368148,0.022193211488250653,0.0,0.0,0.0,0.061304344732891765,0.06522079381905366,0.0,0.0,0.0,0.0645395949089719,0.06658319163921714,0.0,0.0,0.0,0.0,0.0,0.013054830287206266,0.0,0.0,0.0,0.0,0.0,0.02997275204359673,0.0,0.0,0.06459650970041478
