,bankssts-lh,bankssts-rh,caudalanteriorcingulate-lh,caudalanteriorcingulate-rh,caudalmiddlefrontal-lh,caudalmiddlefrontal-rh,cuneus-lh,cuneus-rh,entorhinal-lh,entorhinal-rh,frontalpole-lh,frontalpole-rh,fusiform-lh,fusiform-rh,inferiorparietal-lh,inferiorparietal-rh,inferiortemporal-lh,inferiortemporal-rh,insula-lh,insula-rh,isthmuscingulate-lh,isthmuscingulate-rh,lateraloccipital-lh,lateraloccipital-rh,lateralorbitofrontal-lh,lateralorbitofrontal-rh,lingual-lh,lingual-rh,medialorbitofrontal-lh,medialorbitofrontal-rh,middletemporal-lh,middletemporal-rh,paracentral-lh,paracentral-rh,parahippocampal-lh,parahippocampal-rh,parsopercularis-lh,parsopercularis-rh,parsorbitalis-lh,parsorbitalis-rh,parstriangularis-lh,parstriangularis-rh,pericalcarine-lh,pericalcarine-rh,postcentral-lh,postcentral-rh,posteriorcingulate-lh,posteriorcingulate-rh,precentral-lh,precentral-rh,precuneus-lh,precuneus-rh,rostralanteriorcingulate-lh,rostralanteriorcingulate-rh,rostralmiddlefrontal-lh,rostralmiddlefrontal-rh,superiorfrontal-lh,superiorfrontal-rh,superiorparietal-lh,superiorparietal-rh,superiortemporal-lh,superiortemporal-rh,supramarginal-lh,supramarginal-rh,temporalpole-lh,temporalpole-rh,transversetemporal-lh,transversetemporal-rh
bankssts-lh,0.08302961592862233,0.009611182590555814,0.009946867079885551,0.009897715764175466,0.013550766232088233,0.0,0.02413278764402814,0.024935449767047646,0.01898826765853326,0.012713815915773963,0.012215145449499218,0.011702889473942057,0.009131268287761073,0.01875413000151093,0.002386634844868735,0.019789632101197878,0.0003783674704873373,0.016731668412113633,0.01989634958770287,0.016765267630786986,0.013867025650538534,0.02545934473135488,0.011922143941327082,0.011038637670012515,0.016019522838384936,0.010034828402910539,0.014864366583088024,0.018886720826225858,0.014278383633965736,0.010837490525930048,0.021058623017729712,0.014113451136488389,0.013640654008423576,0.009585309252345879,0.010008955064700602,0.0192211076352007,0.01483849324487809,0.003762343247905564,0.009888003228735748,0.013431740849433733,0.01348800933987375,0.012879397253428758,0.023697502842923338,0.024985898763112625,0.006361115385429394,0.012704752220511692,0.008633895501841222,0.012030159108186968,0.0030114278013059267,0.015722648356370102,0.01756598323327415,0.01393041131570848,0.011612332790207281,0.011289584969982513,0.009573670263595804,0.015132792433405116,0.012383302080641817,0.002197126689536343,0.02199192944493181,0.019259268802338157,0.03126099934604937,0.013715678662343599,0.010790305797974286,0.025888810038084645,0.007538900778049007,0.006760165472707093,0.023060422057558625,0.0012185419204668567
bankssts-rh,0.008842690555277513,0.11206585619474785,0.014782780293014108,0.016389021688149492,0.004486589282372031,0.0,0.011600331745386588,0.014380577512591614,0.009516256459864269,0.011098026844932475,0.015977910522337768,0.010587940632139387,0.01752707693820814,0.01763235457768654,0.017898118402937126,0.023808209964368082,0.012391005048187242,0.004359798072510326,0.011980669308634095,0.02146094058014976,0.009528861644858343,0.01103686735293333,0.01813687755790356,0.009371684545561712,0.017461832933474863,0.022982290833139792,0.01241994828411784,0.01166631511004083,0.011597725952494394,0.006306731109277378,0.02991882134631635,0.01281363039228039,0.01179197924685228,0.028633236742271268,0.01268870561538991,0.009587803057094581,0.010440411278152954,0.001842007044080332,0.017062587592736246,0.014944781264965838,0.01863583730554451,0.007756534765037097,0.021080603016902254,0.014649334843863685,0.013976859945989578,0.012898521534425743,0.008664387598726866,0.009273448858501317,0.0072957422191700485,0.02203774951751806,0.011266330409381244,0.018510912528654028,0.011346397678871497,0.011470583095841008,0.015878196115435436,0.010954194290550884,0.012991933348831038,0.0007080363067558146,0.016722283664233867,0.01141720491618084,0.009253801721089238,0.013751129755484117,0.0002554127863570278,0.009312743133325474,0.01309238711565434,0.00869181604847792,0.03296078249237544,0.01812758145938504
caudalanteriorcingulate-lh,0.01166001993945949,0.013821463991915608,0.10539308147260837,0.07516987391173172,0.013047177922341828,2.4895439155546703e-05,0.01327056890429305,0.009047262556003004,0.014187240998971831,0.009867548320260128,0.008613821947819159,0.009783907588129855,0.012264533195531632,0.00891576264388625,0.01939811457577955,0.01052248431858132,0.004038188267723711,0.007976794778825236,0.011663847229597981,0.013597405039515688,0.016366557774244474,0.014066591093332588,0.00853913563035252,0.008165704043019318,0.009236207926707827,0.012019406094114653,0.015403290227455131,0.011272542919448252,0.008887671778530174,0.013761454971064964,0.012697973803715474,0.01090996133859256,0.029771226259427592,0.012157928722570426,0.016590616726644393,0.012971823634426487,0.009243230643046847,0.0025380710659898475,0.018933983433466316,0.023298375972474708,0.012925860046253885,0.012584346614415251,0.01571608092999973,0.012360287662015329,0.0017177853017327225,0.025523656335919954,0.014212136438127378,0.017699429618228534,0.0007966540529774945,0.02153525894650734,0.015282640321815887,0.008140808603863773,0.01095399322844055,0.01110336586337383,0.016761689374532693,0.02336603957360233,0.025574710942106966,0.005076142131979695,0.013782523120082022,0.011066356689864859,0.015065604085754986,0.008215494921330412,0.01213946024232668,0.013060555384571168,0.005309751256470467,0.007820363321042197,0.01839969734078437,0.004713560551124003
caudalanteriorcingulate-rh,0.012605550622626884,0.01648686891353599,0.08838987284360243,0.11680467715759425,0.011678136928179405,0.0,0.011309104402139513,0.009154308789188846,0.008281775222877185,0.013595514720223165,0.007672821162371511,0.009085594582744678,0.008671505821600818,0.010920827230354717,0.0181967037040872,0.012880757543943567,0.001524390243902439,0.007404181184668989,0.00881765479612218,0.017962542832597975,0.012058393729411199,0.00857407317191991,0.00857407317191991,0.008525356847079456,0.009548399668728991,0.015088629762551202,0.008622789496760364,0.008525356847079456,0.0075510303502703754,0.013362107084592758,0.019342237528917894,0.011767549207307312,0.03791849784315686,0.011622853659724788,0.008937992181284478,0.01017153790308303,0.009572757831149218,0.00043554006968641115,0.018355180285199287,0.02902300513863868,0.0217162566036506,0.009810525747596138,0.013655858460574318,0.01135636730004113,0.012563401241400592,0.020842269610400102,0.01488504390155636,0.012516838534579001,0.004848377653024002,0.025826622249373606,0.010389307937926235,0.009372078824032052,0.010279144541335801,0.010157353729234667,0.011064069350998403,0.027990138423957298,0.025477237509397413,0.0010888501742160278,0.01048238030679063,0.01198531924215052,0.008379207872558095,0.009445153311292732,0.007746648885491005,0.013896533230898915,0.005699810006333122,0.009122683492074431,0.020382371378293466,0.0
caudalmiddlefrontal-lh,0.018547331870292397,0.009284725942224603,0.012925408272261293,0.00986012631048084,0.09911698343486941,0.00044480028467218217,0.014975329584210934,0.013137128407762181,0.01779501138880729,0.018102531585620214,0.004914083145013213,0.00615276393776892,0.018588891896890815,0.018083171573229806,0.005763123688399161,0.026176696753085923,0.0063839240857114146,0.014849729503826882,0.018305571715565898,0.015457849893023932,0.02605485667510827,0.01962645256092964,0.014225929104594626,0.011682807476996786,0.008851525664976425,0.00937368599915904,0.017511691207482374,0.017783411381383285,0.005471043501467841,0.011454647330974291,0.01381884884406326,0.00898496575037808,0.02033521301453633,0.009935486358711271,0.020209532934101077,0.021663853864866474,0.015050769632492564,0.009627126161360742,0.014008368965356139,0.015336009815046282,0.013830448851487265,0.015010209606534148,0.01581853012385928,0.01403640898330175,0.0027181217395979137,0.022008094085180216,0.011963207656452899,0.01657469060780199,0.007940725082064053,0.012071527725777745,0.021660933862997674,0.015535209942534364,0.007355644707612613,0.008577885489846714,0.01901825217168139,0.009269285932342997,0.014622409358341991,0.014755929443794844,0.015056529636178966,0.01403640898330175,0.017368571115885516,0.011832687572920046,0.005641283610421511,0.02438973560943079,0.006938884440886042,0.0107419668748588,0.00849568543723868,0.0028593218299659716
caudalmiddlefrontal-rh,0.0,0.0,0.0,0.0,0.001585204755614267,0.23632659360699065,0.0,0.0,0.014219830899308224,0.02382782475019216,0.008310648144857578,0.010532696624992257,0.0207532667179093,0.001921598770176787,0.03829713349247657,0.0,0.07691928879014923,0.08231113755601067,0.0,0.0,0.004611837048424289,0.0,0.0,0.006917755572636433,0.01498847040737894,0.012682551883166795,0.005380476556495004,0.0,0.011457399399100579,0.01016035830582511,0.004227517294388932,0.004996156802459646,0.0,0.0015372790161414297,0.017678708685626442,0.0,0.0,0.0196230518745361,0.006917755572636433,0.0,0.0,0.019396013837541897,0.0,0.0,0.032593158194539916,0.0,0.0,0.0,0.024066844222054573,0.0,0.002690238278247502,0.004996156802459646,0.023443504996156803,0.02382782475019216,0.0002642007926023778,0.0,0.0003843197540353574,0.06936529871849416,0.0,0.0,0.009607993850883935,0.0034588777863182167,0.04239315961606609,0.0015372790161414297,0.010400596228691068,0.009607993850883935,0.0,0.0857819967771971
cuneus-lh,0.019532503682909565,0.010851878275565604,0.009826045632087544,0.008451081379709279,0.006956113899060101,0.0,0.06001243283322527,0.031966207787622464,0.013322674085672781,0.007552290253793428,0.005375503342585715,0.006157394737870909,0.020568893760324572,0.02208225658986951,0.0037464560550830297,0.017303697559341368,0.008606723369785338,0.007290400972053463,0.02810441958490054,0.012256947246762946,0.021023568040250972,0.0378355116482421,0.011214286837380889,0.0118554441151834,0.009441338598068729,0.00906994018530826,0.02591941078007189,0.0278538240260785,0.006001016458813871,0.006216036592517299,0.008952656476015482,0.009324054888775949,0.011700633419118124,0.009949568005004105,0.023730882830597592,0.024100329681704172,0.016193405444367738,0.005355987726046853,0.012905142813856756,0.008913561906251222,0.010125109590281149,0.012482940461408711,0.048035738548754786,0.03990323674377797,0.002767908206646897,0.013621354065204263,0.010556717440679769,0.01410261391930409,0.0013628392354495561,0.01058368699351532,0.027535980740327013,0.01890423937936001,0.008014386801673247,0.008405332499315845,0.008854152094280586,0.009650120068148374,0.008288048790023065,0.0015383808207266013,0.02634711550716274,0.021252664752536995,0.025677805072195033,0.01248252481440332,0.010118518616338511,0.015520191886092263,0.0074150752809563954,0.007506157394737871,0.02142663875482228,0.0
cuneus-rh,0.02047423088993123,0.012526160370691378,0.00715069422697566,0.00745148811266494,0.006150872121160162,0.0,0.03380279278881392,0.056451901655858124,0.010413346347153922,0.00900930292325343,0.005149072395572184,0.00592046900914105,0.015205493762778754,0.026265946443358675,3.8569830678443324e-05,0.029269114032337236,0.0038860103626943004,0.010902417962003454,0.023351438671337946,0.012653390018327665,0.021435483165068284,0.03668649548989447,0.012398930723055094,0.02367527286822914,0.009353183939522506,0.009808003179912672,0.018767669928581865,0.023567328135932073,0.0057276198557488335,0.006352247938329306,0.00929532919350484,0.011477518118660917,0.008273228680526093,0.011346279107149054,0.01291936946920119,0.02097289916493985,0.01451900157030504,0.0076295155262886705,0.012036018759459685,0.011500304461849941,0.012136452700031369,0.011417631628540155,0.03255379059166587,0.035765082885500295,0.0035624301338159957,0.011223058823388346,0.00960738926678219,0.012078851922026592,0.0014386038907033586,0.010155131656018663,0.02266494647886423,0.03453912099955415,0.007713966135688664,0.008041809696455432,0.006649286428155897,0.016854199978110454,0.007829675627723994,0.003346286701208981,0.01941056705445001,0.03401868225340805,0.0239101932801496,0.021319773673032956,0.007733704862723045,0.021782357673161386,0.009432809156677647,0.007829675627723994,0.020687380830714218,0.0024827288428324696
entorhinal-lh,0.01841290887461401,0.010016868671421696,0.01139326806403116,0.006948465547191662,0.012413221648245574,0.005929997107318484,0.01645797317885152,0.011791331413477192,0.08132171928125491,0.011153383753425394,0.01384101485161091,0.017177877356891965,0.03461443782513006,0.012929102726596597,0.006132535062666671,0.013256973464546394,0.01692218686722592,0.005785363031530229,0.01976525562879476,0.011588793458129007,0.02200244691488342,0.021153943753340527,0.015436009624851983,0.01036429194878128,0.014924650978517499,0.010132425184318417,0.020507727300922683,0.015098613863420433,0.011180200100308658,0.011170675076826907,0.017132764701714622,0.013054435509198208,0.008453966415749855,0.01121229261787789,0.030362145747710713,0.01648705074174306,0.010402140796485144,0.009083371704214856,0.011819152745253024,0.013188790822835288,0.009013703918162516,0.014882530945020235,0.01802012169585394,0.01350763902974962,0.0019867769671085755,0.019504813793886643,0.015175316543720722,0.0189556062998483,0.003983581450145184,0.009303223315962169,0.01852095033381411,0.010634258807171148,0.018481091516325116,0.013457752696332592,0.016609368569666976,0.007941602784522809,0.018654803155004906,0.013884871275672549,0.00995745731452292,0.009766454352441613,0.02741130910616253,0.009766454352441613,0.01224627132459298,0.012475899206045185,0.020514991108396163,0.008087241845203628,0.009438332368268673,0.006797801562048018
entorhinal-rh,0.01402046195980462,0.01200696460609549,0.009332723140811334,0.011149709978293846,0.017482886386552605,0.009890498057223597,0.01039497257860397,0.012455918543421521,0.01464561961304833,0.10474945373042027,0.008400505416515866,0.011479217746211905,0.01779336396284964,0.022478137243648652,0.00962705677121653,0.018615032132319964,0.008124337689862239,0.02507947721653126,0.017263515852641232,0.023403147282867656,0.02254251479605328,0.01660491263762357,0.021126620963969917,0.009607614258777049,0.01571590137755434,0.009264967729393975,0.0200669247435531,0.016473191994620037,0.010150149163399473,0.00856357037096853,0.01852820688304904,0.011020542552666135,0.011748177787789069,0.008844392565322799,0.015805692165019546,0.021261307145167725,0.016441847683170908,0.010231455657100305,0.0155723185817737,0.008777049474723894,0.016489708615097784,0.02036846605903476,0.01194555259188514,0.014177183517050274,0.0068939565090978434,0.013044213129646003,0.009293346502648828,0.010272148550183265,0.008168820762776387,0.011608837138890618,0.016567637249785886,0.017047935498561047,0.009120108324925425,0.012436848705567952,0.013318652280560719,0.008430160798458632,0.01740454543104605,0.006004945249028612,0.007362844572146898,0.014906095360861118,0.010481797827874898,0.015037816003864652,0.001921605315919101,0.021970736830306543,0.009293346502648828,0.010303492861632397,0.009674957349375953,0.00971388202048746
frontalpole-lh,0.014464711593999691,0.014374246603950841,0.009740063928592968,0.00898618901151921,0.0035007707310676698,0.002718601561207912,0.007689524154152343,0.00744828418068874,0.015010757836112464,0.00978277894658034,0.11062601335291712,0.06804264299625301,0.01942594737312764,0.00744828418068874,0.008347899127103146,0.00744828418068874,0.017265486889362684,0.004141003451023196,0.007629214160786442,0.00899037568528735,0.007538749170737592,0.007508594174054641,0.012408589587868214,0.00747843917737169,0.028528186603278785,0.018606645416971365,0.012892465092718132,0.00744828418068874,0.044360572325418714,0.034715077969000224,0.013406495594251002,0.016190059008567192,0.00839006686747377,0.012136264245773184,0.018397421184087662,0.007629214160786442,0.008624794237298042,0.0028735632183908046,0.0101650249979997,0.011649597625077838,0.015582772401140046,0.013695485539776082,0.010139987047033366,0.00744828418068874,0.023210673095646287,0.00883913551589836,0.010838669016457842,0.007539214356711829,0.003898833105611117,0.012468899581234113,0.007871384506198521,0.00744828418068874,0.023164701775839246,0.030999965959332236,0.033020350737089914,0.011977581100796388,0.02017563561643326,0.013122157508468301,0.00741812918400579,0.009837971894229625,0.01718889538689846,0.009444561379428557,0.0046262745137958285,0.00738797418732284,0.015592541306599041,0.01344176763665057,0.007749834147518244,0.001840850355582686
frontalpole-rh,0.012564169950438249,0.010034115880261624,0.01004548900682335,0.009531030001083072,0.0038110034824513535,0.00344839029724162,0.007987652983862233,0.007689808296328387,0.01724671945080513,0.011259934790574955,0.06141327953086261,0.08511347551607895,0.019376687341844282,0.007716885086104191,0.007620271834055468,0.007716885086104191,0.014597524589428673,0.004874361654109861,0.007987652983862233,0.011810569087340421,0.007825192245207408,0.0077710386656558,0.010571860633590465,0.007743961875879996,0.034701494213032424,0.025008440901239208,0.015176212598379733,0.007716885086104191,0.04753924618100616,0.03906009915849945,0.010195060202041552,0.018486944321429985,0.008059026643502816,0.010868188904249414,0.01576886913969763,0.00790642261453482,0.010659156670417466,0.006192784060312331,0.01316516678456808,0.011223220005084663,0.015583122653454243,0.016302283356374122,0.007879345824759017,0.007716885086104191,0.007213580492953298,0.009549008289609494,0.009165383982123545,0.007527347557673562,0.002697822267893588,0.01102989143446679,0.007852269034983213,0.007689808296328387,0.0374656013954768,0.04449094206290202,0.023328382232236794,0.012094226528535087,0.019953640219948103,0.01578207946362702,0.009088702863420823,0.011055451807367698,0.016008769205492625,0.007743961875879996,0.006733561647390967,0.00836293699853625,0.015294157753197438,0.01635091076289125,0.007933499404310625,0.0006212497479685992
fusiform-lh,0.0077124618834941375,0.013115134035236505,0.009434422896811939,0.007168319900805952,0.010833408794558136,0.0060253480157905675,0.021658444935439756,0.014013028686386026,0.027408892163956138,0.011783362835129953,0.01422319436960938,0.014686491940547976,0.06733625005458327,0.016856679748186644,0.010492416372324953,0.009357563546187228,0.030438396010804072,0.0025971327654269686,0.02075688322299249,0.012051565499462926,0.02440690134012695,0.024082887693474317,0.013153881710375997,0.009376937383756974,0.014564186791842562,0.01000192377819475,0.03252231328306048,0.019661583134847768,0.010791630057775175,0.014017416278937662,0.010359343507953828,0.011246872974864392,0.012244985875333247,0.011549838253211975,0.03933297998587984,0.018920353714991518,0.009221946683199008,0.0097635446672701,0.011516114170278393,0.008853843769373837,0.009670894008773767,0.013281210451287322,0.023322284436048318,0.020700436241018555,0.0033984762285548965,0.01445862695049018,0.010581146374724685,0.013097434728402062,0.00663662016451878,0.009745040297582145,0.021205830548567253,0.013078060890832317,0.014799703904322982,0.014525121116875934,0.015982546527158505,0.007032703037817731,0.012973857580388102,0.011135102073597171,0.012285408081208041,0.012578008175316669,0.029173267913711172,0.00939631122132672,0.011925762352659007,0.009376937383756974,0.011270634404985774,0.007698429637957438,0.01224865293663099,0.004882609599002701
fusiform-rh,0.015244047010983626,0.014446910890281148,0.006992850318705327,0.007870729394983797,0.011155781063721856,0.00035203003989673785,0.024930559199856622,0.02716154680151154,0.011401839940411752,0.015529353291531864,0.005156630229054811,0.005929159102321449,0.01902330140893874,0.0568880399431331,0.002033463336411513,0.025890083210388503,0.0038723304388641163,0.015371978408824219,0.03375062341910673,0.011474700780811666,0.02336500523433184,0.027492799603934363,0.013273477423958688,0.01452709180889231,0.00936691258835799,0.009135153926377999,0.02254360180790612,0.03623561093585781,0.0057360268840047895,0.005929159102321449,0.010659153416954946,0.013588345035834344,0.011570985871487582,0.009347599366526325,0.01536634444150745,0.03187166585734855,0.01478694778655747,0.0068609257388807625,0.01035453391457504,0.012873755828062702,0.015707845353426023,0.013388513699501444,0.026454558690433568,0.030955160337406744,0.0042957573035185175,0.012003477848477898,0.008826142377071343,0.011340972243632255,0.004912316386489578,0.011672225046055076,0.02859483624549916,0.028687010307730743,0.0077446019544980494,0.00807292672563637,0.006334736760786434,0.015147480901825296,0.007879794507319711,0.0,0.016701322742212074,0.020961662651834172,0.017974531367459776,0.018301392122955847,0.005039907842617575,0.018458825928893675,0.006469929313608096,0.011440185365592671,0.018461753960178177,0.004811077211922084
inferiorparietal-lh,0.0030272452068617556,0.012155468640943582,0.020059942236638165,0.017601496675799397,0.00976675480034965,0.05034456355283308,0.006750455477552181,0.0011485451761102604,0.008786389913509487,0.010851041198247216,0.009314174688068059,0.009389379350345041,0.016696336451236214,0.0036712495151617237,0.17047441779486538,0.0036712495151617237,0.039952991935072624,0.046659663876367656,0.0022328315740078263,0.012729741228998712,0.008310565894479618,0.005689412986402895,0.002737372441818119,0.0011485451761102604,0.01628477121041904,0.0019142419601837673,0.027628055253792555,0.003503069225891626,0.02164329656031388,0.005451500976887959,0.006165237005432764,0.00328840112312497,0.017322569794820046,0.007063572149344097,0.01905086050101758,0.003937878373457081,0.0011485451761102604,0.018525780003698422,0.002401011863277924,0.0017228177641653904,0.003624761701665165,0.0073657429370717255,0.0046105995305374715,0.002830348068811236,0.013004547306565625,0.012300405023465398,0.005811105462176434,0.00398436618695364,0.057019814368108275,0.0020414073779894495,0.001849983181971073,0.0011485451761102604,0.0065070705260051025,0.0005742725880551302,0.012683253415502152,0.005562247568597212,0.017490750084090144,0.046015659568067684,0.004036326942482341,0.0011485451761102604,0.0053817692566431215,0.003503069225891626,0.07369696332845532,0.0012469937451355204,0.016462480857580397,0.0032542113323124045,0.009528842790834716,0.04709447302393311
inferiorparietal-rh,0.01955258443215199,0.019499264053795852,0.008160686440842281,0.009375164884445265,0.02150572830097055,0.0,0.02088154039380942,0.03600172692494335,0.01281867835316946,0.015430836426320628,0.005149866913551672,0.005921382556031324,0.009721097095243606,0.029326934347464296,0.002227717638516277,0.08286865054280045,0.0005837711617046118,0.012697022767075307,0.015209059458251444,0.01981043752571015,0.030191663537029,0.022525486870621083,0.011618353370783594,0.025678364586810474,0.00935462716506577,0.013831917548082754,0.012785895694192818,0.01911093901763359,0.006750103178394481,0.008548352783702078,0.01190444582848856,0.012835399029309014,0.01075553270283886,0.00931605138294179,0.013642264545687744,0.015528593268235519,0.010893773848497703,0.0024784602223221633,0.008583111522586121,0.02671602610263063,0.015574870695126811,0.009079394702065587,0.018827413774851063,0.020424424131468968,0.007545314890191097,0.021154138083599734,0.010731110381931995,0.009470354511437719,0.0035007184486077012,0.011571417250589834,0.021927562247699352,0.031769386002584915,0.007734444315858504,0.008062338463912355,0.006326428268333141,0.020954148663227545,0.009017713985639676,0.0,0.017094070794194283,0.0240537060010608,0.017899027788953047,0.018254570166138663,0.002963224713794382,0.018031475811464547,0.00795944719215259,0.007811595880106469,0.01677842158573758,0.005691768826619965
inferiortemporal-lh,0.0009315142165377821,0.007565875293503783,0.003652491521001826,0.0013044612575006521,0.006273674926861348,0.07162202878035137,0.010435690060005217,0.004174276024002087,0.015523088964257761,0.0054787372815027395,0.02101851081030904,0.015960405682226272,0.03822071484476911,0.0032611531437516305,0.03251104089738575,0.00026089225150013044,0.15429216518624536,0.07556742323097464,0.004565614401252283,0.005870075658752935,0.009653013305504827,0.007174536916253587,0.004826506652752413,0.0,0.006130967910253066,0.0,0.013305504826506652,0.0054787372815027395,0.009775622214086998,0.011540563520296827,0.002348030263501174,0.003522045395251761,0.001826245760500913,0.0,0.032350639186016175,0.002478476389251239,0.0,0.02705853216933823,0.003522045395251761,0.0006522306287503261,0.0013044612575006521,0.007757625873544933,0.009913905557004957,0.008348552048004174,0.04484925896499272,0.0027393686407513698,0.001826245760500913,0.0015653535090007827,0.00520694259012016,0.0032611531437516305,0.006261414036003131,0.004435168275502218,0.01147925906600574,0.006522306287503261,0.016258080606301052,0.0,0.010305243934255153,0.07838990120578199,0.008348552048004174,0.005870075658752935,0.015392642838507697,0.0,0.028426004652868753,0.0,0.011870597443255936,0.0010435690060005217,0.006391860161753196,0.08209892518662155
inferiortemporal-rh,0.015441176470588236,0.001838235294117647,0.004656862745098039,0.003676470588235294,0.012836741412784918,0.07716869798091788,0.009558823529411765,0.012867647058823529,0.004656862745098039,0.01801470588235294,0.005115795322641932,0.004667045342161288,0.002818627450980392,0.01801470588235294,0.03564442501184174,0.011642156862745098,0.07020484262194392,0.14061675307234656,0.014583333333333334,0.008455882352941176,0.013235294117647059,0.011151960784313726,0.0020833333333333333,0.006127450980392157,0.006127450980392157,0.0004901960784313725,0.007107843137254902,0.013602941176470588,0.007097302685342786,0.0013887696039392662,0.007720588235294118,0.0006127450980392157,0.004411764705882353,0.0004901960784313725,0.00428921568627451,0.018137254901960786,0.006862745098039216,0.023422217971340382,0.003676470588235294,0.002818627450980392,0.00428921568627451,0.012479276951024637,0.010416666666666666,0.010661764705882353,0.032193045123544504,0.00784313725490196,0.0006127450980392157,0.006127450980392157,0.014018996236668281,0.0023284313725490196,0.012254901960784314,0.008333333333333333,0.0029411764705882353,0.0022058823529411764,0.0017665992598260435,0.008700980392156863,0.003431372549019608,0.06834731569824638,0.006862745098039216,0.009926470588235294,0.008946078431372548,0.012254901960784314,0.034165085598879846,0.018872549019607842,0.0023284313725490196,0.0006127450980392157,0.0030637254901960784,0.08068081559674573
insula-lh,0.016208604920429408,0.011214966482099062,0.008704134243647339,0.007295173961840628,0.010023680989812623,0.0,0.030876872385461076,0.024341043316800426,0.016536453114544915,0.011754261936019611,0.005282712179263903,0.006134138318046364,0.021556708316557788,0.032508920451474785,0.0010022271714922048,0.0135586121736699,0.004788418708240535,0.012249443207126948,0.0505679894974112,0.009385038120670305,0.02778329851519315,0.03434870942742842,0.01301605426992622,0.009346336932543829,0.009617245249429158,0.009075428615658502,0.025134788308379688,0.03941315207730998,0.005901931189287511,0.0061921901002360774,0.009762930657383208,0.009346336932543829,0.010572022523229547,0.009713998219745347,0.0207384971061596,0.038827147995670636,0.014914265663056078,0.005785530254977046,0.012019313358176222,0.00882387089283641,0.01614907059829365,0.01631195605544734,0.03276047817429688,0.035404243391341156,0.0018102071323790087,0.014521767522049119,0.011419074307229339,0.015766433071811563,0.003678836681934242,0.00969464762568211,0.03249905983694991,0.01988670033239063,0.008049847130306901,0.00839815782344518,0.007320010815646072,0.011870736135385548,0.008282054259065754,0.0023385300668151447,0.020584804258613233,0.017010727986587496,0.02085497130552554,0.014599540533288581,0.01086932349892184,0.01667665226275676,0.006153488912109602,0.007585432872789195,0.015180799625158736,0.0
insula-rh,0.01931214677231547,0.017585058646445714,0.011294410837522365,0.013497202578739598,0.012153517366731988,0.0,0.015076964584930845,0.013813154979977848,0.01250674505126239,0.02224979409843515,0.007032603447786203,0.011429311862770158,0.014638536252875521,0.012799622277129306,0.01140268666041862,0.02209714293828633,0.007747933884297521,0.012741046831955923,0.009719973871801426,0.09257937860327738,0.02049253074323365,0.009547797563261481,0.013049899179233762,0.01643484990485928,0.016983329073300957,0.01744838260770782,0.010831132316605607,0.01331615120274914,0.01555799324074863,0.017263781204737157,0.022262219192865865,0.02108361023543779,0.013960481099656358,0.010843557411036323,0.012744596858936127,0.012267118230098548,0.012464144727499928,0.013605478401635852,0.010195677487148903,0.01566449405015478,0.022618996904376472,0.008605265400017041,0.01020100252761921,0.009528272414870352,0.005829144301496692,0.01400485643690892,0.009725298912271734,0.009450171821305841,0.0023607679418363578,0.022171693504870638,0.011356536309675954,0.014674036522677573,0.011429311862770157,0.015701769333446934,0.016049671977507028,0.018701542131720202,0.020707307375536055,0.019494973161796027,0.01186774019482548,0.01503791428814859,0.014761012183692596,0.011441736957200875,0.001748388287750987,0.020813808184942204,0.006462824117463292,0.011864190167845276,0.01271797165658459,0.014979338842975207
isthmuscingulate-lh,0.01081955930797829,0.009752423622108068,0.011704993650702121,0.00873970294341433,0.015403617639289192,0.0010206164523372118,0.02324387252290403,0.020995713584347035,0.01847999316997841,0.014286954993830061,0.005214167085087482,0.00598663628287822,0.02483273239124415,0.02093227539900285,0.0045100241202285,0.023668628090368554,0.007552561747295366,0.010206164523372117,0.02753046162272032,0.015638878581284238,0.06619801643186575,0.02660360107669182,0.013037707999531915,0.018686919203860983,0.009385500753157468,0.009848879780511527,0.027020153396551713,0.02440237133694937,0.0063231389395439095,0.006005948012822989,0.011379804459017345,0.01317559036124004,0.009606030538834161,0.009501371132826078,0.025285105427578454,0.02859520453045695,0.009153759993820246,0.007127806179830845,0.012447247618848719,0.014598847907681874,0.014753341747240021,0.01543414034289449,0.027389776517597064,0.024606494627416813,0.0038646362757668996,0.019633091479834254,0.01023501188808651,0.014507894744788294,0.0036274950122401834,0.011269539566178996,0.03519328826285403,0.016709124484530744,0.007840562357575992,0.008168861766637055,0.012350381495163723,0.013624853180198057,0.011261028844613217,0.005938887153500596,0.015591744399828921,0.018667607473916215,0.020068853038318533,0.010133052734173174,0.0029377757297383983,0.01628156617365109,0.006353559151828821,0.007705380247962613,0.009396506744177226,0.007552561747295366
isthmuscingulate-rh,0.018633133185856247,0.01042778889708206,0.009478633378981003,0.0070876786404017,0.009744267706029004,0.0,0.035675550405561994,0.0330665051441413,0.016068857754836897,0.010537518873555952,0.005195056006179992,0.005967555040556199,0.022570982127181432,0.023377857368587378,0.002129534042627901,0.016449453983637067,0.005363636363636364,0.008090909090909091,0.030422135608694126,0.009675550405561993,0.02425962990273535,0.050799431159801955,0.012369851469503845,0.011559675550405562,0.009385863267670916,0.009154113557358054,0.02891530601495839,0.028832402823132833,0.005793742757821553,0.005986867516415605,0.00930296007584536,0.009559675550405562,0.010031637346816951,0.010476772358580006,0.02177211278485902,0.028226658239404477,0.012173426033217458,0.008835141683345623,0.010814494890972295,0.008903051371185786,0.0112007444081604,0.01451206151901401,0.03557098212718143,0.03955967555040556,0.0033782436181045684,0.015838056111520768,0.01224172197057481,0.016697215492116998,0.0031644018399522456,0.010105130095860107,0.02679047719372169,0.022975596053232204,0.007802240247199691,0.00813055233680958,0.008756065873099477,0.00867976403665859,0.00830106394185189,0.007545454545454545,0.016113592471645774,0.023994908529091613,0.027335931739176235,0.01285171529899224,0.008736226693352996,0.017683556304645527,0.008158327188454651,0.007763615295480881,0.018451806594332668,0.0005454545454545455
lateraloccipital-lh,0.012620787147364896,0.020019214021236027,0.007077030757864448,0.007135357934440254,0.010587647847048243,0.0,0.014942075044342027,0.01649464778717802,0.019190834383119644,0.02356455995488542,0.012147195162321343,0.01080848873359664,0.01852912439489412,0.017327183365212682,0.005555555555555556,0.01148763515291493,0.008465608465608466,0.0034391534391534392,0.01767714642466752,0.014778892680669715,0.01774727276729843,0.01738551054178849,0.13330505442532506,0.009390675428704748,0.009429560213088618,0.010931449005485636,0.012856914486186952,0.017327183365212682,0.005891044834156395,0.012983218026574561,0.02145513241092041,0.012036178074207394,0.00855465256445153,0.01637383749410813,0.009721196095967648,0.01754104967932397,0.009196251506785396,0.001614387205630352,0.017234127344171284,0.013421412513452798,0.011647330230368687,0.01564467577805059,0.0228514973625212,0.016798082836112158,0.008352441398675407,0.010024631144901782,0.015214937188728845,0.014172022582801445,0.01558071133643712,0.018980455355226907,0.022548062313587063,0.017288298580828813,0.007932496014309601,0.014367115158420521,0.00862960350070044,0.026046880236715756,0.011017530454089928,0.008485050857800401,0.0161800822258885,0.01730774097302075,0.009449002605280553,0.009410117820896683,0.000556186147429294,0.009410117820896683,0.006202123109227359,0.014725390097711908,0.02493317063445772,0.0
lateraloccipital-rh,0.012694842699502926,0.009724848531625052,0.006849843707791456,0.0070427970516729055,0.009186735295103523,0.0046559751681324365,0.017148960520508065,0.043714303756157764,0.010852342897796676,0.007679543086481689,0.0051711496160228455,0.005942962991548644,0.009724848531625052,0.021249014445627275,3.8590668776289896e-05,0.04269893794207203,0.0,0.012933264355923435,0.009666962528460618,0.021106121164837677,0.035112637338011274,0.01535759884506693,0.009724848531625052,0.09522728656150933,0.009616902465368768,0.011493271418435067,0.009744143866013197,0.012713059970717807,0.005730714313279049,0.005923667657160498,0.009242465171921429,0.017110369851731776,0.008277698452514182,0.01839222689300856,0.009705553197236908,0.009802029869177633,0.00912669316559256,0.008049388629376234,0.012188442487994918,0.0218477088432464,0.00901092115926369,0.00530621695673986,0.01885531491832404,0.009867741812414652,0.0005595646972562034,0.02077027454016663,0.010149884919750874,0.009474009184579168,0.0012927874040057114,0.01963913671975203,0.028765959652208035,0.03698900629107758,0.01239340425777856,0.010652102645429274,0.006328869679311543,0.029450200359038954,0.007872496430363139,0.0077792539479422055,0.012173329639436382,0.02485103313089769,0.030117172090964817,0.02980426425492489,0.0004630880253154787,0.02507110774923987,0.01088054223543067,0.007814610427198703,0.009300351175085864,0.01189860320744956
lateralorbitofrontal-lh,0.014952548864442018,0.014086259281691294,0.007712082262210797,0.007769635114913863,0.003971146836511529,0.006430363864491844,0.00941948355906841,0.009189272148256149,0.015114116884331667,0.012798547299562863,0.026339450576541898,0.03722120023718226,0.01763261984966357,0.009208456432490504,0.014153801441743491,0.009208456432490504,0.007685069008782936,0.007214554579673777,0.009611326401411963,0.01681678830433602,0.009323562137896636,0.009266009285193569,0.00971397556090683,0.009659786577365308,0.08313913959375822,0.018622108883835236,0.01673332342907551,0.009208456432490504,0.04912844256203636,0.03631853994743266,0.019207729018350526,0.010130301006474468,0.012525604520385432,0.014185544572024616,0.016710775275679608,0.009361930706365346,0.00978398495952116,0.005402506261851471,0.01033796426389083,0.009788347759417618,0.013554828130717525,0.018868772563498417,0.009361930706365346,0.009208456432490504,0.0006714499482024325,0.009323562137896636,0.010675187634094417,0.010661732157448237,0.00948266291922415,0.013382169572608328,0.009246825000959214,0.009189272148256149,0.04272772166622031,0.04085812049569495,0.009454121181418772,0.007328396577523693,0.021983354347787053,0.017095357590966122,0.008249242220772742,0.009189272148256149,0.017876286737122014,0.012521241720488975,0.007889368397037754,0.009170087864021794,0.017216926257874042,0.014834079289874343,0.010661732157448237,0.004234629861982434
lateralorbitofrontal-rh,0.008746265411227215,0.020622893474665054,0.011573538204612214,0.01351491683164587,0.00429813189293228,0.006242905788876277,0.009212463687373154,0.009989076870348623,0.009790103572565184,0.008516983127561217,0.01979916058412899,0.02981492532207664,0.011333226943221935,0.009252258346929842,9.948664889171873e-05,0.014549269319309714,0.0,0.0011350737797956867,0.009272155676708185,0.017814900689438334,0.009879487226162716,0.009272155676708185,0.010138461174091217,0.010596408419803152,0.021588685620939803,0.1044282482338165,0.010178255833647905,0.013035837612915465,0.02814262363826567,0.032393944484447386,0.016251879989003244,0.027224259860361547,0.011065384643239373,0.008993593059811374,0.009252258346929842,0.009351744995821561,0.017606133057170743,0.005167523998415621,0.02064340812606346,0.028955944872697516,0.01347450485046912,0.014959788196651023,0.01118384263947934,0.009252258346929842,0.0016123010336659056,0.009212463687373154,0.009959693866896152,0.00919256635759481,0.005216187010026373,0.015166703864058433,0.008794619762027936,0.009232361017151499,0.02253488909824624,0.029176050143499423,0.017299113419251555,0.020135871886310677,0.009312567657884935,0.0019912762818845298,0.017258701438074807,0.017954490658696774,0.009571232945003403,0.017974387988475116,0.0004377412551235624,0.01726756979012887,0.011335696229702184,0.044749651766615633,0.011621892555412934,0.014377601210745366
lingual-lh,0.011723005613493785,0.010755586284509865,0.011449717567893722,0.007144530334973062,0.009600843741102875,0.001551510136532892,0.026633720265528918,0.01754116256821823,0.016957572495311588,0.013042296021462972,0.008516050596683476,0.01126211975705389,0.031190647801699,0.019855751917837908,0.01696317749275962,0.011871812642283345,0.010550268928423666,0.0059991725279271825,0.02401466002427626,0.010166165075929623,0.02621795706145523,0.030878318606727503,0.01052919769161976,0.009408916998516436,0.014703572037413988,0.009445930980222953,0.06472861846116879,0.02544118840935632,0.012327642694108736,0.007991272615155157,0.009057546654173498,0.009408916998516436,0.011742776555500668,0.014026433426408596,0.040977837517035876,0.022139158421424672,0.009233231826344968,0.008651442782877678,0.011143720243238153,0.010123069591228344,0.009949411586721796,0.012957881852404167,0.02639947336930029,0.027199566564093596,0.004199976423474711,0.018901521293223776,0.009572689532019542,0.014276146561993098,0.002709055178663897,0.012139269552209809,0.024135587440399252,0.013920972249641481,0.010634158133744544,0.009020282305145816,0.011381270372833124,0.00746066349795324,0.012296960582718147,0.0052946550388975515,0.01443003362449276,0.015285134942655708,0.027057091405619967,0.015220742082924952,0.00836066133025682,0.016176999875204004,0.00953695161601445,0.007593503552744593,0.015302628349676505,0.003620190318576748
lingual-rh,0.014312621442378583,0.011274916155426092,0.008288550450333951,0.007049325968558075,0.009758706484372244,0.0,0.030110706746360297,0.02423395785015291,0.013094007527118283,0.011254305588910515,0.005156630229054811,0.005929159102321449,0.020622742242382613,0.034489975598164066,0.0013429742697502885,0.016644575419810664,0.005326086956521739,0.010760869565217391,0.038282193881235445,0.011671072320458413,0.025296655285860874,0.03204791526365906,0.013014046590208701,0.010468236467729285,0.00936691258835799,0.011309066969856259,0.02627491615542609,0.05981606255468581,0.0057360268840047895,0.007668289537104057,0.009251033257367994,0.00959867125033798,0.010350589557089044,0.009347599366526325,0.018646907281420513,0.03568068190787761,0.014589249756905317,0.0031157852839967287,0.011855253280308743,0.01247103856430547,0.02075840503017061,0.014857040173180819,0.03011789042517638,0.035468236467729286,0.0017364223851996903,0.014547915263659065,0.008826142377071343,0.019137391740994582,0.0035572813365421273,0.00956004480667465,0.028789753748024595,0.023038305676239865,0.0077446019544980494,0.00807292672563637,0.0066608237173081735,0.012476924898437644,0.007879794507319711,0.0011956521739130434,0.019957141441639643,0.016753271071984575,0.019608562978736983,0.01548754968956095,0.00818090862830781,0.017692905497886463,0.0071221032266515745,0.007802541619993047,0.0160481033576456,0.0014130434782608696
medialorbitofrontal-lh,0.015279719357476327,0.01054579714128515,0.009649122807017544,0.008262591963780418,0.0031409168081494056,0.004057743467153099,0.008007923033389926,0.007696661007357102,0.01278508829772318,0.00999708011092802,0.04042368932380274,0.04969799277292749,0.014901452586970816,0.007724957555178268,0.01744865090481856,0.008406342128631525,0.006734832888408873,0.006448929011527315,0.007951329937747595,0.015037729501661469,0.008246974490534886,0.007809847198641765,0.007894736842105263,0.007724957555178268,0.04490319711657483,0.02500676757173973,0.01634390555292565,0.007724957555178268,0.08462946792772558,0.0407037164033445,0.013448587972185627,0.01966073295231326,0.013157478270888891,0.012039637378467137,0.01414038419446924,0.007951329937747595,0.008602150537634409,0.00776778413736713,0.009394453876627051,0.011214502640162775,0.016110059920195867,0.014655598852590025,0.007866440294284098,0.007724957555178268,0.0063354883132712425,0.00792303338992643,0.010414055078085052,0.007526881720430108,0.0006791171477079797,0.011574213538752851,0.00797962648556876,0.007696661007357102,0.03801100950884319,0.03835804133285764,0.02840302428320425,0.010553941364370227,0.023629051924512305,0.011062191786273374,0.009206118717784623,0.00946826089833557,0.015538923139357374,0.013448587972185627,0.006909147026826423,0.007583474816072439,0.014110745700798828,0.020914850759425667,0.007809847198641765,0.00594252954941623
medialorbitofrontal-rh,0.011099519962121423,0.008244023083264633,0.013330972628736783,0.011789305102793763,0.00890424911737648,0.0036428538973673616,0.008161582852431987,0.008414469979063836,0.013035825871880471,0.009224092734110052,0.03494077532044301,0.04264146748640792,0.020004121173223238,0.007831821929101401,0.005061037123924081,0.010272334436728002,0.012221692963876356,0.001009980851131252,0.008161582852431987,0.017301156326093112,0.007969222313822478,0.007914262159934049,0.013542815686814978,0.007831821929101401,0.03515418603391736,0.028070403990663816,0.011102303179188377,0.009967270373274677,0.04274182258131311,0.09528136564078292,0.008121754345549142,0.014210687184677016,0.011338843097143832,0.008134102775487772,0.02066920945401832,0.00807914262159934,0.010871329695366833,0.01296522269676632,0.009645507007419622,0.02309180709757238,0.018546109439783673,0.013993277692464908,0.009549502784977536,0.008136885992554726,0.005449404886155524,0.008106622698543555,0.009575767300250941,0.007529541082715032,0.0012545183265622356,0.009909527002319292,0.008161582852431987,0.007804341852157186,0.02880244876156062,0.04368327928694649,0.019168233902903616,0.014544446886745364,0.01610681249382788,0.022886586754804112,0.013835531320329674,0.0097872582646038,0.017428991497942515,0.01728880789615448,0.006986210165415309,0.007721901621324539,0.011022998259148025,0.012369522029414581,0.007914262159934049,0.0004396812311074471
middletemporal-lh,0.02528199597538944,0.02501992125078667,0.010963072376556108,0.016282876760767118,0.01157383595961674,0.002102446483180428,0.009440940590204781,0.009518804017752862,0.021135366640307397,0.01744024696279057,0.012272776302658715,0.009649975319436498,0.011964581784101145,0.01257690799328803,0.003728827755383113,0.013341433987171823,0.002675840978593272,0.012805810397553517,0.011890245426952318,0.023947468617109807,0.014679354476468459,0.010322261725410693,0.017487929382871616,0.009499338160865841,0.02290153598111848,0.015514689757101824,0.009842669444033697,0.010283330011636654,0.01472913528020476,0.006880332126807378,0.13335960331083865,0.010224932440975592,0.015111264337764404,0.009148952736899479,0.00970993551622381,0.01452715469177155,0.009596667445300942,0.001688305913262999,0.013061857849955031,0.010350612227986973,0.009644483804764242,0.013957555145522459,0.009557735731526901,0.009518804017752862,0.008935364068671256,0.01611107717980094,0.020091264509206813,0.009897539944295503,0.018318442845743976,0.03514636359934766,0.010081617301967945,0.011047856005520447,0.01562626126251619,0.015477588548218534,0.006345869345168574,0.007066106049988321,0.019008230664332194,0.0005733944954128441,0.012085037935204771,0.010263864154749633,0.014707704979044738,0.009518804017752862,0.0048472662436325215,0.022781213769397103,0.021432846008284955,0.01120724387039811,0.02083802121171209,0.013379204892966361
middletemporal-rh,0.014525559261126201,0.012604500923066616,0.009762603231383516,0.009917264330250624,0.004021188570544794,0.002112135176651306,0.009685651316552604,0.012833864401772473,0.013139244345114482,0.00863511847521262,0.015895169709374334,0.020892745557012482,0.012835178486569876,0.01632875087464593,0.0028995169691556234,0.014581307638209202,0.004416282642089093,0.0013440860215053765,0.009685651316552604,0.02178242551010099,0.016867436551086003,0.009666318679194215,0.012047796694065558,0.014792652564354074,0.010105712999247542,0.029305627793098372,0.009782314503344547,0.00960832076711905,0.02164014799000262,0.0131929213681948,0.010393074390028564,0.11521507959968434,0.02423072139602667,0.009356996481460001,0.013180537789426064,0.009782314503344547,0.02312256927721416,0.011638047236136673,0.010484481237630898,0.01388533269330722,0.018628956085691515,0.011038178662434513,0.009840312415419711,0.00960832076711905,0.005725645643269899,0.012757847937136321,0.008854347910141901,0.012564521563552438,0.003388089242304942,0.01611740594850106,0.01085311543223768,0.012833864401772473,0.013858115547164419,0.021099212778570388,0.013982931330293921,0.014601575725762352,0.013840096994603432,0.00576036866359447,0.008731781662004562,0.02494997123267925,0.015942098127478165,0.02114839073166638,0.005225625241546604,0.018190875850435592,0.007052470381419571,0.0483249784267367,0.02101174818536026,0.007872503840245775
paracentral-lh,0.016740492843487203,0.012221685738972012,0.031264636544543964,0.03654307786739437,0.020508755536963262,0.0,0.01654090804242692,0.009176111595466434,0.009154315605928508,0.012748210383101168,0.007818895852311157,0.00892120603172245,0.018537049272619937,0.0172478604743902,0.021748878923766816,0.013884631774838632,0.004035874439461884,0.008295964125560539,0.013763141124633962,0.017559259679178672,0.011592631978137547,0.013501589250178865,0.00954664341761116,0.009176111595466434,0.014622665483362721,0.012950434160473218,0.016995593886957983,0.013436201281565089,0.016298513181197977,0.011836004238000478,0.018309804090217804,0.027315750583506982,0.12208999104702851,0.012903616765905207,0.01659075537276029,0.014731645431052346,0.008827375762859633,0.002229641763852671,0.012545595646275524,0.008914559721011335,0.011380927434015819,0.005090976264851572,0.016727786661245362,0.013660416528201859,0.00916780370707754,0.017219809133594756,0.02120886617848863,0.009568439407149085,0.003786637787795028,0.017848862894429218,0.015756056939334823,0.009848757335376747,0.007650392327811683,0.012324605815130913,0.007703465073637213,0.0075882297746900675,0.024441514420539445,4.359197907585005e-05,0.011741978489410863,0.01029718782865029,0.015435372447523465,0.010767414311461759,0.012390971182378675,0.017559259679178672,0.006146469049694856,0.013146793546041341,0.01969868754911428,0.0006726457399103139
paracentral-rh,0.00798817749730399,0.03937140728351254,0.013258313089885397,0.011342931562411226,0.004473379398490234,0.002106741573033708,0.009865399209170428,0.01583778199276307,0.013200182830534405,0.007229300635060111,0.015263421372324016,0.013213309470522952,0.016357013530087828,0.009206374565642848,0.014747191011235955,0.009186404121899588,0.0,0.002106741573033708,0.009625753884251308,0.013148615891177686,0.009386108559332189,0.012777521851928809,0.017721567024623783,0.022900194790361948,0.020370792238722644,0.00900667012821025,0.024273092676770962,0.009206374565642848,0.015922446015851598,0.006310660222870152,0.00886687702200743,0.009206374565642848,0.01588934893211979,0.15445678317438508,0.009585812996764788,0.009406079003075449,0.009557498161148467,0.014735564959365757,0.009668976431734965,0.01062249499953552,0.012889000122515308,0.005332108479450414,0.025266552132058036,0.011313116138676556,0.0008587290809601789,0.0177615079121103,0.016360295190084966,0.009306226784359148,0.010981402019393322,0.035006504979372105,0.019605352056484494,0.01934901794781925,0.017939460833920853,0.010634121051405718,0.006769980428965132,0.01430333948452919,0.017847953007077616,0.013031513921194386,0.013100330611818105,0.013048763672461387,0.009845428765427168,0.02994263714421757,0.005035552999538211,0.013148615891177686,0.005911251348004952,0.007409034628749451,0.008846906578264169,0.0017556179775280898
parahippocampal-lh,0.008433535711873313,0.011289124397740356,0.013062202817743226,0.007546978226104287,0.011830635391418693,0.0043859649122807015,0.024087644440701564,0.012486077520250282,0.024536314535024997,0.01087426447345759,0.012742413436461295,0.0121821149537009,0.03845978117619331,0.013569245713747676,0.011382623224728487,0.011983384256932145,0.026524644945697576,0.0038638262322472847,0.019852198750288392,0.01093190624443503,0.02468972132817167,0.022817222732481653,0.009664372107494264,0.009392136273480341,0.013894773686052724,0.009119900439466418,0.040489999646181135,0.017537499682001644,0.010251280107865041,0.014433433659987092,0.009022673355890017,0.011689546465627376,0.011134986573890098,0.009625481274063704,0.0725882054336635,0.016498266433789526,0.009399336925910624,0.00885475560327724,0.01177164121363963,0.009702531910221242,0.009061564189320578,0.01294406825604438,0.023827653370972642,0.01899948798609521,0.0022275602084197775,0.021209759318375276,0.013286921656024322,0.014535741406953389,0.0010889433360556917,0.009664372107494264,0.0186595587089296,0.013321499408303749,0.013755037167063031,0.014627193347971492,0.015468353827048077,0.007600270364395412,0.01384506359820915,0.009731224865336834,0.01474602238883874,0.012296667464952196,0.029051196711882377,0.011500136410329289,0.015492039221844132,0.010586932855414701,0.011215619260495188,0.007583712518959281,0.01626707797378173,0.004803675856307435
parahippocampal-rh,0.016143733972268412,0.010026720010451712,0.009359869430311949,0.007508034939582613,0.012777742769468794,0.0,0.027391832626026402,0.02215309960342126,0.014087433793235979,0.014753503122862492,0.00528598536188669,0.006060488711613678,0.020552978701353197,0.031820435499930994,0.002197262629593702,0.013919367276572961,0.002865657955066483,0.016276937184777625,0.041376243446750845,0.010903456204330248,0.02991206244222852,0.03302478643318711,0.013158806585153473,0.009468303450412423,0.009390853115439725,0.009197227278007977,0.02404830681440611,0.03835413563748258,0.005905588041668281,0.006099213879100027,0.011641555943493783,0.009468303450412423,0.010867052593766796,0.009468303450412423,0.017782584480746197,0.052780787515787256,0.014106796376979154,0.004473524778416491,0.011883974426616721,0.011467292689805212,0.019110080026153428,0.021201230192569552,0.02804086536775601,0.033310577636565565,0.0031413816802400955,0.016100365690936265,0.00875188785191496,0.018656222306111955,0.005212401329169907,0.010176973127627942,0.03208531493530988,0.021236089057799987,0.007938659334701623,0.008267823258335593,0.008339849228949245,0.009779649535636236,0.008035472253417495,0.0027703942206069986,0.01577197413996881,0.016326519958828806,0.019742848552652636,0.012926455580235377,0.0072648307670230535,0.020528968564840856,0.006350927467761298,0.007667583162297177,0.013075159513155219,0.00022925263640531865
parsopercularis-lh,0.01669354966813459,0.011352112902777208,0.007758996080915245,0.007877756225010886,0.016114523998900527,0.0,0.026183320922354626,0.02131391374971673,0.009822764816061421,0.018596964222044526,0.006036973991528443,0.008957116663515105,0.009342464668857131,0.02135350046441528,3.958671469854717e-05,0.013045067419108911,0.0,0.014139444173573866,0.021083660354789223,0.013532634459576975,0.009243497882110764,0.016293426611548423,0.009263291239460037,0.009144531095364396,0.009876885317287518,0.019548049036030683,0.009302877954158585,0.021109716944181248,0.00657139463995883,0.010380231070220751,0.00928308459680931,0.025965593991512617,0.00789754958236016,0.00922370452476149,0.00938205138355568,0.019298002283753904,0.1255823575349702,0.00029690036023910374,0.012933574168277045,0.008827837377776019,0.019640752590734303,0.02604075277602561,0.020516919884924066,0.02135350046441528,0.0008177908833629661,0.01100936259579681,0.00823403665729781,0.012827340488266902,0.0011480147262578678,0.010014435157511407,0.02084614006659794,0.012293923501057541,0.008808044020426745,0.009045564308618028,0.007006848501642848,0.014189067500482674,0.009361254364985378,0.008532423208191127,0.033936536300660305,0.028890996234321002,0.012623143682731416,0.02501025326792576,0.011405712272215466,0.03321971952648576,0.007150661573909487,0.01611954230500566,0.017288354049833827,0.0
parsopercularis-rh,0.008674543468357901,0.0042551756469282245,0.0030953265489347963,0.00048262548262548264,0.013417320118351048,0.01909107192612347,0.011932403684981004,0.014276426647560667,0.015688921616756668,0.02320969717876934,0.003293241695303551,0.007016036655211913,0.01857195929360878,0.012558213589141425,0.0151659391350113,0.006687652306209007,0.028718151140831552,0.025992671611228313,0.012575904328481647,0.013240412724948808,0.014545104751290318,0.01869745297580349,0.005667670616124224,0.009694525158442685,0.009318044111858544,0.005564843193709173,0.016388811491904274,0.008549049786163188,0.007875143184421535,0.011741122565864834,0.005863927255679833,0.01343501085769127,0.006650612320715413,0.010535940948312082,0.016657489595633925,0.009480577779546851,0.004182754182754183,0.1673809302675282,0.011876014453334041,0.0018243574944605873,0.015651881631263076,0.002147766323024055,0.012128660324536612,0.015851455284444975,0.015857536476093177,0.009623762201081788,0.008994635283295076,0.008906181586593957,0.017215300720455358,0.011950094424321229,0.00913947821164316,0.012271844746071549,0.005870561282932417,0.008322387188366571,0.015034364261168385,0.0018790882192944048,0.010307619843702317,0.04622203204677432,0.004826254826254826,0.01570827086291004,0.018892051108545953,0.01110867863445183,0.021969134082536146,0.007760706214314461,0.013835263835263836,0.027527896084597117,0.009641452940422013,0.027482563565037792
parsorbitalis-lh,0.00822481151473612,0.01844180576792719,0.01879221542991122,0.01588207454356976,0.012628347281204221,0.004441327723235157,0.0185022823231826,0.016817533854477817,0.013129792828262776,0.0159785712631054,0.007567278589129937,0.013963571984168394,0.015737550938327165,0.011949015653353098,0.0023375409069658717,0.00889005362254566,0.007246376811594203,0.006077606358111267,0.014883169982548032,0.011106641419000706,0.018127416270223386,0.014113279024877794,0.015656915531319947,0.012630119073691055,0.012856163982184289,0.025264846692733503,0.015362684885367947,0.014987818832408732,0.007257186630649518,0.007559569406926581,0.014866865721897906,0.01097368158706314,0.012105988928144146,0.00917227754707092,0.016692726152865316,0.014641263761526382,0.012279709411707028,0.008979595114127657,0.13147072517223474,0.011110496010102383,0.022270658756404868,0.013668898390094684,0.01468158146502999,0.0173253597393746,0.0012820143817904065,0.016511296487099078,0.01059066340377886,0.0094905216358764,0.0009071483288311898,0.00928507852725668,0.01740214055528014,0.01518125521960171,0.017579272681822994,0.020775492083791383,0.026743709104696856,0.014342292628229288,0.011417176325602832,0.004908835904628331,0.016503144356774017,0.014266397708567165,0.0118443668034924,0.01126791223301514,0.0009714794751882798,0.011695102710904706,0.005765431601016006,0.027734904483515233,0.018232065120084084,0.008648901355773725
parsorbitalis-rh,0.016680250763297193,0.015415473884936968,0.029973736051437393,0.03300561471298394,0.015037100516201307,0.0,0.009282683205483923,0.01380067020887165,0.016546927848711,0.007405745062836625,0.01161925206975399,0.012278386444291498,0.009241880202382896,0.0169078685516992,0.0001020075077525706,0.038678658453042566,0.0007767995857068876,0.0054375970999482135,0.009241880202382896,0.017970289159113285,0.022706406354635614,0.009180675697731353,0.014161610911859851,0.020035468396077265,0.012028940845323275,0.034860608827293374,0.012805740431030162,0.017684668137406087,0.012245412292898874,0.03250969235085055,0.011653884965705616,0.01380067020887165,0.008140199118655133,0.0109116020581787,0.011252141259616386,0.015994544780059766,0.00901746368532724,0.0013354689792791743,0.010974349089617596,0.13035832601443112,0.008487024645013873,0.007366484586522948,0.012090145349974817,0.009139872694630324,0.0030711391378602255,0.01021640847867387,0.009011177360406186,0.012171751356176874,0.003322243481387449,0.011926933337570705,0.015388786058465399,0.009916672280337211,0.008976660682226212,0.0148097151633426,0.007038518034927371,0.029352319626426215,0.008405418638811817,0.0008992085950099724,0.02486884930121846,0.014597871296129052,0.015347983055364372,0.023401599934140444,0.006622426716665383,0.009896270778786699,0.006222457972906806,0.007426146564387139,0.01404548822747782,0.004919730709476955
parstriangularis-lh,0.01250780734367228,0.01597423325856919,0.01128622612798645,0.016442553847998836,0.009904610371139832,0.00016761649346295676,0.011863388076673824,0.014002618914352987,0.0091502227880331,0.014826064279378178,0.014711968233740401,0.016385505825179947,0.011212813891491633,0.019573746775969833,0.0031847133757961785,0.01620152511804106,0.0026818638954073082,0.0053637277908146165,0.020491396397963164,0.02241181756027632,0.018903280802118005,0.014042402491692262,0.011005413820689402,0.009349140674729473,0.013414647515637626,0.013721206452520146,0.011508263301078273,0.028792653916432456,0.015612653487522013,0.017172395110591678,0.009849062734660425,0.018735664308655052,0.010019306571313403,0.01065877122919971,0.009369032463399108,0.024099392099469666,0.01686350890778703,0.011432150369172394,0.02087782256679213,0.008434118395926163,0.09873437010874053,0.012828403228308602,0.012238404640939012,0.018400431321729138,0.009312811320162867,0.012158837486260461,0.008672819859961808,0.017403214545057256,0.0078981670586965,0.014653193099535177,0.019710061876199378,0.02405960852213039,0.017366058310908004,0.016028053783662267,0.01511565884804898,0.007061584977721197,0.015533686487379256,0.008045591686221924,0.014081885991763639,0.02240333537617046,0.012709952728094465,0.013352044729170797,0.00409680823414157,0.015215717945932959,0.00640515595162317,0.018968210854506964,0.012155910065802543,0.0031847133757961785
parstriangularis-rh,0.014716044564203026,0.008815590966066456,0.013484724526073763,0.011495472775355085,0.011533151693925088,0.007354394497777044,0.018778212277923305,0.01662826219123177,0.01698858874185938,0.0176023848303573,0.013997468056733542,0.017155091532751385,0.018611509333413396,0.01693101955751039,0.003949306092425936,0.010808570577918553,0.0065859046818433145,0.012810031699329236,0.022118275776658584,0.00969321454216111,0.021784869887638763,0.02216238463020368,0.012638575106394158,0.007846021821748192,0.020360751877065646,0.014908842536646875,0.017900588701828653,0.02060448894526549,0.01543131853697713,0.015272071314734058,0.013108035417182688,0.011897005952068213,0.005976461934534756,0.007876670344489396,0.01809794016907977,0.025927799586182396,0.019732044344034045,0.0014965986394557824,0.013759110117014809,0.009299962721388666,0.013839872101838159,0.08609347674340057,0.019397187341284435,0.01856367261873488,0.003340688978791222,0.013805495717963537,0.006940026470315968,0.014192742930198928,0.005460816176415399,0.00939045717588249,0.023958012774804666,0.0171724798783066,0.021346683579647377,0.0204787924732232,0.012896397985453835,0.013139309419979834,0.012018774409359185,0.007760281015679534,0.01155241647964813,0.01934935062660592,0.016247019587533433,0.008798402774129145,0.007279637121490745,0.01754999462087152,0.009380099226156076,0.013392153477794207,0.008029912958195416,0.0024870838368447785
pericalcarine-lh,0.017699428392558135,0.015396279544766772,0.010811500018975509,0.009271105634075807,0.0073472708306199525,0.0,0.045485342682883664,0.02935897822605312,0.013857250931616157,0.008473814581316278,0.006645198768899158,0.0060075722454025655,0.02158486740012678,0.022440109310559002,0.00283992620415591,0.015369269229005573,0.0077096652877021435,0.007239563745769086,0.02857843967144995,0.009655911824381047,0.02381690894004547,0.03575492365074392,0.014174015535740821,0.012379936313191571,0.00940735589553392,0.010057804691036567,0.024516249458268087,0.02657700287956991,0.005833719672384484,0.006986409234383809,0.009117601607170452,0.009465306753206615,0.011823674915172498,0.013737418990120473,0.022710546646364904,0.02359279887255833,0.013727161172515628,0.0044459648099319385,0.010968433004740274,0.010088745232948063,0.010431321470181802,0.012496339295827847,0.05821158931138892,0.039363764820149076,0.002611885910518471,0.01402460882408273,0.012342668179825529,0.01359963586781631,0.0039603094524946515,0.011898211181904582,0.0271192433229308,0.01779448029449991,0.007861999690928758,0.008190387884407357,0.007654809210694934,0.010358150975198805,0.008055169216504404,0.0023698246622228525,0.026331178494220956,0.02119852834897549,0.024071959549444105,0.013809557891548307,0.01031385783501698,0.014766513473570777,0.007256846570189713,0.007668830165353114,0.021284855294158467,0.0
pericalcarine-rh,0.01883570270221315,0.012559447588180781,0.008907633931624078,0.008307309324470597,0.006513803630979897,0.0,0.038125701571378595,0.03317142471764813,0.011418554611037132,0.009602708076267572,0.005156630229054811,0.005929159102321449,0.01981704387229148,0.02701690233220367,0.0011998418491210444,0.016353114560342972,0.006773756531836656,0.007451132185020321,0.03098418645955437,0.009714550581327978,0.022526546485026146,0.040912658912736405,0.012269143736816352,0.009888975101702408,0.00936691258835799,0.009135153926377999,0.026784336305037758,0.0314682280531249,0.0057360268840047895,0.005929159102321449,0.009251033257367994,0.00959867125033798,0.010414267075790502,0.010315278871074418,0.019023587046821343,0.028584099078719324,0.013992864670950133,0.007740830512495311,0.012271565832374107,0.00888408204256634,0.01395444006858328,0.012162347264167938,0.03978986810964555,0.055369911815462816,0.003443808724930928,0.012269345578112831,0.011535644989806006,0.012947124913889458,0.0025326559968024747,0.010818028162587172,0.02585669613322835,0.022430182217164293,0.0077446019544980494,0.00807292672563637,0.0070121124139701,0.00993325310166717,0.007879794507319711,0.004161021869556802,0.023846708173659737,0.023707478794908483,0.023688972938262734,0.015714365350822636,0.007527577707161067,0.01737893557168254,0.008114984471339855,0.007802541619993047,0.02237264623426226,0.0
postcentral-lh,0.015892121568772708,0.017211463984815278,0.005807700580770058,0.016377827749177766,0.004665043542641299,0.028447719758415306,0.008591855458061376,0.008860977789521387,0.004114158868237553,0.012451510442902705,0.04613175530300691,0.019292834223611475,0.009506277854051393,0.01013844329795266,0.012275319674133908,0.013715346721560221,0.046209079199344305,0.031593928529857845,0.006184867532130085,0.01199405194033519,0.01086452952283517,0.011012472613766424,0.011442672656786428,0.002581200258120026,0.002903850290385029,0.005189658975787563,0.012209151961845192,0.005539567467600079,0.020219896631085216,0.01567553771982766,0.0124782742933052,0.008349991586148877,0.012195522732071435,0.0037642503764250376,0.005203288205561319,0.008820584709345134,0.0022585502258550224,0.015179169964518938,0.005068479735258807,0.006238395232935078,0.015544191513540254,0.010432351043235104,0.007650669211668863,0.01013844329795266,0.18394019493975278,0.003118950311895031,0.019941101943011574,0.002903850290385029,0.006898313745528871,0.0034416003441600346,0.006749381436307586,0.008094498484462623,0.009585580186968852,0.008469686999242589,0.025034367092092814,0.007206345329730088,0.009115976282062625,0.03172725317272532,0.010675204133437633,0.009371963992893896,0.013150338208237704,0.004114158868237553,0.008202048495217624,0.01024599330870766,0.015585079202861523,0.006064182900746343,0.014266726005108981,0.03167422008106534
postcentral-rh,0.01317346507078714,0.01211050937916961,0.02262721762741863,0.016524823015057154,0.01957843713961375,0.0,0.017153715391639436,0.01262541817452888,0.02032481355288846,0.011219178557960022,0.007107709014794074,0.008589659654543332,0.01686190593783902,0.013707510145167717,0.011470281543274244,0.02376778498014722,0.002954466458116093,0.012339242266249566,0.018212903991531085,0.01434690388815826,0.02603031667909602,0.02228233388492854,0.009657749803304484,0.016835768747878874,0.00944138473642801,0.009107002360346185,0.023908705660099755,0.01822610590463939,0.005979543666404406,0.006215578284815107,0.015438963952692439,0.012317172988407203,0.015216131247390042,0.013156496065952957,0.028292848378044817,0.020354184562061572,0.011156402811631466,0.005836722348521208,0.01474056155509922,0.009546466768781518,0.011615536771601024,0.012728066296438807,0.01880972481224022,0.014750263012738104,0.0007277734067663257,0.08732640270497696,0.022289068159610924,0.030273538717088537,0.000983477576711251,0.015396124394154567,0.0182686788269208,0.009670951716412787,0.012871687523091382,0.011507487556291015,0.012672024824792632,0.00893374348826404,0.01695081887412772,0.007492731769121991,0.01870840987161259,0.009343036978756884,0.021859305208814475,0.010251336804800656,0.008538718455905337,0.0167767600932762,0.0061565696302124315,0.00944515182815389,0.009395577994933638,0.007820646506777894
posteriorcingulate-lh,0.009812259824778898,0.009318661685885984,0.01612656469649571,0.015623395096744836,0.008419374915380338,0.0,0.014123457758350177,0.011948362597936909,0.020165875735015333,0.008400684623301303,0.013593185579122619,0.01100051197931805,0.013620288158599305,0.009501380542471983,0.007905022051674319,0.013035910178143543,0.0038064165307232192,0.0019032082653616096,0.015986061833359343,0.011404588807833592,0.01309681646367221,0.019269006669155465,0.015835987509365018,0.011424890903009815,0.01292205726484698,0.011623529075117354,0.01052802183714995,0.009501380542471983,0.013203868892668308,0.01110998211295993,0.025952326132150365,0.009521682637648205,0.023631539427397458,0.016298552918763445,0.02081911965876053,0.009521682637648205,0.008709598830599317,0.006720346775241256,0.01045039033455115,0.009095338638947539,0.00891261978236154,0.0056881635274483,0.018745534974228373,0.016026666023711788,0.020558316669938848,0.030022669900164476,0.1332672471983992,0.017037388002868217,0.012174809893344561,0.015007984386794591,0.00984651616046776,0.013035910178143543,0.016966910256481588,0.01620419619909451,0.018447351401248622,0.012510826680119262,0.0191057840061971,0.012547401362728736,0.020814736879105847,0.009501380542471983,0.016189082785121565,0.01224055158816479,0.018663068062338008,0.01071074069373595,0.011824938223782389,0.007917817118726652,0.010828170485138601,0.0002718868950516585
posteriorcingulate-rh,0.013802944293672889,0.009494280321996687,0.017751597238420968,0.011221864130761712,0.013623605242897522,0.0,0.021089761704967354,0.01590196420402933,0.023202145490536015,0.007966505489445438,0.005739057353442042,0.005815968878789046,0.016839356958714368,0.014348188671259489,0.0031845837659209932,0.009609829372568655,0.0020224719101123597,0.012134831460674157,0.023953335494288113,0.009648345722759312,0.020043198899730687,0.028486233866950678,0.013076906764899227,0.009648345722759312,0.01149111505699338,0.00918614952047144,0.019458953471816202,0.03187627855889994,0.00558487077764511,0.005738936178407734,0.010309745026089417,0.01322459316564151,0.008704695143088241,0.009436505796710704,0.019869875323872736,0.02901270476957918,0.013841097118760621,0.004860287349283142,0.008679057967972572,0.011825004208668603,0.020415725576630878,0.015068089550081425,0.02065958167781549,0.018617851592607804,0.001065699805297686,0.03691001065907534,0.016775203433408045,0.11480400587352702,0.0013480722566729577,0.015035225149705263,0.020332192701194914,0.0123064585860518,0.010059631099918769,0.007915109964179795,0.01369389541815557,0.009629572247801213,0.02171288700817542,0.007659707613297576,0.014772232048459627,0.009609829372568655,0.024190933770486697,0.01077194122837729,0.011473432157344051,0.017327311511152216,0.006528521357316181,0.007876593613989138,0.010836215928717922,0.0008988764044943821
precentral-lh,0.006218112244897959,0.014054495786168719,0.0037774725274725275,0.0095004854168388,0.013895702511773939,0.015093752582004462,0.007449082872015203,0.008618085392051557,0.011624829587705528,0.01980655622572916,0.009244866975130134,0.007891251136081964,0.0228300834503842,0.016416384367512186,0.031248708997769145,0.011217518383871767,0.001717032967032967,0.01022021916053871,0.013614264025448235,0.008629058911013798,0.014021575229281998,0.014096453358671403,0.019876270346195157,0.007640796703296703,0.020670882219284474,0.014171331488060813,0.011906268074031232,0.0142681566553747,0.0027472527472527475,0.00370259439808312,0.029090153267784843,0.009434644303065357,0.008749767619598448,0.011886257539453028,0.006986904073370238,0.016438331405436667,0.006181318681318681,0.009949754193175247,0.005065247252747253,0.009240993968437578,0.01636345327604726,0.01303524952491118,0.015998099644716185,0.012119928943237214,0.006176154672395274,0.005923763736263736,0.017866825373874247,0.007898351648351648,0.17522450528794514,0.010768249607535321,0.015936131537635297,0.01855363856068743,0.0077724789308435925,0.01493689581095596,0.0025755494505494505,0.009478538378914318,0.014056432289514996,0.004635989010989011,0.0029409030818805257,0.010863138271502933,0.011606755556473601,0.011228491902834009,0.02489697802197802,0.021701101999504254,0.022774570354457575,0.022458920309014294,0.008756868131868132,0.014259119639758736
precentral-rh,0.01903515427670642,0.02142223649688446,0.02298966839747939,0.025193920049472997,0.009085270100376224,0.0,0.012132797702287713,0.01065498950526983,0.009020567683865619,0.011023545764266713,0.012405403878631528,0.010931482651808658,0.009750898109036359,0.013863321510927328,0.002037120869171571,0.013390889324305006,0.0047532820280669985,0.0047532820280669985,0.009711420788756859,0.026863780316379357,0.013115843739080181,0.010753682805968577,0.018046773708404927,0.018616603538994327,0.015379311371493037,0.01583070924124394,0.014877919023026931,0.009336386246101615,0.010734096050411162,0.008500884236573766,0.04138815482736947,0.0174848697227879,0.01704932354298173,0.02484769376407921,0.00969168212861711,0.011118200190188112,0.010428642742028543,0.011633156724300278,0.009581176012750978,0.011726211684325336,0.015358277054621616,0.008557508903529671,0.01481870304260768,0.012278894168238328,0.0007895464055899886,0.01752564269979907,0.012592121417010979,0.015575402316158865,0.005680999054635235,0.12075950539796508,0.009878551571578895,0.01359749742740654,0.02293304373052349,0.015179333456632197,0.010214260698536974,0.009231214661744504,0.016418982075241416,0.006357448030895748,0.009933880581803129,0.02018129222154358,0.018873206120811073,0.016599221329962506,0.0026674623369118897,0.015201663430235293,0.007477065222770125,0.01591499841331196,0.014433151341516726,0.0018107741059302852
precuneus-lh,0.014774973190503096,0.010722184426276767,0.010724836548551133,0.00788349111539038,0.01234689759348731,0.0005494505494505495,0.030955340567092926,0.023765552390945886,0.01571221014033186,0.011388789594455911,0.0059081212596427705,0.006235370086366938,0.022112588356030118,0.026772943740414883,0.000989010989010989,0.018730786527218844,0.006153846153846154,0.01021978021978022,0.03218212008348419,0.010260253911880355,0.036624886131706696,0.03056974505033267,0.015348754079079367,0.016772943740414884,0.009504399063685528,0.009118803546925267,0.02522767893177127,0.02963008659755774,0.00617483251271289,0.006356445233675035,0.009197329428179375,0.00984986681733796,0.011780727142741833,0.01343565144194735,0.01957393079113961,0.030271438949298343,0.015295019775607394,0.0033302584089572548,0.013157755151459245,0.012025298940304187,0.015344372311843456,0.01761481959803051,0.032309998500974366,0.0291905261579973,0.0018275428663676301,0.014799303529628818,0.009282427960287352,0.014557153235012627,0.004902275059672751,0.009564936637339575,0.0624913806026083,0.01893038755578105,0.008212930825732505,0.00863669384131084,0.007890294385572455,0.010767616433933327,0.00863669384131084,0.0016887100307876803,0.02103386644834704,0.020708808505240824,0.02184564648363179,0.010309606448116416,0.005745649942921717,0.014456257278922547,0.005751069497134555,0.0073250464121398014,0.010695432584204882,0.0038461538461538464
precuneus-rh,0.012231208432654555,0.01566046497396302,0.006826860030084468,0.007296028608732279,0.009518365980330793,0.001519756838905775,0.0224720260286568,0.04207142030646485,0.010439176725205666,0.013102194928172776,0.005149072395572184,0.00592046900914105,0.015226700920740405,0.032438810253197455,3.8569830678443324e-05,0.030899768498952457,0.005802707930367505,0.00911854103343465,0.02249131094399602,0.013607354199885275,0.02041574994932581,0.029318991608775775,0.013845103794462427,0.02484002605866858,0.009353183939522506,0.009298494498758086,0.016331978621762788,0.026221623184946558,0.0057276198557488335,0.00592046900914105,0.010124287469271628,0.011991172784283391,0.008273228680526093,0.013301960859710974,0.01603637428116797,0.022841604725355256,0.010365202369102025,0.006920939936222616,0.012312099566904178,0.009600429449859395,0.020611471324151524,0.01521228119680895,0.02152102765034819,0.027603220311224537,0.004132130157820948,0.009603887838932387,0.010371532979608517,0.010869775473175036,0.006028089387751417,0.01185617837690884,0.022050923196447168,0.07343367507297494,0.007713966135688664,0.008041809696455432,0.006325452231264705,0.013831270238170462,0.007829675627723994,0.005111909367228516,0.013555243896734612,0.03532087930304199,0.01741134771311971,0.020438200169918277,0.006442275441815066,0.019946581370677993,0.008590697074073887,0.007829675627723994,0.016675648708795787,0.006769825918762089
rostralanteriorcingulate-lh,0.010521755512416974,0.010173603368697808,0.009900990099009901,0.008942110427258941,0.003367228614753367,0.01018832973139858,0.00862991704575863,0.00825082508250825,0.019075472753420048,0.007897323530739296,0.023145752656755624,0.04095656889270613,0.019699859516420674,0.008273124609758273,0.00449898986377364,0.008273124609758273,0.014510651435628281,0.0030873726458783574,0.008674516100258675,0.0111203866312551,0.008406921773258406,0.00834002319150834,0.008496119882258495,0.010897391358754878,0.041627117535981965,0.01986286844099578,0.011914529319974712,0.008273124609758273,0.038522629538222296,0.02825201393164858,0.014250630273177264,0.014425570374264965,0.007291945410757292,0.012598902430900451,0.017252260926968008,0.008496119882258495,0.009343501917759343,0.006020376659462797,0.015058597429546782,0.009388100972259387,0.01639294771495457,0.01994169819925844,0.008473820355008474,0.008273124609758273,0.0032453626277658266,0.01286304064098824,0.012609105548956806,0.010432557403416885,0.0027444046775279064,0.01916985503778885,0.008607617518508607,0.00825082508250825,0.09044043845152853,0.05243827120460601,0.015218150237209413,0.009120506645259121,0.023816466532712532,0.010697762741236617,0.013566257162251526,0.009948880037741347,0.024238264259325647,0.015705118487116355,0.007699588204358347,0.008183926500758184,0.021514265817910445,0.017161169526830607,0.008406921773258406,0.0029330040135844395
rostralanteriorcingulate-rh,0.009958306161135603,0.01009052300529139,0.009569999566968345,0.008660633092279046,0.004041923927325655,0.01,0.008747239423201837,0.008379162516779977,0.013918587463668967,0.011353585857573949,0.029917310343445806,0.04741779992774188,0.018256175063710592,0.008400814099510674,2.1651582730697616e-05,0.008400814099510674,0.007782845612581444,0.0023880597014925373,0.008768891005932533,0.01443822544920571,0.00853072359589486,0.008465768847702768,0.012647180673086306,0.009893351412943509,0.038520608752022165,0.02538628039381321,0.009683757628951333,0.008400814099510674,0.03717732516993261,0.04065807885183272,0.013752296845138186,0.01882692371080983,0.01034892010307446,0.00934425434857497,0.018128572915098007,0.00861732992681765,0.009310180574199974,0.009104477611940298,0.01644028590430259,0.011929485642415387,0.01580546796179756,0.01877669850203363,0.008595678344086952,0.008400814099510674,0.002868123764324784,0.011347200256458152,0.01199301849562218,0.00824925302039579,0.007539178054214271,0.013415100912533423,0.008790542588663231,0.008379162516779977,0.049299180277540974,0.08457097873556049,0.016209040537579718,0.00925534066988058,0.013286613311134537,0.01428736239126543,0.011814305685447099,0.01017020729289938,0.016737371472003857,0.015288137324032416,0.007402346514515286,0.008314207768587883,0.014941175558142256,0.02289173368423978,0.008379162516779977,0.007313432835820896
rostralmiddlefrontal-lh,0.010096160376048218,0.015247749921975487,0.01688047768966237,0.010816737028689216,0.01839892528442619,0.00010486027368531432,0.012061615049756783,0.00814347550760478,0.020695098746101877,0.013298424087368761,0.0360295537289876,0.02654038354616707,0.024570218922839632,0.007969380800083888,0.013257412840009072,0.007969380800083888,0.01646438650094849,0.0025515969504062022,0.01012035819860565,0.01638776766935774,0.018546138593444013,0.013270867230974617,0.010242022769283885,0.007969380800083888,0.010740109069289128,0.020002754407746105,0.016657311879135536,0.009188043752730128,0.032246524020670034,0.0195577737024746,0.00775966025271326,0.015925307209202235,0.00840159170009027,0.008205316415875845,0.023403986107036052,0.011660995497872344,0.00869399194445268,0.01688718662952646,0.022007869413032205,0.008598542442195774,0.015848679249802145,0.012428626007655383,0.010711876755003902,0.008839854337688345,0.010759596942227685,0.015290769287389734,0.015522670411453896,0.014358454841514212,0.0005243013684265716,0.011408255585087467,0.010199003403869637,0.007969380800083888,0.01722732531673133,0.01784505894155091,0.09911435421771242,0.009025377062501543,0.03276813268534163,0.012634302935488879,0.01110510278132383,0.011250965174559495,0.015176498242276012,0.007995595868505217,0.0011326242218177426,0.007838305457977245,0.010048431061015098,0.015632906964839825,0.010301846431691053,0.00947236588582761
rostralmiddlefrontal-rh,0.018430035450348783,0.013097944786344346,0.023733381094289747,0.025042993152604547,0.006877937036244706,2.4709661477637757e-05,0.013097944786344346,0.0246699435989539,0.009308715434804361,0.009119882764541249,0.010649670620765292,0.011871693286213611,0.008648381517173214,0.022643944833884187,0.003950947728839381,0.027677501880864052,2.4709661477637757e-05,0.012117822520507084,0.015993204013910377,0.02044276728308151,0.02085379343054678,0.01169410986899457,0.02197236166320897,0.023600794689246987,0.009266123054114159,0.021628831034008124,0.008971818271772002,0.01854252798078948,0.010229606375645451,0.015296911181757526,0.008500123548307387,0.01553496969887933,0.008333789384132418,0.012763258778701488,0.009232375294981948,0.012700379047312645,0.014921843948813964,0.0014914243102162564,0.014800506796815271,0.02562015998814821,0.009045947256204915,0.011934573017602456,0.014937515512637028,0.014254683088917744,0.003483868792250343,0.010326233866166502,0.011325676102219503,0.010290274951644796,0.0035827074381608935,0.010438532920510621,0.014852137275160047,0.01665353793154152,0.010303928836174944,0.010492568030341475,0.009270545364893154,0.10077335159747686,0.012121001056379487,0.008014194512022881,0.028901542225605287,0.017772106164203716,0.018481859404790135,0.021947652001731335,0.008845284904607993,0.01492626625959296,0.005806770447244872,0.009079501539240547,0.016031374083821583,0.012726525959793455
superiorfrontal-lh,0.013137099553367088,0.01137635588021712,0.02422597362631914,0.02080735480642033,0.012877666599658546,0.0,0.008983103740359323,0.008470420400338817,0.022693469732892782,0.016705994159716506,0.01968999970632805,0.021032980633016708,0.01758380507989438,0.008854906386989138,0.01733514615907546,0.010192235113582401,0.01478585995921142,0.004758667573079538,0.008983103740359323,0.02122522362634187,0.014811613080021425,0.009771540193613159,0.01101416047356769,0.0085150015603406,0.022788284252991748,0.010203433440312965,0.01596507103997239,0.0085150015603406,0.024317749899449938,0.015725420786597746,0.017514107239844003,0.014145721780042376,0.020676331353002446,0.013638690640117267,0.019068795639811016,0.008715616780348625,0.00924221847368716,0.011091488026079281,0.011448879820315195,0.008871650840354866,0.015906571526652577,0.009492854906871897,0.008760197940350408,0.0085150015603406,0.0042628347598849935,0.019135667379813693,0.015806210879918448,0.019709570259741477,0.0060264045330826604,0.01607652393997685,0.009161428380366456,0.008470420400338817,0.02698142117282637,0.01414865395355031,0.03197126069913745,0.011005788246884828,0.0969434220225657,0.009687287559483344,0.009403798660328566,0.009172520633636785,0.018388985986513944,0.010259106853585075,0.00402035840646265,0.01276381189344733,0.01636043713297257,0.009105542820173874,0.012245582426791659,0.00645819170632223
superiorfrontal-rh,0.0026006191454289508,0.00013709898546750753,0.004112969564025226,0.0006854949273375377,0.014614190925125305,0.06624252184040745,0.0028790786948176585,0.0047984644913627635,0.013024403619413216,0.0041044464071178415,0.01736542226633219,0.018153195076558347,0.014121195503153277,0.0,0.03575810348248907,0.0,0.07577978872478129,0.0728026937255287,0.0034274746366876885,0.014806690430490814,0.007677543186180422,0.011379215793803125,0.004935563476830271,0.004661365505895256,0.015492185357828352,0.0024549970030540583,0.0072662462297778995,0.002056484782012613,0.015073093719467794,0.023225857538856125,0.0,0.005072662462297779,0.00027419797093501506,0.005346860433232794,0.013298601590348232,0.003838771593090211,0.0047984644913627635,0.04433775362219599,0.002330682752947628,0.0006684486135227678,0.0069920482588428845,0.012566957774969426,0.0037016726076227035,0.005621058404167809,0.03546758767268863,0.0064436523169728544,0.007129147244310392,0.005209761447765287,0.009962805526036131,0.003838771593090211,0.0026048807238826435,0.005621058404167809,0.009845557482938387,0.013697113811389678,0.012232369230733368,0.007767764808657313,0.0072662462297778995,0.15673149462370917,0.0030033929449240888,0.008637236084452975,0.011379215793803125,0.006032355360570332,0.027436224203609333,0.005758157389635317,0.007896340637217435,0.004785679756001686,0.0,0.07276860109789916
superiorparietal-lh,0.02163619731757695,0.015178420324949891,0.012136084724977776,0.009909070272450861,0.008017586562551103,0.0,0.03308516295149803,0.02326189104212574,0.010212435307857504,0.006864260387307937,0.006068733521229203,0.008717247502164936,0.014065143484933207,0.01925796111984026,0.004165509580672035,0.017291327309829158,0.008747570119411274,0.007497917245209664,0.023229264562411686,0.011388951594625035,0.01763474168046228,0.0208535026498458,0.013348162549123712,0.010788091639140455,0.009319029002636604,0.015370152177879695,0.016776436140126243,0.023006919742445092,0.007927129978921362,0.013016658831851088,0.012272460759162702,0.00882145782912935,0.011222884138390404,0.011371631598429374,0.01700620381560526,0.017240920061425895,0.023951194068562796,0.0005000454586780616,0.014469323017146367,0.01705661106400852,0.013560149455913526,0.00901969099258449,0.03478151897831009,0.031476789223144896,0.0043176528708688995,0.01730663379334755,0.015451172393319744,0.012610926559454207,0.0009645293799777157,0.010432305842653289,0.023439237956524233,0.014514320922714465,0.014047362716244002,0.012674166006205053,0.010338453428865652,0.022440699779351835,0.009366961965869053,0.002751802762913061,0.08420325707325543,0.014375470603358732,0.01313122707199228,0.022474247804052973,0.012958538378144951,0.015622649192389534,0.005295935994181289,0.00845980191731348,0.021022505163744785,0.00027770063871146905
superiorparietal-rh,0.017669167330046694,0.011164677356703538,0.00893653083411196,0.009110369974960295,0.008027413834520804,0.0,0.025384270208294264,0.037654291965525756,0.009310051765433052,0.011196781087361893,0.007217454885722869,0.008769901727236944,0.014283991107678324,0.022226325537130963,3.863092018851889e-05,0.021427181639293004,0.0063685989082401875,0.010527683909539901,0.018385129728695257,0.013504162669934627,0.022250877811594422,0.03060244192001317,0.013634134076225242,0.01728741209808755,0.009348682685621572,0.015394155586628547,0.018183133296396807,0.018717097567284326,0.007147061657097573,0.0073402162580401675,0.009531363657825765,0.02027675444277172,0.009196132224471614,0.010239167069561624,0.013614818616130982,0.017109967940252557,0.020183782159287084,0.00990761596691948,0.012085292251697827,0.012153712260719006,0.018099002844268026,0.016060747327853963,0.02655924967927901,0.02885486725795238,0.003790118039904666,0.009638414587035463,0.008846480723170826,0.009483890906281387,0.002463878482930927,0.01604040760109497,0.0228745507712015,0.03141566446357618,0.008895926694319323,0.009354260922212348,0.008525669357763312,0.013952706113532408,0.008121335070944827,0.0070184559396932675,0.01361352824097002,0.07666502931280483,0.0190333549627658,0.01704678474560058,0.006052341512758718,0.02294820759459188,0.00791968006086795,0.014711245871577728,0.016607765977801812,0.0
superiortemporal-lh,0.024101492473468156,0.00943133984592169,0.01049007741911311,0.00702883011675006,0.0091409970241733,0.0024428376001563415,0.025384751481367297,0.021955396295969834,0.021425554113794397,0.0076793687702984845,0.011962651975696275,0.01179802672269932,0.027161886248257303,0.016816291488252796,0.0027359781121751026,0.015330733475851788,0.011627906976744186,0.007328512800469025,0.019969234098879175,0.012730616014767583,0.01943782815917397,0.028699191829931102,0.00970931617822254,0.017011718496265302,0.014396436855463188,0.009402101848435901,0.02561519812140492,0.019454556096421646,0.01089718597680607,0.011799590480229084,0.012081641118748921,0.013103178336015157,0.011420629558071878,0.010146136128981019,0.02768703715784345,0.018420982214497027,0.010990064637432457,0.0078050436558419105,0.009777791684743005,0.011705951282441819,0.011046503479294539,0.011141233039031837,0.025282346704771752,0.0235585232646843,0.00499589876455705,0.01606069393862903,0.011813047331626657,0.015900286562641634,0.0028859125810338764,0.013950707755105856,0.02079847182319243,0.014529169991494556,0.018061546919857868,0.013201982201971446,0.009950852691759084,0.012888512842065752,0.012969971804404061,0.007328512800469025,0.011844939448592244,0.016112441507901816,0.06228700012123583,0.010484769180153513,0.011417315789013767,0.019866829322283626,0.012973716285833891,0.007604638233658962,0.02015215104665357,0.0047879616963064295
superiortemporal-rh,0.012975417646390038,0.014009837327290433,0.006898817345597897,0.008206060786281806,0.007547143328572144,0.001856665428889714,0.014675205825506287,0.030155248918169834,0.009275720800803897,0.0122941332328875,0.007406942628449832,0.0059519208471825,0.00973950684084409,0.023695568753725853,0.0018953142655597304,0.0220052454493901,0.0,0.0181953212031192,0.017293861844286895,0.010795532843172894,0.011410505726844834,0.01484154795006025,0.00973950684084409,0.024995234553948652,0.012547998539926459,0.016977093510465655,0.02050816632840443,0.018496905552834654,0.013537347046834208,0.016701255916407833,0.009217747545798871,0.021096237153280253,0.00921850818016334,0.019564678333037357,0.01382417078440146,0.014605485792627364,0.01972344281713021,0.009016193790806778,0.011198697759524211,0.018768208043889234,0.01383250905922704,0.006985213928127974,0.017204817393072964,0.020353570981724366,0.0020457404748270066,0.01094255054939185,0.01031659152221048,0.010025964612820891,0.004617409382112021,0.015487592029941093,0.01153479051168046,0.024770919174389665,0.015937744057788004,0.018122924598372857,0.0063577336322176705,0.01997277302116593,0.009408343860465098,0.007055328629780914,0.02488838695312865,0.020148580020500385,0.01140709722379651,0.09853850995631634,0.006033782326709337,0.019181598469385518,0.006454355723892711,0.0257973952492385,0.020601379917031152,0.0011139992573338284
supramarginal-lh,0.014410764796063845,0.004251924117937518,0.011190348568209014,0.009418273600152372,0.007901165147682004,0.027464295248498135,0.01608292281615044,0.01527911229560202,0.017378801581162978,0.011169896708670008,0.007275443127119389,0.009511373261609418,0.019399025778292892,0.010961008057822897,0.0445326480899921,0.007876832678897135,0.024072957411607063,0.029303843872811666,0.017214347654203176,0.00613720100255365,0.007859317496625268,0.01678681638872881,0.003960633701392223,0.00528084493518963,0.011834879307458784,0.004560729716754681,0.014447088697022867,0.015184719097729683,0.008448715616228862,0.008619986829701666,0.009565212344840306,0.008973227152406138,0.011036592537008078,0.004199378571121919,0.024394104047034945,0.013248190202713239,0.012108654541732211,0.01500240038406145,0.004680748919827172,0.00745611869993577,0.009041994345078318,0.009623281641753622,0.019125250544019465,0.01533036430600233,0.005467044258103726,0.009648907646953777,0.013590732629658847,0.012126169724004078,0.037806048967834856,0.004602577367811416,0.008303070407956213,0.011346691672240526,0.009391354058536928,0.009031296449319453,0.0018259140512875303,0.011671718916914268,0.0050301086332857825,0.02169396914167496,0.01596161007666266,0.011834879307458784,0.01897020097640324,0.010524072433004952,0.12315767202041578,0.011303550484768502,0.025440190442122358,0.011641862698031686,0.02026607974141578,0.017762842054728757
supramarginal-rh,0.0252425429003474,0.009687379390196834,0.009895243540720347,0.010068921657277661,0.017425895816555185,0.0010213014298220018,0.018100178875564976,0.026768520513366,0.011567121357999234,0.018895450425070195,0.005113855654187573,0.006323459007223159,0.009949065005495332,0.02272190993109073,0.0003110979770269401,0.019784608277378643,0.0,0.022906332068864898,0.020483994505457993,0.018306308666269415,0.02006559146118351,0.022449407091076526,0.00984175993824778,0.01836420137178852,0.00932072558857584,0.015013170435652042,0.01941328071390755,0.022138309114049588,0.0056348900038595134,0.005847163257429564,0.01908755893022434,0.015737997695103374,0.01322844660936597,0.010788207974969358,0.01087387859278549,0.025045495974539596,0.024116875805308878,0.0021174562527444276,0.010027122459430339,0.009625680102737169,0.014176364347103062,0.01602625618048694,0.017516578058523833,0.021117007684227584,0.004936635614493257,0.014502086130786272,0.009245872195475416,0.013841295039719655,0.009570653595750232,0.012528193201377082,0.017122146344605807,0.021224312751475134,0.007641837128521806,0.007969895793130066,0.006233114627556928,0.012871140331445171,0.01093731224006423,0.004960606944849723,0.015022517959352236,0.024015714200926935,0.024844039945685258,0.017488800146226804,0.006114654473291253,0.0833283874046285,0.01257319646005899,0.0121925213728877,0.016208149982031357,0.0024803034724248615
temporalpole-lh,0.009941925254743314,0.015856021282684544,0.006554415884741398,0.006590213273831145,0.004306989777385709,0.006188118811881188,0.011544317604403272,0.01568425289937016,0.032853230447843704,0.011182605988272533,0.024484142540142653,0.02663194735227765,0.022617026764167776,0.009418296922837424,0.0017643090654351097,0.012440485395641427,0.025495049504950493,0.004207920792079208,0.008977219656478647,0.009314514036635359,0.009262622593534326,0.013574326271815599,0.009003165378029162,0.013652163436467149,0.02677305611314595,0.01414929373690833,0.01741900696218758,0.011398494942639404,0.02251587698337059,0.016315825708459485,0.025689025884582127,0.010655920685213661,0.007939390794457993,0.008380468060816772,0.021874452506742033,0.009236676871983809,0.009316594832126044,0.0021156167041124227,0.008017227959109544,0.008743708162524,0.009055056821130196,0.012968275318528687,0.011190929170235274,0.013131168209966137,0.015202792787192164,0.008821545327175549,0.013444597664063017,0.00952207980903949,0.007506636710061956,0.00921281194592398,0.008095065123761092,0.01271395586966719,0.0346902389112867,0.023954824131678903,0.012051851882297876,0.00677183332468476,0.021531468050027463,0.01225844147903971,0.006616158995381661,0.011919490169140417,0.026878919794838703,0.009392351201286907,0.014888811023181089,0.019293341300296807,0.1054531869823379,0.010923148772767372,0.014236982569099107,0.006188118811881188
temporalpole-rh,0.006449902809683689,0.010928066370905636,0.00797749043917712,0.009527166776922894,0.008846246683235647,0.005088062622309198,0.009233080049478707,0.009542321965011487,0.009829475172291924,0.010271249337338752,0.013577423213425508,0.0214145228372172,0.009409789715497437,0.014803990595311005,0.00015462095776638983,0.009542321965011487,0.0011741682974559687,0.0005870841487279843,0.009387701007245097,0.012932294607865344,0.009476055840254462,0.009476055840254462,0.015018670361777595,0.009542321965011487,0.01838655429637911,0.05160737498309847,0.009343523590740414,0.009520233256759145,0.027108654658478313,0.01358363052948233,0.013191151790836618,0.049681827503009424,0.012913672659694876,0.008923838133945927,0.009321434882488072,0.009387701007245097,0.016227705101653014,0.019092467914746402,0.025965159839252988,0.008702951051422513,0.02090849689928137,0.01547431156715192,0.009498144548506803,0.009520233256759145,0.003288840075677384,0.011341544511643301,0.00927725746598339,0.009674854214525535,0.009894453149287854,0.015602650852477168,0.008769217176179537,0.009542321965011487,0.0207418244114548,0.028487465544208713,0.015139514183284925,0.00965349171038012,0.0095775515094844,0.005110151330561539,0.009397738185437257,0.01991414192587254,0.009558203357207005,0.02691497429410367,0.0015682982859162396,0.01624011973376666,0.00899010425870295,0.11891632019238185,0.023020065019474373,0.016829745596868884
transversetemporal-lh,0.02382497594579857,0.027039170676702813,0.016366293679918358,0.01691666794494558,0.0038365661758977955,0.0,0.026883371035041986,0.025206043522238895,0.009367453454857054,0.007867881903871622,0.005433512502921243,0.00625146062164057,0.013447757342358885,0.021125739634737066,0.007015006693669933,0.017786311166773892,0.006274131274131274,0.0033783783783783786,0.01686508563115247,0.013198831322224637,0.009542728051725482,0.023899567280030003,0.019078387972989518,0.009562203006933084,0.01077130447310396,0.011736555438354924,0.019078387972989518,0.018873487382484812,0.005978811248734128,0.006553735988183289,0.0198091123540995,0.01899541263294477,0.015843064043578183,0.009036379216327802,0.01990223873257292,0.013964257216185237,0.014052308075444322,0.005240304404828826,0.014862586520684206,0.012809332218072577,0.012600183230003281,0.00560878709978967,0.0283261719637041,0.02965212316112059,0.00907168227219641,0.009972004187942491,0.01007020608563025,0.010732354562688753,0.0015774713718158448,0.013092132629407695,0.011074406961296421,0.018127536443731815,0.008023681545532445,0.00823790605281608,0.008318287238595722,0.012977764263111306,0.012172561337085759,0.0,0.02108927108927109,0.01792771137244145,0.02653789736051947,0.018551737060734493,0.015984238670613993,0.01710893613207238,0.010014262584956673,0.018690543112136943,0.09002858231650006,0.006756756756756757
transversetemporal-rh,0.0022249190938511327,0.01516990291262136,0.0048543689320388345,0.0,0.0054191427192049,0.08138087480589686,0.0,0.0050566343042071195,0.010315533980582525,0.010113268608414239,0.005046734306819034,0.0015901080911204185,0.011124595469255663,0.007686084142394822,0.039823108110499134,0.00889967637540453,0.07951230295845624,0.08401648581267182,0.0,0.017597087378640776,0.016585760517799353,0.0016181229773462784,0.0,0.0093042071197411,0.006270226537216829,0.016181229773462782,0.007888349514563107,0.0020226537216828477,0.010577936570927373,0.0015761006480074886,0.012944983818770227,0.008292880258899677,0.0002022653721682848,0.0014158576051779936,0.010720064724919093,0.0008090614886731392,0.0,0.028497932375013586,0.006877022653721683,0.00424757281553398,0.0022249190938511327,0.005795658577315609,0.0,0.0,0.03313434338583281,0.010113268608414239,0.0006067961165048543,0.0014158576051779936,0.01685843172245631,0.0016181229773462784,0.007686084142394822,0.009101941747572815,0.00465210355987055,0.009911003236245955,0.012700696117263151,0.013754045307443365,0.007281553398058253,0.07135744340782345,0.0008090614886731392,0.0,0.010922330097087379,0.0008090614886731392,0.023301223639677168,0.0034385113268608413,0.006270226537216829,0.01557443365695793,0.007281553398058253,0.1875182728675195
