,Fz,F3,F7,FT9,FC5,FC1,C3,T7,TP9,CP5,CP1,Pz,P3,P7,O1,Oz,O2,P8,TP10,CP6,CP2,Cz,C4,T8,FT10,FC6,FC2,F4,F8,AF7,AF3,AFz,F1,F5,FT7,FC3,C1,C5,TP7,P1,P5,PO7,POz,PO4,PO8,P2,CPz,TP8,C6,C2,FC4,FT8,F6,AF8,AF4,FCz
Fz,0.059124324530224696,0.020539038014925085,0.015521232967019419,0.016075193859860015,0.018939997223179877,0.02094327788249892,0.013953291088496005,0.01546168038837206,0.016831596716654032,0.013301525033659053,0.012080363640144354,0.020956619132253836,0.01499170036252316,0.017479268387945508,0.026295488256157885,0.014742886054594052,0.022340037725373962,0.006670210838670523,0.01691051710960076,0.017648035197345147,0.022398946243688322,0.02159584901275212,0.015206839515898492,0.02540712203756399,0.015925311819510006,0.015885932130578262,0.013295015423864846,0.025988731520413907,0.014371838296324246,0.01279248734904491,0.010795394269353576,0.012713727971181428,0.02007588962903689,0.018887920344826222,0.012492562253261636,0.018385553285089534,0.015748908294733417,0.023450374737303895,0.02076020373284488,0.021714471124797085,0.0182086667150632,0.01663566436249482,0.015690321806585555,0.01618585722636154,0.026426163497291773,0.016173643082189368,0.013719428181154297,0.018399377580094193,0.015416274134895862,0.019227064114457987,0.015820191972303197,0.01856862743474358,0.01482799402716849,0.013797543498684783,0.01020157064233149,0.01200224832261387
F3,0.01934182809474902,0.06319192251879496,0.015684861314454037,0.011126230244615001,0.013615002818632434,0.02119340638549184,0.02000799470233211,0.01694078802134928,0.018892683248650625,0.017917572253925627,0.016909727664932178,0.01693449580337886,0.018653839090986963,0.01717039421877481,0.020262369038204324,0.015735227179861932,0.021202215490650426,0.011781900448365877,0.025078720919618273,0.017252664089936618,0.0231986132204688,0.029287680430580623,0.019080317891569575,0.01423247679865898,0.01784369669366513,0.021927985923879546,0.017993549907117018,0.020448316382449643,0.015774267052923077,0.010323223714600403,0.0059488808119776155,0.008453183564203598,0.01090250147090262,0.01346053062506148,0.018995945927476866,0.010008401903745346,0.01698486166878676,0.021213970338076725,0.013999924858965734,0.017986414039809787,0.015352407232459531,0.02436554898315227,0.023073099290384046,0.015498899909386438,0.019423683171653564,0.014530509987711403,0.012657524095046883,0.022233998629576018,0.018612697124994915,0.019888358195960507,0.017330329041801644,0.014930962206253253,0.009432069889710848,0.012926599020613109,0.010833659685018458,0.021951066763652594
F7,0.01551180085730517,0.017364389127029214,0.06121331060958185,0.031020546058634163,0.018426337172270137,0.015975184630480813,0.015155537192928094,0.026320731980237225,0.00723592246380554,0.01650454475029696,0.02188331697911825,0.02300216047788738,0.013290812374115581,0.019138477164351256,0.01383648367160736,0.012563695364010398,0.01639230318993269,0.016460173182530256,0.025388842982320234,0.01504802974745649,0.020687135257966227,0.014319965914372772,0.016762209712682264,0.018216443732892627,0.013492356556318752,0.021108987932310766,0.016161364457986882,0.015741964915904905,0.01146155037958994,0.03001945290846804,0.012311711339496292,0.017608583380674482,0.021829089844893183,0.009333092323847889,0.006089405911618379,0.017604408752087315,0.013746234226789927,0.02048520373909002,0.010596584551291983,0.014727228907366283,0.020045146241112775,0.009449508512799326,0.025033913477594726,0.02020838713009348,0.009859611974728434,0.016458279536573188,0.015423057721771764,0.029356805935719328,0.01483056172425072,0.016896443388593363,0.01604021415414278,0.014086186713491367,0.026544268277987226,0.005620900686877034,0.0226197300693763,0.01349140973334022
FT9,0.01606028967854044,0.012062530908191168,0.030281895114084093,0.05760328275608541,0.024153557282549545,0.01495073011426339,0.014935657727287839,0.025508243174984763,0.007969977764718309,0.015162706988943368,0.021400715623216583,0.01709768794482729,0.017380323777733925,0.020223452790899845,0.019643108738111023,0.016315883395703296,0.016840591887900894,0.019643108738111023,0.02169997517220243,0.018601203452533542,0.020912112274684147,0.02220505526879373,0.017669017959034854,0.019975419761894826,0.020140726125224724,0.017729209528256823,0.01853655385336106,0.016613640604925598,0.011591906647481135,0.027121576453450036,0.014003521223129266,0.019819029458465955,0.02255238969021297,0.014893543224568507,0.0037196299567332685,0.01743751066742881,0.009664486379755043,0.017335351563507854,0.02178415518830098,0.013269840535778777,0.01317209047246822,0.012292535860033666,0.017401454513103765,0.020137819424377867,0.010395162387578446,0.01570995057759412,0.016117476568235325,0.023144801450450253,0.014005023562892809,0.010598174213017278,0.01229558952890087,0.013399139734123747,0.025778909279123165,0.00917878973206946,0.016588051839605242,0.015275431460549244
FC5,0.018676465864298414,0.015072440054004724,0.017648481096262325,0.023912493532968128,0.06147025601335384,0.014116138435164547,0.016394258410571714,0.022085879618602047,0.015009749357111793,0.019061602497958987,0.01834666246655561,0.013794509994060813,0.01058297827840286,0.02240505557271406,0.022838167981317242,0.019181261422097504,0.021072609772516283,0.02176670366449003,0.018176575280482762,0.015523946115045812,0.020315825183649598,0.020501036039504726,0.022148979063326933,0.022924157304631522,0.015621532656258846,0.017530865911283576,0.02328190783355121,0.017802474838284933,0.0219096612150499,0.02114756290436782,0.018169217819507602,0.013104503580406598,0.015115919602795848,0.009003448421120934,0.007141682193206861,0.00823603638862346,0.018569886870782405,0.006784749159951073,0.016974415848054293,0.01808281974836137,0.016778168800736425,0.01810897960960639,0.014710193298933543,0.01936442853879286,0.009006718403776561,0.021245558193412804,0.016079169934779234,0.01872852911756056,0.01974384270280609,0.010069599016132748,0.013748169210446016,0.01095912245976046,0.018860041728825723,0.017298496776149745,0.01651963980435758,0.017276424393224264
FC1,0.021934879760051793,0.022238465947491386,0.01636751965410661,0.01462311105239585,0.013254415031421447,0.06175389154461225,0.02541002176772181,0.015337174189448171,0.021093902594991564,0.016091710221086068,0.02054164418457642,0.019683541442388586,0.016689936870337967,0.019851694239109027,0.020322027804768043,0.018961298453835942,0.026738884438484697,0.013756615277249671,0.019515388645668146,0.01505910661209453,0.02380739462681346,0.022830984071034083,0.021910766568466866,0.017828791697128588,0.013200480122542387,0.00833231572085502,0.019464904118165188,0.01751250936952247,0.016831931512598403,0.008538256904911895,0.014126619332276828,0.011023313161051027,0.014130922439485008,0.017316366636924957,0.00942068602014268,0.010805315381201688,0.008626316638293267,0.021862753366755028,0.01781694828279414,0.018897138730581478,0.01990358418511301,0.022126719385441126,0.015229091190232032,0.013956421572681304,0.01862111611610292,0.012577927100247539,0.017142292133037293,0.021862327003838986,0.019781612808687343,0.016408205730150206,0.024393564680272897,0.02612063452339803,0.013528605864482948,0.008484108814574814,0.008854112869601971,0.007499731588753134
C3,0.013845680146422804,0.021590968669577475,0.015654769055484026,0.014762061699289262,0.016193696011843894,0.025717120873559467,0.06309881768661672,0.016424390849983768,0.01997514630154811,0.015466022275502065,0.02542716261682569,0.02048764044845755,0.024369421640777995,0.016625013691758905,0.02212717597661594,0.017359046264336448,0.020576095289280602,0.01619005682492958,0.016356009982375425,0.017580662616919207,0.016393360352568793,0.017794003131165772,0.01906240393559596,0.014766659387253812,0.020982780271473683,0.014419237823654634,0.020843259923478262,0.01646365822227761,0.017898892758289226,0.005124668724893117,0.01760617588877672,0.016051456014527073,0.015226209988347745,0.01815602040587953,0.010136210947783917,0.009465119944171912,0.008388185569045085,0.00800065502247381,0.013161793543424711,0.019934156744440427,0.02197853817960608,0.021282775514814813,0.013214659162325566,0.018639284167102487,0.01601774483124802,0.016274872478838322,0.018374878145683556,0.02488827462392315,0.021207996847513424,0.014782174635961301,0.021451487285039386,0.017574225853768836,0.011133768967644807,0.016547515375136115,0.00996569906583085,0.016964237343936546
T7,0.016090218612826696,0.0170832092670323,0.023863292543535267,0.024254881808838644,0.02216426458299315,0.014910888378749605,0.0157162787793797,0.06355986639260021,0.006967863626321907,0.015797802345573476,0.02330247284148649,0.012936913486567222,0.023127779485356978,0.012427421213896705,0.01577523028306327,0.011587272238284138,0.01818101593491562,0.021831446725129912,0.014074581456330263,0.011797264458126424,0.015973576279163584,0.016067466454073056,0.012434504999471718,0.020931445764616613,0.015068832784239898,0.01879352325882952,0.020003409822208988,0.01524316594788255,0.01810477519186253,0.022694527955739546,0.0203355072950985,0.016977312675894,0.016896149302187087,0.013024080068388547,0.002815204445255544,0.016790792999779085,0.011604561477653659,0.009455352940611462,0.01444323846663657,0.016797336496623797,0.021253517879955046,0.015997048822890953,0.026847007040562476,0.022017966401244825,0.01090963010632882,0.018881410225624576,0.022227778524843676,0.01687813967784384,0.02260117806956037,0.021357253316172164,0.01641084995821767,0.016259629145815524,0.01554122523076332,0.015109054278606487,0.018735112043876248,0.019068470190469786
TP9,0.019360413160809498,0.022461730649854197,0.008290302459702487,0.008580779550780918,0.016276869418525835,0.023393500629731327,0.02110776228413238,0.007961516904731337,0.05749576996331131,0.019637114160142723,0.009491267050717645,0.021306091989090486,0.016080294080157414,0.014654713045446952,0.016131630872986618,0.02543684878487393,0.026778795425440226,0.01642886658945153,0.02311104760879259,0.010758092289115933,0.023077484562724414,0.024562167619431523,0.018735887414990875,0.010751333663729453,0.02584075574201309,0.017085689936585113,0.018478714529008365,0.019274276637266934,0.017692183094670452,0.0031356282979215877,0.013605745625357487,0.005677532925722074,0.016369764567454877,0.023686738691180403,0.020973049938131254,0.014048219887361612,0.017785337084571744,0.019953877989958353,0.014897362076875538,0.015685647877803133,0.016594381011150176,0.03056172747473827,0.01608279620955581,0.008570512192215076,0.018192752774890263,0.012767129635381652,0.01590249909233099,0.0192747655591034,0.01897402110945913,0.017383932256830985,0.020164977182880697,0.02262899943814253,0.014488192019967337,0.015500346501781516,0.006903288729856995,0.019948873731161554
CP5,0.015044998818358739,0.02138103939124058,0.01821641712718031,0.016777851739584668,0.020802564413792666,0.018463320302140082,0.016037142214705355,0.01740597642395686,0.020616331024161966,0.05881642379462451,0.01792831231258324,0.016804729255765833,0.014525234940850175,0.013541539611790533,0.019480075866414093,0.02083048062677141,0.016550416710316665,0.018724854263420035,0.027589251011567027,0.010735792037469058,0.013547722330823743,0.022869561148624554,0.01867808323047762,0.013210274472166439,0.0186103107375232,0.014286166507449287,0.01914366670455437,0.021898537920495377,0.012919904309315597,0.017711284035991932,0.013925026469456724,0.015129667445887113,0.012516949305957637,0.018541192884907153,0.017770301798795327,0.013220987887707182,0.02669022431003576,0.008502643384426335,0.008216497255218981,0.015296126026961997,0.00767922391740837,0.024162788123362755,0.016865824412164387,0.0182034383633858,0.014280290451280125,0.019513868135562003,0.013982817580803933,0.01823392658748236,0.017839112988547328,0.022284290126415335,0.02100887927484323,0.014011653782374818,0.014576843333164174,0.01806685468067938,0.013236231999755462,0.023096076189300416
CP1,0.012347679728376254,0.017322355487371294,0.021104565982916525,0.021040919049339114,0.01770125277071317,0.02034597771460442,0.024630696585090806,0.02393896180493465,0.009132957960085222,0.01574832610310835,0.06438179016703689,0.018141479378877678,0.021608249036267638,0.01896238116203157,0.023308238868949782,0.012283683566082369,0.018141606371138215,0.01625251712550161,0.018897940526825804,0.017198807891902285,0.025575590436625585,0.02154193526521897,0.013795240695177857,0.02261688506557523,0.013165501949212143,0.01587590570284938,0.018646241866443352,0.008630163852557857,0.018898004022956074,0.015310417103698626,0.018773027764556034,0.019151639315311702,0.018774932648464072,0.013039033531750805,0.009132830967824685,0.01814417796441407,0.005166092780704288,0.01675861303180291,0.01587463578024402,0.009952494576438348,0.017702681433644202,0.010582519054990268,0.015939393896101123,0.02582760657765938,0.01713776429966586,0.014111379990766075,0.01178165141211822,0.019214429051130497,0.02173439997307764,0.014175534893385633,0.01996889007097518,0.013544494476749424,0.017450252567763665,0.01310223599241634,0.017199125372553623,0.019213889334023217
Pz,0.022130057034330637,0.018744681088754767,0.022499111266520135,0.016400230176670375,0.013471769099747243,0.019555878842611243,0.02008625485575396,0.013635606835891396,0.01818518170750568,0.015068791436713901,0.017955035102005527,0.06244909344437968,0.01333579675411399,0.02098316914589524,0.021865288353624432,0.013012338275903569,0.021783788811417515,0.01747365692061579,0.016216961038171093,0.014810803176129175,0.018729490415903848,0.023286660623943595,0.02059678014067639,0.01854412464807879,0.01449873770255694,0.015995272156253033,0.015695462074475627,0.02044941479040495,0.018280194619102897,0.014572641908338404,0.023854617728774778,0.01972859362820265,0.014889763027718831,0.015267274983490429,0.012846380175007312,0.023140133925402467,0.013529620245521148,0.01987470100087862,0.015752474568519224,0.00916923254537098,0.02050050925148371,0.019723094921102968,0.01507345149208327,0.013950631325946046,0.020568495424300337,0.00831665603161331,0.003798767954148979,0.02127326352649508,0.013829011001433397,0.012094734605811692,0.019308421199508062,0.018872219446232248,0.013124242899238654,0.017375265666671004,0.01972859362820265,0.01409757735035233
P3,0.015258583518593261,0.019859462342015743,0.01322341651041081,0.016753274456978894,0.010181410906498382,0.01609627954795955,0.02387513851718446,0.024230964892292223,0.014735241868365827,0.012225001539943995,0.020646855927338958,0.013753554494657387,0.06503084171591736,0.018938415497900627,0.02491067008646708,0.012532152762252701,0.014305182295626459,0.016021639527516944,0.016998564681261267,0.018247151749742518,0.012975685349262408,0.013313563659178781,0.014588809587157647,0.021756213871442172,0.018572251037242617,0.018586537697134968,0.01953151529483861,0.011272007139788195,0.01425133810005228,0.01570972608524412,0.014836947571117054,0.019873055010054028,0.01614849645228971,0.02207614411616715,0.013122117630470588,0.019282683319025135,0.0091303722088904,0.02174860389180102,0.015559752052504839,0.00770665988564833,0.017502737797864296,0.012574438403843622,0.02511611560602456,0.01799384472300799,0.020677583014946623,0.018548320283654093,0.020297012240628323,0.02091648372802086,0.015720877816416373,0.022289893607219852,0.01301878463647534,0.017572615598342785,0.019443402260125663,0.016237135963581603,0.01361990123586548,0.020604570285748032
P7,0.016385988615436203,0.017359752413136864,0.017094676433710716,0.018053915715850032,0.020998007884855355,0.01879028151953054,0.016527199183393747,0.011914073080192879,0.013102248433569557,0.010977213263033535,0.01818555752724307,0.020361678432452582,0.017368635646843017,0.06299470917742442,0.021055498973736576,0.01401817838095982,0.014269072606253794,0.01490429522487485,0.020162976775613815,0.02087772718666689,0.01635190527582248,0.0213525231747072,0.021334413945865716,0.023173443267206512,0.012819063225301928,0.01657367192049957,0.02181245188575699,0.01465698571286101,0.01894678067540197,0.025067064487006747,0.018556046927867158,0.02027155359916853,0.020301023941214587,0.012067408833707535,0.015981415875198392,0.014937350280201041,0.015464681598125736,0.021140668048023788,0.008581039520292811,0.016505583790766314,0.013116087426272552,0.010370696914106,0.017824294121754316,0.020815623100218,0.017992497152259496,0.015555913265191505,0.020754204536627463,0.017476869708968557,0.020128893436000092,0.010666692830789094,0.013941207017520408,0.017428947376651835,0.015261709705148476,0.017033257870120184,0.017813275769978917,0.012523067308618834
O1,0.024094667940468044,0.01896048836787988,0.011726596187091504,0.01724753777222511,0.01963235279516977,0.017667589312200596,0.020176256951232943,0.014445007316493038,0.01372990543866389,0.01634667643782433,0.021014627418352763,0.020328162321137412,0.023071102576013715,0.01981287547812814,0.062434528162609255,0.014867978990453615,0.02229933063131389,0.013552302889690615,0.0163297201931509,0.016651032269310487,0.01934431077888033,0.021146072382801688,0.020151727825758175,0.024566133306141047,0.017070519250048852,0.01599554005989701,0.022926789554470486,0.014484137111893267,0.01602006918537178,0.011155807330805588,0.014117251478006349,0.013934976714656927,0.020367292116537643,0.016816954282343394,0.013139259671279348,0.015037989191065651,0.016714146098508267,0.01842999736058823,0.016601954550801046,0.018845980180544487,0.007208759560956688,0.02467655330589731,0.003252970856712413,0.020020866888106267,0.026855713026051914,0.019030610518641883,0.011536125581023926,0.016063890662708056,0.013171381145115358,0.015772363953196405,0.019248510916609424,0.018068951994671494,0.015216175766835944,0.014502845436957753,0.0130866777919878,0.0110319547147179
Oz,0.015372157038308179,0.017744384499507763,0.013866536134954737,0.01772152624055618,0.01975604392704783,0.019698893858342177,0.018255613661220336,0.012819141529036956,0.023621424150354536,0.019837086845148906,0.01395277853323513,0.0138176981604133,0.013292966267010568,0.016730238270246837,0.01677076415062406,0.06069375319949305,0.026025856555113764,0.017761008687836193,0.02352478279171551,0.010476015240065483,0.016944292380282056,0.016934936853020634,0.01585221584690495,0.015267212428158304,0.024042254866704603,0.018362636294911264,0.017643595936439996,0.019139861312532015,0.015278645978960781,0.011897471768679583,0.012476249959456433,0.007696477479512721,0.016466311595226338,0.02366090659763455,0.016744793277687575,0.013628589175524088,0.024213696230168183,0.01836055827137021,0.02037533915554853,0.01612861066317177,0.012564570381277881,0.023305546886807707,0.009094041158731393,0.009080529584387865,0.021933954080525515,0.022763147371979334,0.02300525037849209,0.017783875789441142,0.02119205546310267,0.020391954501223594,0.01442867245209643,0.01386238008787263,0.01672712565626194,0.011356115686948425,0.006089015737340936,0.02356843897138436
O2,0.02126212765938411,0.021091827093844197,0.014853684665646112,0.015459508447310664,0.019633675682857458,0.024006801845408356,0.018908577198747778,0.017014902571636396,0.022053657623336644,0.013932940440711358,0.01709110585375412,0.02080655756992305,0.012878508454468265,0.013202375898390703,0.0240987462567986,0.023123662982590033,0.061852782360630326,0.01828601972992584,0.01926905744690179,0.016405933360055042,0.02346194348537568,0.01932538161194532,0.019627049310499398,0.015395565352024215,0.02186463825486963,0.02188219674364964,0.022854959389564042,0.018134941236099718,0.017228274557503715,0.013490790852228653,0.011090688028823657,0.008480861918254834,0.016563973738763685,0.02372849420636973,0.011620476284632721,0.013415580127995791,0.01794691442551756,0.015648695572039906,0.02121888848279447,0.018905264012568746,0.013628784357600881,0.021639006082171043,0.011104108529802013,0.007258282238503775,0.017807760605998247,0.018151339410732645,0.013556062017924421,0.017450425787761042,0.01788594900388568,0.012756913123728966,0.014960042135899573,0.015265023020632679,0.01458084308481846,0.011365025436322854,0.008752710941197627,0.016719693489178154
P8,0.00862573640115652,0.014200943885576462,0.017009633918584212,0.021197593642637423,0.025214717349292905,0.01552700043943752,0.017953991547069753,0.025538755705197348,0.01680873872068752,0.018181571338686482,0.017993862387394137,0.018295819632120885,0.01688097048278204,0.01651706128655321,0.016940776743268618,0.019472048434254152,0.023380288075013984,0.0616855151967981,0.009772218123302173,0.00830399978652325,0.02010463715818752,0.017865198951591964,0.022160813845777404,0.01754008775017977,0.01815473069471077,0.017078335043644137,0.0254666799933585,0.00996636414764102,0.019040354908217483,0.022145481908157558,0.022175385038400847,0.014752562033097636,0.014380674767547539,0.012369889198076462,0.007425124746574385,0.013242171114723155,0.014630491720597636,0.011326927314287711,0.015060956350870885,0.012660649836958693,0.021077825071408596,0.019422053833593002,0.02041104183520094,0.014808076911553211,0.005574134638912192,0.018796214283217483,0.0233950153178931,0.017604497493208693,0.02128086596032079,0.014160000199744328,0.012780574458443193,0.015589264491450943,0.013517443765729865,0.017586707764062,0.02113901627791427,0.025808508078409634
TP10,0.015375433117321828,0.024175916706878,0.02366627601156388,0.02001196073295376,0.016107017800079802,0.01871247438627166,0.015105824118769758,0.013720904925140803,0.017832499265069225,0.021748931790414996,0.017812510061792238,0.015335259858030026,0.015175574679851575,0.020387690563961877,0.01616547362142763,0.02024469553063722,0.018727766966661046,0.008280750866234645,0.06021194844513697,0.022498799035229,0.021813481799114836,0.019720964966660294,0.014258026575548331,0.013079254859479462,0.015506044923204638,0.01873366630127523,0.015948730186365757,0.023798285381911095,0.012043088471259598,0.016756858399789763,0.009404950377592355,0.007167033088359993,0.021764419223542213,0.018797517527742863,0.017276087193616917,0.01379205305068703,0.01957016910476267,0.024373174868157262,0.017705186517609606,0.019844474726202342,0.015183765213900196,0.01587897962528394,0.018269090340878334,0.01612390279767142,0.0200591218145676,0.015429696245276434,0.01838041172571636,0.017047854166083228,0.013264324646054704,0.018319355628177544,0.01908071246546336,0.015562599250593681,0.02139358086815952,0.0062053138841095465,0.011451004910665261,0.015699110391090676
CP6,0.017992234868927676,0.019548308174264034,0.01624385317400883,0.019410387219008715,0.015961596335346787,0.016421030700451582,0.01914612007016258,0.012760651779012977,0.009892795394193151,0.00986567140450947,0.018041636788441527,0.01619274293123727,0.019292024821867208,0.024181385440400157,0.01877248536908289,0.009939338487030828,0.01878447849562683,0.008333444897301184,0.026066119222276425,0.06465417819610547,0.021409334612972043,0.021482722785573775,0.008417536238068582,0.019931216630171302,0.01780606249757697,0.01739474009360775,0.01614163268846571,0.030020329744041577,0.013637126201439344,0.020911201496519066,0.012858305114622215,0.016952284369860213,0.01571859606787217,0.01992978721683322,0.014908362751357106,0.022859178102670644,0.013638695069737243,0.024143837192470437,0.021625489800682605,0.020675487750694693,0.01633993764132017,0.011540525471866774,0.021954150277222514,0.018991778293389248,0.023687401109001624,0.016374487607613904,0.019613119866837246,0.012730668962653124,0.010616078543264646,0.013218517275819876,0.018558038504630045,0.012781779205424686,0.01568875270647213,0.012540068896328346,0.0074992253276982375,0.015903060115965165
CP2,0.02131340846731218,0.02295732869442024,0.018655090440448385,0.019681784707352178,0.018836527445282747,0.022372942805095462,0.01446773169459625,0.01552220436917369,0.018563359605390038,0.011121580880248876,0.02345881128931765,0.01669777902317189,0.012361539890225348,0.01582575568606998,0.020066795057441102,0.015574292258003906,0.0229935027141313,0.01742294663846173,0.02243168509382029,0.01885200938580834,0.0601346915327958,0.02414274322169059,0.014158106381852952,0.01775948650169154,0.014851729712044005,0.01706730743273522,0.0201486860192273,0.016538046430164165,0.01564229401595328,0.01242650465025122,0.012819613661469486,0.008468472992044956,0.02380461062177201,0.013002643402992616,0.013667907921462424,0.012788217851824737,0.015874226172929093,0.025544027561363557,0.022471908444096023,0.021340606470938224,0.01808401335091283,0.0176331743836109,0.017669199927867925,0.01924729153776298,0.015472289621079844,0.004080145970268196,0.018262413357823686,0.02014448821320859,0.020801073666501455,0.0118167969471287,0.017505849932889096,0.0149305836759067,0.020907274109444228,0.010307287499230627,0.008822519461082694,0.012486691200210781
Cz,0.019561703503309345,0.02691584571146615,0.012782655300903476,0.019538733772310413,0.018863253534786382,0.021064519422183653,0.016617324281557856,0.014901400302860156,0.020719548091810865,0.017835145389889916,0.020241862760110935,0.02180890885270447,0.012618464260800027,0.020211661817501232,0.02090500740135777,0.014459871029214096,0.01891599884300614,0.014476034913991118,0.019482585540979702,0.017371071750633793,0.024111837068041448,0.06097995678287649,0.019326476443264767,0.01482440916747486,0.01594439623636704,0.01674791145594065,0.022442703282119343,0.019844571486907252,0.01583720415837204,0.014809521378864446,0.0122011808143195,0.009559661749442772,0.017188164633420107,0.016742807071274225,0.014380327701495586,0.014818454052030694,0.010824273050550424,0.019508107464311843,0.02004917223895326,0.02070933932247801,0.014628315723206234,0.020598744321372056,0.017285573307471117,0.022714511765606658,0.012199053987375155,0.01058564306739489,0.013202916305106087,0.02067318326442414,0.01721538801830773,0.011049716706651013,0.018927483708505607,0.018229884470760384,0.0158776138703146,0.011924693311554626,0.010708573664778044,0.014036632467289402
C4,0.016657212653843227,0.021151519590809034,0.016444080787027474,0.016685140756596432,0.022741286484013287,0.023498591097513687,0.020568552991014753,0.012958813251771933,0.018588886177272806,0.017301659266037658,0.014865370575895185,0.021779667577468808,0.014784589102797983,0.023299709679647826,0.02365810586712333,0.015984456075464545,0.02221417608972541,0.01991509787333312,0.016346427893249037,0.007864668294330614,0.01605737463336771,0.02213000991803475,0.061130937151875064,0.015462778556354886,0.01351404268052854,0.017531853485250177,0.021434567180365554,0.017916320530609653,0.01580468518658021,0.017871139143744157,0.00880679480846251,0.015403728583970554,0.02271917311986936,0.016320547967080594,0.012417834271965219,0.017139523524696672,0.016626472647643158,0.018564151841397536,0.014605200077344702,0.015297067184704912,0.017894016234750197,0.01924215036323891,0.01448710013257604,0.014010604000331875,0.016248011272608484,0.017744603488634877,0.018886566079210278,0.025077110376930452,0.012782236129765525,0.008966691441503208,0.01231398477614645,0.017703379595509425,0.014212679185075665,0.014520652042222987,0.015409352390864299,0.016438647911849256
T8,0.02447749656815094,0.014813500349252141,0.014720830220657635,0.017822476879419978,0.02122949164067316,0.016236404979810447,0.014154260732719078,0.019303585603839962,0.009485943538967758,0.010795928642249757,0.021316439263000763,0.016873113089740814,0.020516743143251623,0.023416778322186534,0.025790074035717703,0.013185854096884265,0.015515162352604785,0.014300798260666972,0.012725992114358785,0.01806307034772099,0.01820786354544536,0.016066487911198617,0.01387401650111571,0.06309039028209777,0.010432535705129704,0.014415462118166803,0.01338505247165939,0.017819884515135217,0.01660949859924078,0.02254068329648131,0.01469588560900263,0.026988166905017097,0.01425385992010664,0.014723781103407316,0.017959672243522507,0.021852700151482322,0.013563284410822888,0.016847141184792108,0.01898713100728024,0.01645916215448197,0.02471652496546088,0.011726739101369607,0.016191031710241187,0.026008494515880935,0.016820810761378494,0.021025467055793418,0.015081630793492923,0.007669158112599949,0.010098065555708033,0.020675573717794563,0.019734704057899517,0.013705305985030034,0.014285375072089788,0.020456125944337634,0.021707548435293045,0.012580840398169504
FT10,0.016685316778686128,0.01996518424479904,0.015007793706422221,0.021257380559972932,0.015354810520032763,0.013387089189182012,0.02166062197599509,0.015502241786788343,0.024462366323976973,0.018072344616057154,0.013448423530977005,0.015937242198362563,0.01850109105601001,0.013793108207125392,0.020271262001161913,0.024074707429424802,0.02599886058925969,0.01575601677489881,0.02039318824398679,0.018786328063366498,0.016957303402034784,0.01753769991920847,0.013573127375723103,0.011356295331686198,0.05778769352548329,0.028227353320607374,0.01891584467118993,0.022412766878630884,0.012233441055374132,0.008803958673196511,0.01128855853011682,0.007382839702811269,0.01924683349887142,0.022755267905470136,0.014951272127704564,0.01897033108875147,0.017460486079637447,0.018206228522498855,0.013722593803634794,0.019511823709833606,0.011823351715118526,0.0245827028701048,0.012292443259706968,0.01195490348409807,0.01991288147654663,0.02087642110150119,0.018555280497265514,0.02479568728912062,0.018192829650338,0.017133864550574227,0.011992916451271499,0.011766681648247847,0.014978515336485334,0.014731736760761338,0.003672190635589389,0.023120496354318867
FC6,0.016960223524777742,0.024297180358574824,0.020454774054518954,0.018894759628248603,0.017841515571705137,0.007251622566993901,0.01412026264782857,0.01995192166419012,0.015617758282152477,0.012114054541920993,0.01616814994836711,0.016648220639523672,0.018455084655713303,0.017888396221743853,0.018729326325734458,0.018377586347706216,0.02426396197290258,0.015415188614568035,0.021164738941992896,0.016246306882221284,0.01920156105809492,0.018697391416071917,0.017960068224180566,0.014892780102933423,0.02770643039719732,0.06173301753518701,0.019681597973567014,0.015315499681866828,0.01322073173128957,0.015150066379352681,0.011434048686568336,0.009889013776358629,0.020816292093200083,0.015011332755408856,0.017793976295819334,0.020928326038573586,0.019662734253792787,0.0233064550939778,0.019105165254629145,0.01947122612287094,0.013504092836116529,0.02046847009456989,0.02067950057111305,0.010817845099171827,0.016762855312601053,0.015757809157790473,0.020803254678996234,0.022545657801382627,0.021181069485432177,0.013931355244610599,0.0030991892552252164,0.005561993951585529,0.012138812118634525,0.014844615976885002,0.009860996846094136,0.026203733307465664
FC2,0.013177333287766869,0.018159339619878045,0.01476896582026959,0.01778099048474581,0.022491474595882417,0.01984957574366911,0.020414666014089804,0.019716827817350083,0.01691117956929927,0.01661494160983064,0.01885597254295046,0.01546680401700931,0.01882277411889918,0.022327725200044918,0.02399759372452143,0.0160716378051936,0.024202764867279535,0.02080851588398127,0.01760174035414907,0.01491501752681505,0.021715873362658608,0.025098496794887445,0.019887595262389604,0.013879778986373999,0.018009412729642776,0.01882277411889918,0.061117062891485094,0.018454845261169073,0.023942868197374394,0.015964078572858337,0.016757850450863893,0.009915572868099732,0.01990623886266105,0.01576230965830034,0.009446156916256975,0.012157336119397157,0.013991426995200874,0.015825044915514893,0.015882699715372334,0.019838423148089382,0.012486040184739465,0.01886759809401989,0.012924927622553447,0.022415176195753533,0.013693983762064942,0.011508670036957658,0.025651488558749005,0.022517868563533484,0.023556036376684943,0.0065530576724975465,0.00741464526507477,0.012185194723403424,0.011325544722671107,0.012835798397687826,0.013811703909114431,0.012920579483373936
F4,0.026362907779020624,0.021432882215330747,0.01577309064082474,0.016951804075780518,0.018388008996716783,0.0185131398663013,0.01584635593545752,0.016394790962459136,0.0159026553139458,0.019126452358110967,0.010044757095975815,0.01987492140959151,0.011203129630005547,0.0166979770953349,0.016343504429014034,0.01803633227367083,0.01900132148852645,0.008717775947234562,0.026894277625619453,0.027974082499219906,0.018316960603852274,0.022662592662978306,0.017178639449995273,0.02005635165766431,0.018985993432643584,0.014835672073706624,0.01890241292717112,0.05888159754309049,0.01756376822808187,0.0132805072112423,0.012153369830484937,0.010386118608182084,0.017135451225621587,0.019678742147142488,0.015952014466375945,0.01840892893914947,0.017209006041007686,0.020916840424614776,0.018782584423383104,0.026492761972895,0.013405348560073495,0.016699904476349853,0.016264936768584756,0.01452082239048286,0.021851173527704663,0.020338907368860706,0.018760026620688784,0.01586476945536861,0.011762938686601842,0.020366767537351525,0.01829661970292623,0.009497480151987477,0.00986862921369952,0.012904055783733754,0.004343994198864394,0.017993144049297145
F8,0.01680450843059392,0.01951450331381818,0.012262038931463857,0.012626464639287106,0.024664171869486065,0.01987278180582487,0.02106997813362401,0.020572668374064542,0.01937056469262202,0.013077076396660458,0.02147933061195742,0.02087898726390654,0.01698444473085145,0.02163012494164052,0.020364829965405763,0.0175212425377749,0.021635740787954293,0.018798300576139987,0.015053666756930022,0.015377187432048519,0.019624392610796532,0.020104146338744307,0.016902634665441948,0.01974042912359144,0.014591291937426344,0.015077015758023081,0.028130566030422882,0.018838497116174358,0.0599898039569524,0.008529699543887005,0.025929821092056014,0.013690245545847239,0.011938695379512955,0.016585261206140005,0.01315203075358302,0.012667015425656666,0.009985985389839237,0.017769454609635645,0.016290705378428336,0.016209072436186432,0.01522113150238684,0.02297090564430063,0.015019086063209425,0.01806383331417972,0.01771241053065997,0.013840331382859956,0.01601246572015519,0.019919302684843394,0.021520944137332552,0.01144770995893764,0.021623977725823966,0.007090615483211276,0.0057786225047904,0.021884661352485416,0.010425542577752642,0.016163082926670697
AF7,0.014012250866335006,0.011585896208205756,0.02752557257777488,0.026604466465819196,0.023282787629902407,0.008741342630281075,0.005257149011393064,0.023832004846082208,0.0032845120957671805,0.015870463837018768,0.01502314189954841,0.014741675828556056,0.01652039007233578,0.02906858146876791,0.014209052963818502,0.011110463166511285,0.015730302256764462,0.021802133808557285,0.01824932126178877,0.020924546892695732,0.013592864737199872,0.017773888220094295,0.01987242248435568,0.026585036987595574,0.009077757002204985,0.015029450056636974,0.01707075019899932,0.013545961108510474,0.008665821940642155,0.0616007398688605,0.013298782352030391,0.02775213464669164,0.017831671647807225,0.01367300136762972,0.012623162780257156,0.01929915984916133,0.020492588748239428,0.0185193582279437,0.01606612302401852,0.01883917824842536,0.019861542685332148,0.005784650928381756,0.023162055527871723,0.02333997745294549,0.01325018650704336,0.023111173861917203,0.020520612204519097,0.017443188400589095,0.014626108973130193,0.015172491062528614,0.011450306269886421,0.01410377230274632,0.01825503581420748,0.016197141320402886,0.033833153781210365,0.011302693622059809
AF3,0.013018603444136276,0.007230285222321717,0.013962279699036618,0.016197706598453248,0.020310843340746176,0.016460733528674637,0.021214482034546633,0.02460166833238165,0.014185269068158124,0.015134791324706132,0.02038741301915353,0.028006975078128254,0.017186975194616847,0.022605010692142866,0.017630904596488903,0.013444121176612457,0.013514262410403552,0.023582004842042543,0.010871438226422331,0.013863792907440968,0.015881785217899465,0.014491547781787526,0.00980647361630426,0.01856552062743345,0.01379277800919699,0.012556262372868339,0.019550992558320338,0.012078141411544063,0.02568591827634848,0.016189520038950335,0.06316503392083134,0.025668089049921187,0.014041481156783508,0.006618019016547206,0.011780922921870452,0.02074542129717815,0.012623480605835605,0.012381788345833925,0.01733397732829959,0.012993763330124143,0.02207223716559954,0.019413341870077684,0.015475552819272046,0.024781988361063732,0.015052375644651114,0.012360162454129919,0.01581193520559266,0.017527445467698466,0.026870704348281912,0.014123896836838526,0.020041387965908534,0.01867862242314827,0.012280378553414443,0.03228289384416026,0.020235438548276002,0.013631160871395081
AFz,0.015046921883682625,0.01053772012560665,0.018120773139138346,0.02115449685862473,0.015289600437603553,0.012396380914666865,0.019673510088348493,0.020167372089195112,0.0063113244574209415,0.015915461741995103,0.02240190920024843,0.022233735191104734,0.023058194683077304,0.024581705918377376,0.017927084450980353,0.00876877597054233,0.010423687277123707,0.016408367073789273,0.008278866800066282,0.01796265992431549,0.011416562573714767,0.012514366593520381,0.0181426924245709,0.034193149631429054,0.008549215166581208,0.010616177500754454,0.011432373895197053,0.01134481239478086,0.014800290499391126,0.03020847584811182,0.025685260465344435,0.06397771596083729,0.007688580969009873,0.014295526676485246,0.01332361399627429,0.025061911731321412,0.015558750339591232,0.014109386212279564,0.01824211241609881,0.008373734728959994,0.020944639412195622,0.01122011951971345,0.022837077977800106,0.030016584856744695,0.017426515253919833,0.022278172994233472,0.015171614758750037,0.017077709512257108,0.01285921950481254,0.013454656630766768,0.017501019798697066,0.015603429938194763,0.013149332023180322,0.03236335711949009,0.025680708402710237,0.016222584046372418
F1,0.02034917741326238,0.011972977191532763,0.022437552063775998,0.02364767741856291,0.016466520446382887,0.01445810710756676,0.015949335006441544,0.018397134532518206,0.014972903821013874,0.011435409114571273,0.0204733388830831,0.015752674815722827,0.016200796418849136,0.02278532971818467,0.023455794680832663,0.015840028974380575,0.01759249985911744,0.013207739557533925,0.02536759536633091,0.016700511027058936,0.026894811086257506,0.020037910658699875,0.02231473316286079,0.015746328126351287,0.019384393448989075,0.020938634906624155,0.02166651648493282,0.017081661108547638,0.011227101702698195,0.018557806902185104,0.013531176612045151,0.006999578886698623,0.061386347810852476,0.01608618985500535,0.011850158290617557,0.014892715841838825,0.015553625898509883,0.02573948695315948,0.01700834289753849,0.023904666030230885,0.01769359355410699,0.01393032060405976,0.011535456651972104,0.015896399432452534,0.022875072603336655,0.009468284128589785,0.02210351394569912,0.02090025835907811,0.021682121668964494,0.011489687257465799,0.012124914145333886,0.014384788896557612,0.0240526450211547,0.006034794922425323,0.00873114405562099,0.00883171467181618
F5,0.020992877819495,0.01480259952423261,0.009904130004872317,0.01450768106388467,0.010005015620073944,0.01761994497148262,0.019160886761629074,0.01393804992691525,0.023262589206385603,0.017718322776647272,0.013688701957524863,0.016225889197787394,0.023060603020836318,0.013791163910464015,0.01941023473101946,0.02463171018314178,0.028671075635550713,0.011458900576079793,0.023130893353586885,0.020053523831360526,0.01508118139348256,0.019450574646757042,0.016537789114671405,0.016304992691525036,0.02311434180734287,0.016157891719927774,0.01715413717004385,0.022778868476111318,0.015532945458714281,0.012265627239116105,0.005569416181823393,0.013105456994640451,0.01744654782035482,0.05843899572955777,0.015987647244275028,0.019617164884927346,0.01668718294115961,0.022108566679086297,0.02194491416124502,0.016302054971196012,0.012815769109512482,0.020927603106818377,0.01616942764609785,0.00990004585709782,0.021955805221977015,0.019095827004098478,0.02136439196354361,0.014873534722421256,0.015050801066177524,0.01655706342609842,0.019339729443122868,0.017641010575793186,0.012560545699464045,0.015860250494396835,0.011569960734859993,0.01669714252959216
FT7,0.015737830386746803,0.027889352501257382,0.007267873432889221,0.004189857569269001,0.007915688125112268,0.014248102923224155,0.012765780067627377,0.003934457596686701,0.028901040247112125,0.020737356757343416,0.010252343433031708,0.017245390860194484,0.01687781550259986,0.02202717455708276,0.01834811693297836,0.01976543559110646,0.019789478441543027,0.012574986036708978,0.023223446493344364,0.018220616074589593,0.019893334705299998,0.024169731785925647,0.01685257788474896,0.021061861487162107,0.019945919221745618,0.022042500030459194,0.011952807218141608,0.019475682367808354,0.014553978131508256,0.012809647207012866,0.011348859665304053,0.012682146348624105,0.013245929066039101,0.01926084548645339,0.06119047038170105,0.016953130100347776,0.023871659441372185,0.02767200808335382,0.013943820738159168,0.01845448073328393,0.01633306056252423,0.021883153457903225,0.014641314154474458,0.013077466860618227,0.021937330997567957,0.02013340920450586,0.01523984837841004,0.013999709302762942,0.014242689594322181,0.02246015236795084,0.01960358148200189,0.020811476587677003,0.008554387184470408,0.018872133070775572,0.01059758696512881,0.02431916621400715
FC3,0.01935220026523403,0.010869803012166803,0.017135449059127603,0.017248545952889188,0.008784184301187511,0.010681861628261905,0.01039277112261917,0.018005422660736924,0.012614633500953739,0.012144666097861564,0.017804328961034767,0.02329333727121482,0.018902449664394572,0.01667886185849254,0.016400742467759896,0.013028540785721951,0.014448209566135052,0.013134345306368221,0.015287971907695225,0.02206476773270744,0.015599981300271798,0.016295686717567433,0.01666668619980894,0.0240492373219489,0.018330584369110756,0.019965020048817228,0.013229406598764256,0.017835516878197573,0.011131840115761214,0.018477343378056416,0.018779358312836555,0.02226172691729511,0.014271239297140245,0.0181416663280922,0.014823343563491046,0.06075503929026457,0.015880054005231757,0.023579497805516575,0.022070627675389386,0.013571399364730124,0.02466498707687307,0.017665611095658226,0.024576241500478692,0.01796131031443671,0.019293210175569092,0.012929572864871283,0.019139386680167975,0.022755361977774932,0.01586494837520718,0.019323193548958388,0.017426492878997654,0.018712327079602502,0.013965089847245617,0.016161103367305373,0.01431001258455246,0.02126280202144583
C1,0.018349895533008184,0.02055174335595828,0.01481205173296046,0.010972457284590554,0.021313872962055815,0.010238740745292003,0.0089620146194829,0.013321781530707524,0.017820656101738094,0.026848214720707114,0.0057468385275134684,0.01527452530589915,0.00972606428948016,0.01900272695620765,0.01974516136139435,0.026290562222638043,0.021013518723842523,0.01488439353443501,0.024104055516300918,0.01452616585504208,0.01936270014823669,0.014194256627284798,0.018048493987213227,0.016133753901026796,0.01826168896112984,0.020441921519269372,0.016278961157766725,0.020110361394039315,0.009666270784400795,0.02141044829729509,0.01178828079883347,0.015003456890802902,0.016427135785988048,0.01689570895586072,0.022490716975909444,0.01698548648911157,0.06034851991389425,0.01975248281717361,0.013784604206173435,0.019753006470964445,0.013263733538264275,0.020690851015764226,0.01391586675640929,0.01936984705275234,0.021051347861584108,0.023312116433295504,0.021344380644018134,0.013079824387464706,0.018738456343099827,0.017968481627432198,0.014481538915312071,0.014650281500762283,0.015281323107887577,0.017645115714299456,0.013645147443840265,0.020917990696184913
C5,0.022304241227052927,0.02034165012337307,0.018441383461921743,0.016338876776487037,0.0061727426933754865,0.01855163995333152,0.007108483631053883,0.010212061957933886,0.016271541898361216,0.006327050668177608,0.015534415984735133,0.01820460169462492,0.020172949755523684,0.020760650347316018,0.017899738527880668,0.015494991588453313,0.014573643043822186,0.010673365056768103,0.02452964818844361,0.02124472570916802,0.02589114839446332,0.019690750785101678,0.016258279375422333,0.016723207474187613,0.01588420493912226,0.021069394079849185,0.014164280342887062,0.01771263741826617,0.013281098541500445,0.01682007365972958,0.009677048285362255,0.011926357379879104,0.02333222126316277,0.019377998703850676,0.020420115567149937,0.022416374109892702,0.016702930340992513,0.059302019512345636,0.02276066167291877,0.01652559453731476,0.018757632760174888,0.014655989053387964,0.022277332832388384,0.013984940364850392,0.02680098302465663,0.011714352049958982,0.022982048959988864,0.024471204312004002,0.016626341288645645,0.015902477897958442,0.013322271546283333,0.019800879493582533,0.016985021244718984,0.011025904706835763,0.015329169699213378,0.014268652094149011
TP7,0.020857341415397412,0.014592165234359508,0.01094584498968907,0.022538228367272626,0.017154228231705745,0.018037696135309082,0.014385064599493971,0.016339602884879897,0.012778185566474753,0.0072582192109521375,0.016298297350813402,0.015530707183384833,0.01651342817042285,0.009827166463976123,0.018898792378279933,0.021249743989029082,0.023381545347156432,0.013868754104943627,0.020742609608288803,0.022451033582875014,0.025458272659861794,0.023330482053465995,0.014203782093740193,0.020988142273274633,0.012660007290886871,0.01858269826291738,0.015903602919049416,0.01963482608998516,0.013786143036810646,0.01721044820619389,0.015541610872074937,0.016750930650664776,0.01625125349013532,0.02186071516946867,0.013912933142956318,0.022576669078673724,0.013082238745361852,0.02598605980763532,0.0606674120067114,0.022648376458116605,0.020910123602687087,0.017111776768573096,0.019684743454609438,0.01420435505827327,0.019486245969020884,0.012303180605990904,0.020055338650860902,0.01656562871189864,0.01772102905541345,0.011272269829208648,0.01046108226958127,0.01871521801439384,0.014793527542613455,0.014748211256815413,0.010369295087638224,0.01691271499973227
P1,0.022148362628761867,0.019702609900163044,0.014430631573042214,0.01393178458234782,0.018158249028683134,0.01952674592803953,0.021015752947828557,0.017910025998261928,0.014293314943645705,0.014698062042279282,0.010741693925223585,0.009975416465292125,0.0078019622981819765,0.016984823540266113,0.022497689643156918,0.017078592269588723,0.021731412183225454,0.011469291577332758,0.02278439378375749,0.0209700028155456,0.022444802953865653,0.025275764179543983,0.014618632659520923,0.017252254009503178,0.01895087048443876,0.01912913538641426,0.021003814531116285,0.02692389489504029,0.01382347780881803,0.018343650487666938,0.011488697713791544,0.007317719584242403,0.02194842312557088,0.015746175550559707,0.014801831886295672,0.013199385070534683,0.016881252393892644,0.017876280515238884,0.022683091102140722,0.0613246993025779,0.018324509281398713,0.016307645415048578,0.009305573594725822,0.020069008353712538,0.016235352589298528,0.0164739719003118,0.026620384245475838,0.02093138924027095,0.023569944915052453,0.0178882851644988,0.021741082135181028,0.014876393176802422,0.01129829569746085,0.010132072998599778,0.00909843130197889,0.008242988274785859
P5,0.019061173016411637,0.01679076265674188,0.019198987411976214,0.013423247099879309,0.017200193588034374,0.01942119072032416,0.023109045406168177,0.02209164267590073,0.014697138189771655,0.007233027649899013,0.017836876034265713,0.020613817194671803,0.018128159198927556,0.014358349263412395,0.008617929953782107,0.011919325514872674,0.01450155718263109,0.018946330427386103,0.015630152007255736,0.016304243802002696,0.019708823390317664,0.01670915272413396,0.017715768407093168,0.027610894628372733,0.011599331702954447,0.012781171129993852,0.01244203688657137,0.014386188396175888,0.013260553432093137,0.019157746688425806,0.019049514454610506,0.019154786827883914,0.01668131359137047,0.012175287677067902,0.013958488547872027,0.024352482819818357,0.01192141386092168,0.019650530581312005,0.019981311440538475,0.019019241658734788,0.06638089103510204,0.011527291986098653,0.02249324642042688,0.018759448121504776,0.014062889406652544,0.010327528959111106,0.02384909275999037,0.020410754317828114,0.019152007847708465,0.0156433727176762,0.0211365285663705,0.0206879452575766,0.014486067245795174,0.01483355487341367,0.01958927791176445,0.016260914732403285
PO7,0.017814798937652088,0.02585518415352677,0.009719944314875797,0.0123067911151445,0.017549483583734024,0.02206551816205145,0.020831711359010577,0.016027168935137722,0.028330400010852092,0.022453626749586602,0.009946862674669356,0.02011284858893538,0.012717899325363689,0.010842698781833263,0.027016046311178755,0.023087803976739235,0.023479954776087823,0.016722935648052217,0.017564977389651154,0.010915643427222153,0.019455768173575375,0.0232648737483046,0.017487797663495494,0.01281066929191314,0.025113032457337547,0.019843876761110518,0.019332685636528298,0.01739204626437589,0.019213741745771333,0.005619253027544322,0.017095839733100228,0.00981242497799526,0.013598145192133801,0.019778823670395188,0.01599281415282666,0.0181910701931769,0.019375124842466247,0.016646045225326547,0.016507854620268998,0.016046512083914968,0.012007024544438711,0.05686452588986038,0.01326768031302374,0.01030446582275356,0.01856801649003835,0.014366952984913854,0.013575145569449764,0.019224711167491706,0.020897053753155898,0.01401724139150321,0.021815889483003843,0.021619765866091215,0.009666535687217474,0.019259644556662743,0.007475689029157478,0.019128959768372103
POz,0.01624655707184241,0.02504224387455292,0.0239593837047744,0.017336239021928223,0.014981482277355851,0.015033936895218722,0.013637274831304683,0.0276606624280022,0.014269020414762294,0.014220342139569533,0.01548870600670425,0.014592202256820343,0.025104200257843805,0.018797781089264845,0.004079595168269444,0.008469946793037223,0.011850845476833186,0.01938023931000226,0.01969306666409388,0.020198828583376432,0.019493797588617606,0.018671797425089787,0.014019002166499973,0.01796664461282547,0.012231598271984575,0.019564890284820047,0.013004311072792197,0.016057886119343535,0.013318478419444179,0.022628332549315868,0.013068947441203805,0.0207131177280431,0.010955559902004152,0.016111924364777746,0.012101472812622945,0.02414768920475681,0.011855352724536219,0.023570347319249868,0.018283126492081716,0.009365719637888207,0.02369742734097431,0.013189449317631934,0.06550709557733263,0.014409378544584867,0.010764452599395532,0.012169885523704663,0.02204416888350163,0.026895380495029313,0.020580921371088183,0.01995112486771837,0.01490941504110951,0.018795588374166075,0.012555389201570063,0.01592568976238862,0.01733818810201602,0.024093894594333577
PO4,0.016408218991124116,0.01685278677732898,0.018462559614053208,0.019126585616146653,0.019155045967335173,0.014558336879680384,0.01875609617465193,0.02321410278396794,0.008203185246675106,0.0165007904567353,0.025363172810438102,0.013538511700339456,0.017993334333313626,0.022906388978327953,0.021326924990566147,0.008702206357171137,0.007543165680285454,0.015160613284331041,0.01663199308287247,0.01770062023207686,0.02086838353837001,0.025802089242215262,0.013567485070733947,0.02856340290362356,0.011997988313259626,0.011236252510333266,0.022941526722356123,0.013257613327164075,0.016375239185025835,0.023419587333865247,0.02244784752613181,0.026691737833830963,0.013640740956082135,0.009957311916165822,0.010860934173772797,0.01700731141943294,0.01750099061565725,0.01501441095379065,0.01437370696766399,0.020266620152925324,0.01878208914775458,0.010766204770231727,0.014820945711004719,0.0633858925581434,0.008787790989786683,0.015862244408538527,0.01895408087234763,0.016703604049496744,0.01500557562302111,0.013660056536345132,0.018882469905723356,0.01596498668348718,0.02139103610498881,0.01672024867262388,0.022489149643793664,0.013927803702891197
PO8,0.027598216934371797,0.020941402291560732,0.010996660299203665,0.010907764400129218,0.008780771625643332,0.019130965041869175,0.01589104114784602,0.01186571340608894,0.015592395143921273,0.012937405605853271,0.01721693140199788,0.021416495435918233,0.02119542710783759,0.019073334497053465,0.029102245462893882,0.020089087285939566,0.01867447437082393,0.005095328807583935,0.0228409086784374,0.023614474588608984,0.017468918608115926,0.013681397295703595,0.015740785959859574,0.018112003223218792,0.018489571560703792,0.016367305711809,0.013793449355570727,0.02216165854537403,0.015214826806436273,0.012772623164872196,0.013849388766448959,0.015678082013231433,0.022730720990618417,0.019907739981805048,0.019981415675442194,0.019988353449302776,0.019244534997563116,0.030615727842598164,0.01910950001501397,0.016100098300253655,0.014334109000099323,0.018278476798137343,0.011514337021050244,0.009097153912326997,0.061404867033975456,0.017216411687665877,0.016860308377036084,0.01771938791840716,0.01723974108656923,0.020234095834002912,0.017767391373930005,0.017176863901830416,0.012766031867232953,0.013984596987108775,0.008653672598449569,0.011783408804653736
P2,0.017249836512206136,0.017186254907572376,0.017772327756623088,0.01588456551756918,0.022752277672453768,0.012929418571363916,0.020365917913017242,0.022019375469219303,0.013510552659762635,0.0199923698123431,0.01629717921500059,0.008677520995807446,0.019733638019306485,0.017970302916118883,0.022263913264142086,0.024070986031663737,0.022463913315505197,0.01885426205265521,0.018673483657749654,0.016961561052949305,0.004481530190831539,0.012123501730650386,0.017494107614053712,0.023055191618283108,0.022837639211562816,0.016507323480742894,0.013703589058606434,0.02110605046184623,0.013608261100501666,0.022537283543751205,0.01217473643365416,0.02070807525098732,0.010277007775604526,0.0198580651551728,0.017501426857339967,0.013676781465787416,0.022708273315044512,0.012497227626708005,0.011395716083451385,0.0172717942420649,0.01111960973044106,0.015662252145580362,0.0134348908465741,0.01806545307884018,0.01824376209341974,0.060048099182641035,0.020070501005857624,0.012191844300552666,0.015305634116421246,0.023536058987925067,0.016150616553892043,0.015711195263641613,0.008137655191416782,0.018624896130455346,0.017220559539061122,0.025323732303605687
CPz,0.013155624568668046,0.013257668628091968,0.013608466365188334,0.014935322908721078,0.01566274154589372,0.016428015237368785,0.01760004631143075,0.02159162625767317,0.0141948508045476,0.011874228142820822,0.011147944589735207,0.0036407822091460533,0.018512426900584796,0.02197153890160183,0.012057033435036868,0.021080554647488287,0.014558191220805636,0.020893833315171986,0.019525829973484437,0.017791705259525625,0.018665095710290215,0.014437418273945735,0.016737041880062475,0.01541410137662998,0.016701967781773276,0.018753972794304602,0.025863742236024844,0.017759809396680107,0.013744676455631833,0.018445456939450076,0.013157781228433401,0.013248928480621845,0.019383660691584034,0.019482526515564272,0.013918741600377756,0.01723670589517271,0.01881549435182158,0.023855664977661548,0.018017303221822673,0.025750687860956738,0.022823646525734625,0.01283939014202172,0.021388559714503652,0.01753307635029603,0.015993788819875777,0.01696491001053358,0.062054195724819294,0.022234481130362138,0.024770202226580947,0.02021641513203298,0.0119648646071701,0.019427588445752063,0.014703652246558424,0.012643417874396136,0.01123909184192365,0.020323510315644184
TP8,0.017563645782389354,0.021404672488925844,0.026182661333075737,0.020836686919635874,0.016682258298647105,0.019622875809217254,0.02240039379212206,0.01608940727399205,0.01607330743333845,0.01509602346805223,0.017236540618571636,0.019420885842648457,0.01882335982348061,0.01673751121834533,0.016383787476220234,0.015845283262776372,0.017486186638755372,0.014360526016725291,0.016421509166495492,0.01060280219696377,0.020710665613899924,0.0204551758505752,0.021306760244298402,0.008468450523758282,0.02220334146020722,0.019758831478292885,0.02050633815007473,0.013562441419758013,0.015824245787468813,0.015659977511175274,0.01321163954920341,0.014147695578329782,0.017354058949737267,0.013659184915757256,0.010575014870028192,0.020663331294457916,0.011008856987216596,0.023940725692044296,0.015211526036134397,0.01768557646792661,0.018495932925489962,0.017811538679630794,0.024617785711961347,0.015571093521400483,0.015420528494472382,0.010216031759076207,0.02118982628744687,0.060267803383703245,0.017879969568412125,0.01641157480315581,0.01638846247073302,0.019152218110240624,0.017697263954208585,0.00991872968527753,0.014069067686067605,0.013708009718000392
C6,0.015328575729372225,0.018900176641242772,0.014770598843094576,0.014054834345737323,0.019298739161670325,0.019381065115709546,0.020049691733011656,0.023336329298707843,0.01656712903902305,0.016068391872027733,0.02163244810811917,0.013889521093429755,0.01540647751856834,0.020443168744366982,0.01369735878575132,0.01974230349630953,0.01904143824825208,0.018565787316013653,0.014092971862950138,0.00958659509067303,0.021413946056142864,0.018440899679918514,0.011572338151051204,0.010785536161496672,0.017526769922113113,0.0190481505120948,0.023001126596093484,0.012149129140398757,0.01807671185608979,0.014570249549959051,0.022687026095548644,0.01102041218438715,0.01953656462778954,0.013818483601232478,0.011822113423241484,0.014442260437479057,0.015897841077491814,0.017364558146190402,0.01606381567402851,0.02159497193513548,0.019991265391114565,0.019431152438993425,0.020524681321020956,0.0143360348712977,0.016357118038816072,0.013462482762860842,0.02497802132678545,0.019864241689175936,0.06436474177183636,0.015509753641520959,0.015829091684294153,0.019391540200166243,0.01093137396650521,0.017182057545583416,0.013660695990152873,0.01949924048796197
C2,0.02131886115760071,0.023515418248851082,0.018053478776524946,0.011055094585388402,0.010542525721554102,0.016412203027821464,0.015584586615094567,0.023847080454861513,0.01570058330638789,0.022016103178053144,0.015788245219949763,0.014035714362191419,0.023524213119132102,0.014185074202702947,0.019641430844328962,0.01940664604639225,0.013874213776835443,0.014225836514527138,0.021742372400198107,0.014546466894119857,0.012799385032079098,0.013260025922688962,0.00922411730858003,0.024340243246227918,0.016214127253666392,0.014872966893660994,0.007667291433857528,0.022034668002059374,0.010394561588717604,0.01573910866207539,0.01442586245557061,0.013130626613858696,0.011473998080729873,0.017367402417472762,0.020164744745332676,0.021017350061227593,0.018272490165805483,0.01898732192681995,0.011158109283375614,0.019195167654700238,0.016014655771836285,0.01493843131940491,0.021184299642301153,0.014952809020386051,0.02143067072586894,0.022670212095562157,0.02291463301224154,0.01829189623827338,0.016466922416395965,0.0629280998705701,0.02340039664100196,0.01880781097667111,0.01612828167201038,0.014231973804440629,0.015344352821440272,0.01953883677057258
FC4,0.017087814187778865,0.019717483772587977,0.01643791924611423,0.012112405909650698,0.014046433961658264,0.026186595059784747,0.02324837248539121,0.016374120499871116,0.019574290259560482,0.020930449732993003,0.021355239507835765,0.020515484496409962,0.014000565865631212,0.015463936046768968,0.022050941793082382,0.014657829210990637,0.01734073529552159,0.012786002983812945,0.021243914991707292,0.018485727948815197,0.020298606946434566,0.021738274995074712,0.011977318508579547,0.021931450412552497,0.012228642694909031,0.003965442273460641,0.007899753258283813,0.01854958744750338,0.01945559733973722,0.011026299733470343,0.01853976290924366,0.015297838861950484,0.011820186648869094,0.019393395514907347,0.016363436748459706,0.01742338465757752,0.014149530860940257,0.01517257599913905,0.010446035772775442,0.021988739968252506,0.021744844938062884,0.022793310635062666,0.0156538568689752,0.01906353577494517,0.018454657412622796,0.01479776812874658,0.013117459645188363,0.018642061347819032,0.0177532443975397,0.022055854062212242,0.061315759097461675,0.025463137586062348,0.012883389153258457,0.021443660352173245,0.013948188579061063,0.007587147212721215
FT8,0.019432221329352066,0.01583812978106741,0.01470257952135904,0.013226962577881972,0.011806909540332384,0.027300962688708817,0.01903124414109284,0.017853071576614546,0.021643747993919042,0.013870944441228224,0.014090951660906681,0.019956143728608072,0.01872599231187453,0.019788115361184862,0.02015540189690944,0.013497187104924872,0.017450970186339582,0.016650564907086916,0.01703304144800052,0.012518060261122916,0.017435355285900504,0.02059119393971905,0.017722743810648263,0.015252385122930163,0.012440410654177579,0.005177251249944453,0.013203540227223358,0.009150234285470477,0.006197663748875577,0.013951267347455082,0.017408347881569655,0.014723328572736137,0.014215021073919204,0.017772748670387688,0.014687177068544987,0.01865502595313299,0.014107690763361495,0.02185862106265948,0.017888098878789956,0.016345100630243584,0.023138989786757467,0.022350189459021598,0.02014492114740838,0.016969882539478523,0.01704218554786082,0.015244365225085602,0.02179011555557444,0.02189477256685063,0.02192979986902604,0.01776649031743393,0.026464405905265,0.06291046872850628,0.01855550309279482,0.016684043111996547,0.02189878251577291,0.01185867594496261
F6,0.01741997364506571,0.012875233292593598,0.030393208288414193,0.029199219975086392,0.021715061895660193,0.015975287822805016,0.012781724967906003,0.020107492757108523,0.014362024552207673,0.015295128198489613,0.02081507763459705,0.015912652370302576,0.02279171994906243,0.01980554805976454,0.019632477585360603,0.017613574134618712,0.017678611799077926,0.01484064304189075,0.0273010944032821,0.018581887980229972,0.026009104739199408,0.021106679474904938,0.014642393827347333,0.01855028109883581,0.016588163269627563,0.013140766684629875,0.013851643482207306,0.011349784214638173,0.006580570500427905,0.021581850345575984,0.013250000600552989,0.014199141235916698,0.025647972208365018,0.0140692216059214,0.008313410543984457,0.015409166538326267,0.01569162662757645,0.020551946454517543,0.01580446386143472,0.013703440350096591,0.017061087627264965,0.010747095925928596,0.014871360215152781,0.027322669825486416,0.014241246673270081,0.009499458212232935,0.018203828752181676,0.021750427793912633,0.012809150221079126,0.017438257147181124,0.01581240450651404,0.02107596230164291,0.06322219277288305,0.003687906935817612,0.014256082556373464,0.0128615985154686
AF8,0.01650959930251985,0.01571172234194816,0.00516376357101796,0.009552070320136653,0.021211126632029575,0.01008530366744087,0.02170720251253698,0.016851456815197476,0.017899030629921684,0.019494156258093406,0.014245495977117262,0.021372608948426276,0.018997242653623805,0.02142761214015457,0.018545588188480133,0.01367241562819024,0.015172062770039216,0.018759384161779136,0.00805636929905696,0.01416496424990946,0.013940795931236443,0.014767309824094722,0.0164141208161971,0.0233712309365992,0.018603909208006066,0.015351181380376853,0.015065374214380263,0.01508011154250466,0.022758303586049376,0.017362688885810378,0.03311572424631518,0.03197951703185406,0.00668167529977952,0.017512751701880318,0.018603909208006066,0.01788719226761383,0.02017413459366993,0.012032449722673687,0.015451024849449982,0.012029341325866597,0.017171522482174337,0.023467128284903042,0.01709741697957126,0.01756090980702279,0.017064833926515383,0.020320460719961138,0.015656928581210417,0.012676317746406143,0.021570829869638687,0.012705164109683286,0.02393062111235457,0.018648958916341447,0.0031350386336245996,0.06515335286670462,0.01817135705373717,0.018887236270167213
AF4,0.01420185482630609,0.014555972542225917,0.02512826964383494,0.019429636223261267,0.020822935060808515,0.011288450803723437,0.01227376234901759,0.024612834591261422,0.0074239548326660455,0.015290800692956338,0.020703071452697265,0.02445875138633076,0.017780672275082482,0.02378541968986226,0.01869167877211826,0.006905390479679945,0.01204987167334462,0.025319701745997597,0.014644061715378598,0.008627582591359735,0.011600430652549088,0.014421932063014734,0.019041298910522027,0.0303677827500292,0.004594142405720007,0.011271537378416543,0.017502912023076245,0.005148978771180739,0.012112445012363905,0.0391681229949356,0.021655240285929373,0.02845973299846018,0.008712251071753718,0.01512254061692574,0.010440309038053052,0.01710665644006224,0.015804183329874634,0.019568174279988516,0.012093086425196164,0.011998054512666572,0.024515750263076612,0.009067052926225286,0.02080015578088208,0.02780331472729857,0.010711519296888006,0.021940526062004743,0.014702821615433558,0.01816451201030566,0.01731324094422269,0.017299064073122754,0.017067255127175024,0.02583650507567459,0.01392790801326418,0.020179325383643365,0.06474241296680737,0.01174415042534414
FCz,0.0124039556900974,0.024608745827668976,0.013956760222031506,0.015780779537718646,0.017546297874497734,0.007312310191794554,0.017979155170943357,0.02084308089505374,0.018954442034895054,0.021091444709457417,0.020045045129415778,0.01494996574227628,0.021666277700712985,0.014133636714290333,0.012548803364661638,0.02358806919673099,0.017546485177525186,0.0239845272715081,0.01796772968626868,0.016292741146092242,0.014350908226136688,0.016567577121709382,0.017268028010043936,0.015354415412891419,0.023764758385962363,0.026610203544697307,0.014390366730586947,0.02019619867257096,0.01494996574227628,0.011977591565270174,0.012357254801918932,0.01564317424688262,0.009056663286471364,0.016954295439058898,0.018055387503117033,0.022608973837887732,0.019542823278469776,0.016257278439561,0.01689691827831557,0.009479218916407035,0.01749522658234534,0.019593894570622168,0.026118283360261264,0.014375320054048162,0.012865969824483327,0.02318649150587014,0.023302182342494072,0.015488024905808428,0.020225542813538715,0.0198456922738625,0.007174892203985984,0.011688832731278968,0.011342322130489524,0.01819680128884462,0.009897778748423689,0.06372048993976709
