,Fp1,Fz,F3,F7,FT9,FC5,FC1,C3,T7,TP9,CP5,CP1,Pz,P3,P7,O1,Oz,O2,TP10,CP6,CP2,Cz,C4,T8,FT10,FC6,FC2,F4,F8,Fp2,AF7,AF3,AFz,F1,F5,FT7,FC3,C1,C5,TP7,CP3,P1,P5,PO7,PO3,POz,PO4,PO8,P2,CPz,CP4,TP8,C6,C2,FC4,FT8,F6,AF8,AF4,F2,FCz
Fp1,0.016831367012873518,0.016352391516251556,0.01657927464623038,0.016730530066216262,0.016747336223992472,0.016117105307384624,0.016738933145104367,0.016713723908440052,0.01657927464623038,0.016738933145104367,0.016747336223992472,0.016831367012873518,0.01548687439077678,0.016772545460656783,0.016806157776209203,0.016822963933985413,0.01676414238176868,0.0,0.016688514671775737,0.016696917750663842,0.01678094853954489,0.016705320829551947,0.01667170851399953,0.016738933145104367,0.016814560855097308,0.016688514671775737,0.01676414238176868,0.016696917750663842,0.016713723908440052,0.01678094853954489,0.016554065409566065,0.016797754697321098,0.01663809619844711,0.016730530066216262,0.016755739302880577,0.01665490235622332,0.016772545460656783,0.016738933145104367,0.016814560855097308,0.01657927464623038,0.016386003831803973,0.0166212900406709,0.016730530066216262,0.016755739302880577,0.016730530066216262,0.016570871567342275,0.016747336223992472,0.016738933145104367,0.016041477597391683,0.016629693119559006,0.016806157776209203,0.016789351618432993,0.016789351618432993,0.016705320829551947,0.01678094853954489,0.01650364693623744,0.016688514671775737,0.0166212900406709,0.016688514671775737,0.016747336223992472,0.016789351618432993
Fz,0.016615028429403152,0.016921453134043786,0.016870382349937013,0.016666099213509925,0.01664056382145654,0.016717169997616698,0.016598004834700895,0.01652139865854074,0.01681079976847911,0.016495863266487353,0.016598004834700895,0.01663205202410541,0.0156191481393211,0.016615028429403152,0.01663205202410541,0.016666099213509925,0.016725681794967827,0.0,0.01650437506383848,0.016776752579074596,0.016546934050594122,0.016785264376425725,0.016785264376425725,0.016734193592318956,0.016615028429403152,0.016793776173776854,0.01670014640291444,0.016793776173776854,0.01651288686118961,0.016725681794967827,0.016768240781723467,0.016649075618807668,0.016393721698273807,0.01674270538967008,0.01652139865854074,0.016836335160532498,0.01669163460556331,0.016768240781723467,0.016589493037349766,0.016929964931394915,0.016921453134043786,0.016674611010861054,0.016776752579074596,0.01670014640291444,0.016785264376425725,0.016351162711518163,0.016734193592318956,0.016734193592318956,0.01637669810357155,0.01664056382145654,0.01657246944264751,0.016649075618807668,0.016674611010861054,0.016785264376425725,0.016674611010861054,0.016929964931394915,0.016793776173776854,0.01675121718702121,0.016734193592318956,0.01656395764529638,0.016666099213509925
F3,0.016660919588565276,0.01665250923036812,0.01686276818529701,0.016686150663156745,0.016660919588565276,0.016433839917242076,0.016627278155776654,0.016568405648396567,0.01675343352873399,0.01653476421560794,0.016627278155776654,0.01667774030495959,0.015483469440963491,0.01665250923036812,0.01667774030495959,0.016702971379551054,0.016761843886931145,0.0,0.01653476421560794,0.016795485319719767,0.016593636722988032,0.016820716394311232,0.01681230603611408,0.0167702542451283,0.01665250923036812,0.01682912675250839,0.016736612812339676,0.01681230603611408,0.016551584932002254,0.016745023170536832,0.016694561021353898,0.016686150663156745,0.01642542955904492,0.01678707496152261,0.016568405648396567,0.0168459474689027,0.016719792095945367,0.01681230603611408,0.016627278155776654,0.016795485319719767,0.01667774030495959,0.016660919588565276,0.016820716394311232,0.016736612812339676,0.01681230603611408,0.016374967409861985,0.0167702542451283,0.0167702542451283,0.016265632753298963,0.016627278155776654,0.01661045743938234,0.01667774030495959,0.016702971379551054,0.01678707496152261,0.01671138173774821,0.016778664603325454,0.016803895677916923,0.016686150663156745,0.016761843886931145,0.016593636722988032,0.016728202454142523
F7,0.016723080532189415,0.01639632695465666,0.01661416267301183,0.01680686350078756,0.016781728610208116,0.0161868695331613,0.016723080532189415,0.01667281075103053,0.016647675860451086,0.0166560541573109,0.01674821542276886,0.016756593719628673,0.015508227487516337,0.01674821542276886,0.0167733503133483,0.0167733503133483,0.01680686350078756,0.0,0.016681189047890344,0.016756593719628673,0.016681189047890344,0.01674821542276886,0.01673145882904923,0.01679010690706793,0.0167147022353296,0.016723080532189415,0.016781728610208116,0.016764972016488487,0.016681189047890344,0.016756593719628673,0.01663929756359127,0.0167733503133483,0.016538758001273503,0.016764972016488487,0.016681189047890344,0.016664432454170715,0.01679010690706793,0.016764972016488487,0.01673145882904923,0.016630919266731457,0.01643821843895573,0.016547136298133317,0.016756593719628673,0.016798485203927745,0.016756593719628673,0.01645497503267536,0.016798485203927745,0.01679010690706793,0.01609470826770334,0.016563892891852946,0.016689567344750158,0.016764972016488487,0.016798485203927745,0.016781728610208116,0.016798485203927745,0.016522001407553874,0.01673145882904923,0.01653037970441369,0.016764972016488487,0.016723080532189415,0.016781728610208116
FT9,0.01674177387276252,0.016372531742235425,0.01662428774032208,0.016766949472571183,0.016808908805585627,0.016162735077163214,0.016724990139556743,0.016708206406350963,0.01663267960692497,0.0166830308065423,0.016750165739365407,0.016800516938982737,0.015499777615535023,0.016766949472571183,0.016800516938982737,0.016775341339174073,0.01678373320577696,0.0,0.016699814539748076,0.016724990139556743,0.016716598272953853,0.01673338200615963,0.016708206406350963,0.01678373320577696,0.01673338200615963,0.016716598272953853,0.016758557605968297,0.01673338200615963,0.016699814539748076,0.01674177387276252,0.01662428774032208,0.01679212507237985,0.01657393654070475,0.016758557605968297,0.016724990139556743,0.016649463340130746,0.016766949472571183,0.016758557605968297,0.016766949472571183,0.016590720273910526,0.01641449107524987,0.016582328407307636,0.01674177387276252,0.01678373320577696,0.01673338200615963,0.016506801607881642,0.016775341339174073,0.016766949472571183,0.016103992010942994,0.016590720273910526,0.016724990139556743,0.016775341339174073,0.016800516938982737,0.016724990139556743,0.01678373320577696,0.016506801607881642,0.016716598272953853,0.01652358534108742,0.01674177387276252,0.016750165739365407,0.01679212507237985
FC5,0.01658786140609255,0.01694097787423886,0.016880689696750467,0.016691212567501227,0.01663953698679689,0.01696681566459103,0.01661369919644472,0.016510348035036045,0.016820401519262073,0.016475897647899817,0.01658786140609255,0.01661369919644472,0.015786889905175308,0.01659647400287661,0.01661369919644472,0.016648149583580945,0.016717050357853397,0.0,0.016501735438251987,0.01678595113212585,0.0165189606318201,0.01678595113212585,0.01678595113212585,0.01672566295463745,0.016579248809308493,0.01678595113212585,0.016691212567501227,0.01680317632569396,0.016501735438251987,0.016717050357853397,0.01680317632569396,0.016630924390012833,0.016363933889707086,0.01673427555142151,0.016501735438251987,0.016829014116046127,0.016673987373933115,0.016768725938557733,0.01656202361574038,0.01691514008388669,0.01696681566459103,0.01663953698679689,0.016768725938557733,0.016699825164285285,0.01677733853534179,0.016312258309002747,0.01672566295463745,0.01672566295463745,0.016510348035036045,0.016605086599660663,0.016536185825388214,0.016630924390012833,0.016656762180365003,0.01680317632569396,0.016665374777149057,0.01689791489031858,0.016794563728909903,0.016699825164285285,0.01672566295463745,0.01654479842217227,0.016656762180365003
FC1,0.016748743634132812,0.016353765736087534,0.01658066793283695,0.016757147419197607,0.016731936064003226,0.0161520748945325,0.016866396625039918,0.016656301998420088,0.01660587928803133,0.016757147419197607,0.016731936064003226,0.01681597391465116,0.015513387229608216,0.016757147419197607,0.016757147419197607,0.01679076255945678,0.01679076255945678,0.0,0.016647898213355296,0.016706724708808848,0.01671512849387364,0.01671512849387364,0.016706724708808848,0.0167655512042624,0.016807570129586367,0.01668991713867926,0.01679076255945678,0.01671512849387364,0.01668991713867926,0.01679076255945678,0.01663109064322571,0.0167655512042624,0.016572264147772155,0.01674033984906802,0.016723532278938434,0.016664705783484883,0.016782358774391985,0.016723532278938434,0.0167655512042624,0.01658066793283695,0.016412592231541085,0.01663109064322571,0.016731936064003226,0.016782358774391985,0.01674033984906802,0.01653024522244819,0.016773954989327194,0.0167655512042624,0.016126863539338118,0.0166394944282905,0.01671512849387364,0.01681597391465116,0.0167655512042624,0.016731936064003226,0.0167655512042624,0.016496630082189018,0.016723532278938434,0.016622686858160915,0.016723532278938434,0.016706724708808848,0.01674033984906802
C3,0.016759635102405926,0.016337690613422898,0.016582418417033055,0.016734318433066945,0.016759635102405926,0.016118279479151724,0.016709001763727964,0.01680182955130423,0.016573979527253393,0.01676807399218559,0.016759635102405926,0.01678495177174491,0.0155022405252365,0.016776512881965248,0.01681026844108389,0.01678495177174491,0.016759635102405926,0.0,0.01679339066152457,0.016683685094388983,0.01680182955130423,0.016692123984168642,0.01666680731482966,0.016734318433066945,0.016751196212626267,0.016683685094388983,0.016742757322846608,0.016683685094388983,0.01680182955130423,0.016717440653507623,0.016557101747694074,0.01678495177174491,0.016692123984168642,0.016725879543287286,0.01681870733086355,0.01664149064549068,0.01676807399218559,0.016742757322846608,0.01681026844108389,0.016548662857914412,0.0163798850623212,0.01662461286593136,0.016717440653507623,0.016742757322846608,0.016725879543287286,0.01662461286593136,0.016742757322846608,0.016734318433066945,0.01606764614047376,0.016633051755711017,0.01679339066152457,0.016759635102405926,0.016776512881965248,0.016692123984168642,0.016776512881965248,0.016489590629456787,0.01667524620460932,0.016557101747694074,0.016717440653507623,0.01681026844108389,0.01679339066152457
T7,0.016651411969199507,0.01659263240097742,0.01681935359269118,0.016743779862119928,0.016701794456247008,0.01640789661513658,0.016643014888024922,0.01656744115745367,0.016852941917389515,0.016517058670406166,0.016643014888024922,0.016676603212723257,0.015584982660027374,0.016651411969199507,0.016668206131548673,0.016710191537421593,0.016777368186818263,0.0,0.016533852832755335,0.01683614775504035,0.01657583823862825,0.01683614775504035,0.01683614775504035,0.016785765267992844,0.016643014888024922,0.016827750673865764,0.016752176943294513,0.0168613389985641,0.0165506469951045,0.01676897110564368,0.016777368186818263,0.016685000293897842,0.016416293696311163,0.01679416234916743,0.01656744115745367,0.0168109565115166,0.016718588618596177,0.0168109565115166,0.01661782364450117,0.01676897110564368,0.01661782364450117,0.01656744115745367,0.01681935359269118,0.016760574024469094,0.01681935359269118,0.016332322884565324,0.016785765267992844,0.016785765267992844,0.016172778342248235,0.01657583823862825,0.016584235319802836,0.016693397375072423,0.016718588618596177,0.016852941917389515,0.016710191537421593,0.016701794456247008,0.01683614775504035,0.016601029482152006,0.016777368186818263,0.01659263240097742,0.016710191537421593
TP9,0.01678839521201055,0.01633191316697099,0.016560154189490767,0.016720768242375058,0.016737674984783932,0.016103672144451207,0.01676303509839724,0.016737674984783932,0.016551700818286334,0.016864475552850478,0.016754581727192804,0.016813755325623857,0.015469669304118482,0.016779941840806112,0.016805301954419424,0.01678839521201055,0.01674612835598837,0.0,0.016737674984783932,0.01667004801514844,0.016805301954419424,0.01667850138635288,0.016653141272739567,0.016720768242375058,0.016830662068032732,0.01667004801514844,0.016737674984783932,0.01667004801514844,0.01674612835598837,0.01674612835598837,0.01653479407587746,0.01678839521201055,0.01667004801514844,0.016712314871170624,0.016796848583214986,0.01662778115912626,0.01676303509839724,0.016720768242375058,0.01683911543923717,0.016543247447081896,0.01637418002299317,0.016686954757557312,0.016703861499966187,0.016729221613579495,0.016712314871170624,0.016712314871170624,0.016729221613579495,0.016720768242375058,0.016103672144451207,0.016720768242375058,0.016796848583214986,0.016771488469601678,0.016779941840806112,0.01667850138635288,0.016771488469601678,0.016484073848650842,0.016661594643944004,0.016644687901535133,0.01669540812876175,0.016771488469601678,0.016771488469601678
CP5,0.01676414238176868,0.01634398843736345,0.01657927464623038,0.016747336223992472,0.016772545460656783,0.01612550838627273,0.016738933145104367,0.016738933145104367,0.016587677725118485,0.016747336223992472,0.016772545460656783,0.016806157776209203,0.01548687439077678,0.016789351618432993,0.016831367012873518,0.016789351618432993,0.01678094853954489,0.0,0.016713723908440052,0.016705320829551947,0.016755739302880577,0.016713723908440052,0.016688514671775737,0.016755739302880577,0.01676414238176868,0.016696917750663842,0.01676414238176868,0.016705320829551947,0.016755739302880577,0.016722126987328157,0.016570871567342275,0.016806157776209203,0.0166212900406709,0.016738933145104367,0.01676414238176868,0.016663305435111426,0.01678094853954489,0.016738933145104367,0.016814560855097308,0.016570871567342275,0.016386003831803973,0.01657927464623038,0.016730530066216262,0.01676414238176868,0.016738933145104367,0.01652885617290175,0.01676414238176868,0.016755739302880577,0.016075089912944103,0.016587677725118485,0.016755739302880577,0.01678094853954489,0.016789351618432993,0.016713723908440052,0.016797754697321098,0.016495243857349334,0.016696917750663842,0.016554065409566065,0.016722126987328157,0.01678094853954489,0.016789351618432993
CP1,0.01678423741182194,0.016339677400414362,0.01657453929323346,0.016742297788104245,0.016742297788104245,0.016113203432338807,0.01678423741182194,0.01668358231489947,0.01659131514272054,0.016733909863360708,0.016733909863360708,0.016842952885026716,0.015467333227086287,0.016767461562334864,0.01680940118605256,0.01680940118605256,0.0167758494870784,0.0,0.016658418540668855,0.01669197023964301,0.016767461562334864,0.016700358164386548,0.01668358231489947,0.016759073637591323,0.016851340809770254,0.01669197023964301,0.016767461562334864,0.016700358164386548,0.016700358164386548,0.016767461562334864,0.01657453929323346,0.01680101326130902,0.01659970306746408,0.016733909863360708,0.016759073637591323,0.016650030615925314,0.0167758494870784,0.016742297788104245,0.01680101326130902,0.01657453929323346,0.01638161702413206,0.016650030615925314,0.016725521938617167,0.016767461562334864,0.016725521938617167,0.016557763443746383,0.016759073637591323,0.016750685712847786,0.01606287588387757,0.016658418540668855,0.0167758494870784,0.01680101326130902,0.01680940118605256,0.01670874608913009,0.01679262533656548,0.016490660045798067,0.016700358164386548,0.016624866841694695,0.016700358164386548,0.016717134013873626,0.01679262533656548
Pz,0.016682071484336442,0.01661028204276856,0.01666412412394447,0.016753860925904324,0.016717966205120383,0.01659233468237659,0.016708992524924398,0.01661028204276856,0.016798729326884247,0.016565413641788634,0.016682071484336442,0.016691045164532427,0.017884544630598454,0.016708992524924398,0.0166461767635525,0.016717966205120383,0.016708992524924398,0.0,0.016601308362572575,0.016708992524924398,0.016637203083356516,0.016708992524924398,0.016708992524924398,0.016700018844728413,0.016619255722964545,0.016682071484336442,0.016708992524924398,0.016717966205120383,0.016601308362572575,0.01674488724570834,0.016825650367472203,0.01666412412394447,0.01647567683982878,0.016682071484336442,0.016619255722964545,0.01666412412394447,0.016691045164532427,0.016691045164532427,0.016655150443748486,0.016691045164532427,0.016583361002180604,0.01635004531708499,0.016673097804140457,0.01672693988531637,0.016682071484336442,0.01631415059630105,0.016700018844728413,0.016700018844728413,0.016098782271597403,0.016359018997280976,0.016655150443748486,0.016691045164532427,0.016682071484336442,0.016735913565512354,0.016691045164532427,0.016619255722964545,0.016717966205120383,0.016511571560612722,0.016673097804140457,0.0166461767635525,0.0166461767635525
P3,0.01677595949588158,0.016339347937430204,0.01657444646890402,0.016750770367509382,0.016767563119757512,0.016112645782080454,0.01674237399138532,0.01672558123913719,0.01659123922115215,0.016733977615261252,0.016767563119757512,0.016826337752625965,0.01549971032502372,0.016801148624253772,0.016826337752625965,0.016801148624253772,0.01677595949588158,0.0,0.01669199573464093,0.01669199573464093,0.016784355872005642,0.016700392110764992,0.016683599358516866,0.01675916674363345,0.01679275224812971,0.01669199573464093,0.016767563119757512,0.016700392110764992,0.016733977615261252,0.016750770367509382,0.01657444646890402,0.016809545000377835,0.01660803197340028,0.016733977615261252,0.016784355872005642,0.016650013854020606,0.01677595949588158,0.016733977615261252,0.016826337752625965,0.01657444646890402,0.01638132981805053,0.016599635597276216,0.01672558123913719,0.016767563119757512,0.01672558123913719,0.016532464588283696,0.01675916674363345,0.016750770367509382,0.016045474773087934,0.01660803197340028,0.016767563119757512,0.01679275224812971,0.016801148624253772,0.01670878848688906,0.01679275224812971,0.016490482707663373,0.016700392110764992,0.016566050092779956,0.01670878848688906,0.01675916674363345,0.016784355872005642
P7,0.016765501369126613,0.016362322979488298,0.016597510373443983,0.016731903169990087,0.016757101819342483,0.016135535135316747,0.016748702269558352,0.016706704520637695,0.016589110823659853,0.01674030271977422,0.016731903169990087,0.016815898667831404,0.015446772053017959,0.016748702269558352,0.016815898667831404,0.01679070001847901,0.016765501369126613,0.0,0.0166815058712853,0.01669830497085356,0.016765501369126613,0.016706704520637695,0.0166815058712853,0.016748702269558352,0.016807499118047273,0.01669830497085356,0.016748702269558352,0.01669830497085356,0.016715104070421826,0.016731903169990087,0.016572311724091588,0.016799099568263143,0.016597510373443983,0.01674030271977422,0.016757101819342483,0.016656307221932905,0.016773900918910747,0.016765501369126613,0.016799099568263143,0.016572311724091588,0.016404320728408958,0.016664706771717035,0.016731903169990087,0.016748702269558352,0.01674030271977422,0.01658071127387572,0.016757101819342483,0.016748702269558352,0.01609353738639609,0.016673106321501166,0.016765501369126613,0.016765501369126613,0.016799099568263143,0.016706704520637695,0.016782300468694878,0.016513514875602667,0.01668990542106943,0.016597510373443983,0.016723503620205957,0.016731903169990087,0.016815898667831404
O1,0.016780885038789564,0.016353613377791926,0.016588193897555337,0.01673061778455455,0.01672223990884871,0.016127410733734353,0.016755751411672057,0.01668035053031953,0.016588193897555337,0.016713862033142877,0.01673061778455455,0.016839530168730417,0.015473936428679145,0.01677250716308373,0.016797640790201237,0.016822774417318744,0.016780885038789564,0.0,0.01666359477890786,0.01670548415743704,0.01677250716308373,0.016713862033142877,0.01668872840602537,0.016755751411672057,0.01680601866590707,0.01670548415743704,0.016780885038789564,0.01670548415743704,0.01668872840602537,0.016780885038789564,0.016571438146143664,0.01680601866590707,0.016613327524672844,0.01674737353596622,0.01674737353596622,0.01666359477890786,0.016797640790201237,0.016755751411672057,0.01680601866590707,0.0165798160218495,0.016395502756321106,0.016613327524672844,0.016738995660260384,0.01677250716308373,0.016738995660260384,0.016504415140496977,0.01676412928737789,0.016755751411672057,0.016043631976675993,0.01662170540037868,0.01677250716308373,0.01680601866590707,0.01680601866590707,0.016713862033142877,0.016797640790201237,0.016504415140496977,0.016697106281731204,0.01660494964896701,0.016713862033142877,0.01672223990884871,0.016797640790201237
Oz,0.01671518923802831,0.016397282736003747,0.016639895592811968,0.016723555198607905,0.016723555198607905,0.01617976776093431,0.01671518923802831,0.016656627513971154,0.016639895592811968,0.01664826155339156,0.016706823277448716,0.016765385001505873,0.01544356322993006,0.01674028711976709,0.016782116922665062,0.016773750962085467,0.016807214804403843,0.0,0.016631529632232373,0.016748653080346686,0.01669009135628953,0.016757019040926278,0.016731921159187497,0.016798848843824248,0.016731921159187497,0.016748653080346686,0.016782116922665062,0.016748653080346686,0.01666499347455075,0.016765385001505873,0.01662316367165278,0.016782116922665062,0.01653113810527725,0.016790482883244653,0.01669009135628953,0.016698457316869125,0.016782116922665062,0.016798848843824248,0.016748653080346686,0.016614797711073187,0.016439112538901717,0.016606431750493592,0.016782116922665062,0.016773750962085467,0.016782116922665062,0.016455844460060903,0.016807214804403843,0.016798848843824248,0.016096108155138372,0.016614797711073187,0.016698457316869125,0.016765385001505873,0.016782116922665062,0.016757019040926278,0.016782116922665062,0.016547870026436436,0.01674028711976709,0.016589699829334403,0.016765385001505873,0.016698457316869125,0.016798848843824248
O2,0.0,0.0,0.0,0.0,0.0,0.0,0.0,0.0,0.0,0.0,0.0,0.0,0.0,0.0,0.0,0.0,0.0,1.0,0.0,0.0,0.0,0.0,0.0,0.0,0.0,0.0,0.0,0.0,0.0,0.0,0.0,0.0,0.0,0.0,0.0,0.0,0.0,0.0,0.0,0.0,0.0,0.0,0.0,0.0,0.0,0.0,0.0,0.0,0.0,0.0,0.0,0.0,0.0,0.0,0.0,0.0,0.0,0.0,0.0,0.0,0.0
TP10,0.016763411151386107,0.016349395452586752,0.016569077251949674,0.016729613951484118,0.01675496185141061,0.016121264353248333,0.016729613951484118,0.016805657651263593,0.016569077251949674,0.0167887590513126,0.01675496185141061,0.0167887590513126,0.015512914755012546,0.0167803097513371,0.016797208351288097,0.016771860451361604,0.01675496185141061,0.0,0.016822556251214586,0.016678918151631136,0.016797208351288097,0.016687367451606636,0.016662019551680143,0.016729613951484118,0.016763411151386107,0.01667046885165564,0.016738063251459618,0.016678918151631136,0.016797208351288097,0.016729613951484118,0.01655217865199868,0.0167803097513371,0.016729613951484118,0.016712715351533125,0.01681410695123909,0.016619773051802657,0.016763411151386107,0.016729613951484118,0.016831005551190083,0.01655217865199868,0.016391641952464238,0.016619773051802657,0.01670426605155763,0.016738063251459618,0.016712715351533125,0.016628222351778157,0.016738063251459618,0.016729613951484118,0.016095916453321844,0.016636671651753653,0.016805657651263593,0.01675496185141061,0.0167803097513371,0.016687367451606636,0.0167803097513371,0.0165014828521457,0.016662019551680143,0.016543729352023185,0.016712715351533125,0.016822556251214586,0.016771860451361604
CP6,0.016675037669512806,0.016474133601205424,0.016716892683743514,0.016725263686589654,0.016725263686589654,0.016256487527205758,0.016666666666666666,0.01660806964674368,0.01670852168089737,0.016582956638205255,0.01668340867235895,0.016716892683743514,0.015452871253976227,0.01670015067805123,0.016725263686589654,0.016742005692281934,0.01680060271220492,0.0,0.01659969864389754,0.01680060271220492,0.016633182655282103,0.016817344717897205,0.01679223170935878,0.01679223170935878,0.016675037669512806,0.01679223170935878,0.016775489703666498,0.01680897371505106,0.01659969864389754,0.016758747697974218,0.01668340867235895,0.016742005692281934,0.016474133601205424,0.01680897371505106,0.016616440649589823,0.016742005692281934,0.016767118700820358,0.016817344717897205,0.016675037669512806,0.01668340867235895,0.016515988615436128,0.01659969864389754,0.016834086723589485,0.01678386070651264,0.016817344717897205,0.016390423572744013,0.01680897371505106,0.01680060271220492,0.016156035493052067,0.01660806964674368,0.016649924660974386,0.016716892683743514,0.016758747697974218,0.01680897371505106,0.016758747697974218,0.016616440649589823,0.01678386070651264,0.01659969864389754,0.016767118700820358,0.016649924660974386,0.016758747697974218
CP2,0.01678115386236251,0.016334443086518605,0.016562012727042857,0.016722154325930296,0.016730582831134898,0.01609844494078975,0.0167390113363395,0.0167390113363395,0.016553584221838256,0.016789582367567113,0.0167474398415441,0.01682329638838552,0.015491592566058409,0.01678115386236251,0.016806439377976316,0.016789582367567113,0.0167474398415441,0.0,0.016730582831134898,0.016671583294702686,0.016857010409203926,0.016680011799907288,0.01665472628429348,0.016722154325930296,0.01683172489359012,0.016671583294702686,0.0167390113363395,0.016671583294702686,0.0167474398415441,0.016730582831134898,0.016536727211429052,0.016789582367567113,0.016646297779088878,0.016713725820725694,0.016814867883180918,0.016629440768679674,0.016764296851953304,0.016730582831134898,0.016840153398794723,0.016553584221838256,0.016368157107337016,0.016713725820725694,0.016705297315521093,0.016730582831134898,0.016713725820725694,0.016680011799907288,0.016730582831134898,0.016722154325930296,0.016031016899152935,0.016722154325930296,0.016865438914408528,0.01677272535715791,0.01678115386236251,0.016680011799907288,0.01677272535715791,0.016486156180201442,0.01666315478949808,0.016637869273884276,0.01669686881031649,0.01677272535715791,0.016789582367567113
Cz,0.01667057208850802,0.016469721822381416,0.016720784655039667,0.01671241589395106,0.01670404713286245,0.016260502795166203,0.01667057208850802,0.016620359521976366,0.01670404713286245,0.01658688447762193,0.01667057208850802,0.01670404713286245,0.015448732969571185,0.016695678371773843,0.016729153416128278,0.016737522177216885,0.01680447226592575,0.0,0.01658688447762193,0.016796103504837144,0.016637097044153584,0.01681284102701436,0.01680447226592575,0.01681284102701436,0.016678940849596625,0.01680447226592575,0.01677099722157132,0.01682120978810297,0.01661199076088776,0.016754259699394102,0.016678940849596625,0.016729153416128278,0.016478090583470023,0.01680447226592575,0.016620359521976366,0.01676262846048271,0.01677099722157132,0.01681284102701436,0.016678940849596625,0.016678940849596625,0.016511565627824458,0.01661199076088776,0.01682957854919158,0.01677099722157132,0.01682957854919158,0.01639440297258394,0.01680447226592575,0.016796103504837144,0.016143340139925685,0.016620359521976366,0.0166538345663308,0.016720784655039667,0.01674589093830549,0.016796103504837144,0.01674589093830549,0.016620359521976366,0.016796103504837144,0.01661199076088776,0.01676262846048271,0.01664546580524219,0.01677099722157132
C4,0.016654943729903535,0.01648747320471597,0.01673030546623794,0.01673030546623794,0.01669681136120043,0.01627813504823151,0.016671690782422293,0.016629823151125402,0.016721931939978563,0.016579581993569133,0.016671690782422293,0.01668843783494105,0.015457529474812434,0.01669681136120043,0.016713558413719184,0.016721931939978563,0.01679729367631297,0.0,0.016571208467309754,0.016805667202572348,0.016629823151125402,0.016822414255091105,0.016814040728831726,0.016814040728831726,0.016663317256162914,0.016814040728831726,0.01678054662379421,0.016822414255091105,0.016613076098606645,0.01673867899249732,0.01669681136120043,0.016713558413719184,0.016470726152197215,0.016805667202572348,0.016613076098606645,0.01678892015005359,0.016755426045016078,0.01679729367631297,0.016671690782422293,0.01668843783494105,0.016520967309753484,0.016613076098606645,0.01683078778135048,0.016772173097534832,0.01683078778135048,0.01637861736334405,0.016805667202572348,0.016805667202572348,0.016160905680600215,0.016613076098606645,0.016629823151125402,0.016713558413719184,0.016721931939978563,0.016805667202572348,0.01673867899249732,0.016629823151125402,0.016822414255091105,0.016596329046087887,0.01678892015005359,0.01663819667738478,0.016763799571275457
T8,0.016708241951415514,0.016415261756876662,0.016658016775208853,0.016724983676817733,0.016716612814116624,0.016197619326647806,0.016708241951415514,0.016649645912507744,0.016666387637909962,0.016624533324404413,0.016699871088714402,0.016750096264921063,0.015444241683547907,0.01673335453951884,0.016758467127622172,0.01676683799032328,0.016808692303828834,0.0,0.016607791599002192,0.016758467127622172,0.016683129363312184,0.01676683799032328,0.016758467127622172,0.016808692303828834,0.016716612814116624,0.016758467127622172,0.016783579715725503,0.016775208853024394,0.016649645912507744,0.01676683799032328,0.016649645912507744,0.016758467127622172,0.016515712109289985,0.01680032144112772,0.01667475850061107,0.016716612814116624,0.016775208853024394,0.016791950578426612,0.016724983676817733,0.01664127504980663,0.016457116070382215,0.016616162461703304,0.016791950578426612,0.016775208853024394,0.016783579715725503,0.016440374344979993,0.016808692303828834,0.01680032144112772,0.016105539836935596,0.016624533324404413,0.016683129363312184,0.016750096264921063,0.016775208853024394,0.01676683799032328,0.01676683799032328,0.016565937285496643,0.016758467127622172,0.016582679010898865,0.016775208853024394,0.01667475850061107,0.016783579715725503
FT10,0.01676212583789603,0.016358421853842335,0.016585505344872537,0.016711662839889316,0.016720073339557103,0.01612292786314435,0.01676212583789603,0.01666961034155039,0.016585505344872537,0.016753715338228243,0.016711662839889316,0.016820999335570526,0.015441677390053744,0.01674530483856046,0.01679576783656717,0.01679576783656717,0.016770536337563816,0.0,0.016644378842547037,0.016694841840553747,0.016770536337563816,0.016703252340221533,0.016678020841218177,0.01674530483856046,0.016863051833909452,0.016694841840553747,0.01676212583789603,0.016694841840553747,0.016686431340885963,0.016753715338228243,0.016568684345536967,0.01679576783656717,0.016585505344872537,0.016736894338892673,0.01674530483856046,0.01665278934221482,0.0167789468372316,0.016753715338228243,0.016787357336899386,0.016577094845204754,0.01639206385251348,0.016720073339557103,0.01672848383922489,0.016753715338228243,0.01672848383922489,0.01663596834287925,0.016753715338228243,0.01674530483856046,0.016072464865137637,0.016736894338892673,0.0167789468372316,0.0167789468372316,0.01679576783656717,0.016703252340221533,0.016787357336899386,0.01650981084786247,0.016686431340885963,0.016686431340885963,0.016711662839889316,0.016703252340221533,0.016804178336234956
FC6,0.016672953602414182,0.016496919401483717,0.016748396831384384,0.016723249088394315,0.01669810134540425,0.016287354876566493,0.016672953602414182,0.016631040697430738,0.01670648392640094,0.016589127792447294,0.016672953602414182,0.01669810134540425,0.015449096776897606,0.01668971876440756,0.016723249088394315,0.01671486650739763,0.01677354457437445,0.0,0.016580745211450604,0.016790309736367828,0.016647805859424117,0.016798692317364517,0.016798692317364517,0.016790309736367828,0.016664571021417496,0.01683222264135127,0.016765161993377763,0.016798692317364517,0.016614275535437362,0.016723249088394315,0.016672953602414182,0.01671486650739763,0.01647177165849365,0.016798692317364517,0.01662265811643405,0.016790309736367828,0.016748396831384384,0.016807074898361207,0.01668133618341087,0.01670648392640094,0.01653883230646716,0.016656188440420806,0.016815457479357893,0.016756779412381073,0.016815457479357893,0.01641309359151683,0.016781927155371138,0.016781927155371138,0.016186763904606227,0.016639423278427427,0.016656188440420806,0.01671486650739763,0.01671486650739763,0.016781927155371138,0.016723249088394315,0.016647805859424117,0.016798692317364517,0.01662265811643405,0.01677354457437445,0.016639423278427427,0.01677354457437445
FC2,0.016724983676817733,0.016381778306072223,0.016624533324404413,0.016741725402219954,0.016724983676817733,0.016164135875843363,0.016724983676817733,0.01667475850061107,0.016624533324404413,0.016658016775208853,0.016724983676817733,0.01676683799032328,0.015452612546249016,0.016750096264921063,0.016791950578426612,0.016783579715725503,0.016817063166529943,0.0,0.01664127504980663,0.016741725402219954,0.016708241951415514,0.016750096264921063,0.016724983676817733,0.016791950578426612,0.01673335453951884,0.016741725402219954,0.016791950578426612,0.016741725402219954,0.016683129363312184,0.01676683799032328,0.016607791599002192,0.016783579715725503,0.016549195560094425,0.016783579715725503,0.016699871088714402,0.016699871088714402,0.016791950578426612,0.016783579715725503,0.016750096264921063,0.016607791599002192,0.016423632619577775,0.016591049873599974,0.016775208853024394,0.016783579715725503,0.016775208853024394,0.016448745207681102,0.01680032144112772,0.016791950578426612,0.016080427248832265,0.016599420736301083,0.016708241951415514,0.016783579715725503,0.016783579715725503,0.016750096264921063,0.016791950578426612,0.016532453834692203,0.01673335453951884,0.016582679010898865,0.016758467127622172,0.016708241951415514,0.016791950578426612
F4,0.016668061250104595,0.016483976236298218,0.016735001255125094,0.01672663375449753,0.016709898753242407,0.016274788720609154,0.016676428750732157,0.016609488745711654,0.01671826625386997,0.016576018743201405,0.016668061250104595,0.016709898753242407,0.015454773659108025,0.01668479625135972,0.01671826625386997,0.016735001255125094,0.01679357375951803,0.0,0.016584386243828967,0.016801941260145593,0.016626223746966783,0.016818676261400718,0.016801941260145593,0.016810308760773156,0.016668061250104595,0.016818676261400718,0.016768471257635344,0.01682704376202828,0.016609488745711654,0.01676010375700778,0.016693163751987282,0.01672663375449753,0.016475608735670656,0.016801941260145593,0.01661785624633922,0.01676010375700778,0.01675173625638022,0.016801941260145593,0.016676428750732157,0.016693163751987282,0.01652581373943603,0.01661785624633922,0.01682704376202828,0.016776838758262906,0.016818676261400718,0.016383566228767465,0.01679357375951803,0.01679357375951803,0.016166011212450843,0.01661785624633922,0.016642958748221907,0.016709898753242407,0.01675173625638022,0.016801941260145593,0.016743368755752656,0.016626223746966783,0.016801941260145593,0.016601121245084092,0.016768471257635344,0.016642958748221907,0.01675173625638022
F8,0.016756994040081716,0.01633490351010485,0.016571274206891893,0.016731668608283106,0.016756994040081716,0.016115416434516874,0.016740110418882643,0.016790761282479867,0.016571274206891893,0.01680764490367894,0.016756994040081716,0.016799203093079404,0.015499164260750646,0.01677387766128079,0.01680764490367894,0.01677387766128079,0.016756994040081716,0.0,0.01678231947188033,0.016681017744685882,0.016799203093079404,0.01668945955528542,0.016664134123486805,0.016731668608283106,0.01677387766128079,0.01667257593408634,0.016740110418882643,0.016681017744685882,0.016799203093079404,0.01671478498708403,0.01655439058569282,0.01678231947188033,0.01668945955528542,0.01671478498708403,0.016832970335477555,0.016638808691688194,0.016765435850681253,0.016731668608283106,0.016824528524878014,0.016545948775093283,0.016377112563102533,0.016638808691688194,0.016706343176484492,0.016740110418882643,0.016723226797683566,0.016638808691688194,0.016740110418882643,0.016731668608283106,0.016081649192118727,0.01664725050228773,0.01678231947188033,0.016765435850681253,0.01677387766128079,0.01668945955528542,0.01677387766128079,0.01648685610089652,0.01667257593408634,0.016571274206891893,0.01671478498708403,0.01680764490367894,0.01678231947188033
Fp2,0.016771979746411682,0.01641210193748169,0.016638071724484244,0.016738502740929823,0.01671339498681843,0.016177762899108675,0.01671339498681843,0.016638071724484244,0.01664644097585471,0.01662970247311378,0.01671339498681843,0.016771979746411682,0.015483115035360087,0.016738502740929823,0.016746871992300287,0.016788718249152613,0.016813826003264008,0.0,0.016604594719002386,0.016755241243670754,0.016688287232707034,0.016763610495041218,0.016746871992300287,0.016797087500523077,0.016746871992300287,0.016746871992300287,0.016805456751893544,0.016763610495041218,0.016638071724484244,0.01683056450600494,0.01662970247311378,0.016763610495041218,0.016537640708038665,0.01678034899778215,0.01666317947859564,0.0166966564840775,0.01678034899778215,0.016797087500523077,0.016738502740929823,0.01664644097585471,0.016445578942963553,0.01657948696489099,0.01678034899778215,0.016797087500523077,0.016763610495041218,0.016445578942963553,0.016805456751893544,0.016797087500523077,0.016060593379922165,0.016587856216261455,0.01671339498681843,0.016763610495041218,0.016788718249152613,0.016763610495041218,0.01678034899778215,0.01656274846215006,0.016738502740929823,0.016604594719002386,0.01673013348955936,0.016671548729966106,0.016763610495041218
AF7,0.01662925504636519,0.016578812412250836,0.016772175843022524,0.01678058294870825,0.016730140314593894,0.016402263192850597,0.01667969768047954,0.016578812412250836,0.016864654005565503,0.01652836977813648,0.016654476363422363,0.01667969768047954,0.015628809469763843,0.016671290574793815,0.01666288346910809,0.016696511891850993,0.01678058294870825,0.0,0.016553591095193658,0.016822618477136876,0.016578812412250836,0.016831025582822602,0.016839432688508328,0.016797397160079698,0.01662925504636519,0.016797397160079698,0.01675536163165107,0.016856246899879777,0.01657040530656511,0.016772175843022524,0.01687306111125123,0.01667969768047954,0.01641907740422205,0.01678058294870825,0.01657040530656511,0.016772175843022524,0.016721733208908168,0.01678058294870825,0.016620847940679463,0.01675536163165107,0.01660403372930801,0.016561998200879384,0.016805804265765424,0.016772175843022524,0.016797397160079698,0.016335006347364792,0.016788990054393972,0.016788990054393972,0.01618367844502173,0.01657040530656511,0.016578812412250836,0.01670491899753672,0.016713326103222445,0.016856246899879777,0.016713326103222445,0.01666288346910809,0.016822618477136876,0.016545183989507932,0.01678058294870825,0.01660403372930801,0.016713326103222445
AF3,0.01676024540289213,0.016365787949744443,0.016600783879279234,0.01674345997935393,0.01674345997935393,0.01613918473197875,0.01674345997935393,0.01668471099697023,0.016592391167510136,0.01671828184404663,0.01672667455581573,0.016818994385275825,0.015450982366912573,0.016751852691123028,0.016818994385275825,0.016802208961737626,0.01677703082643033,0.0,0.01666792557343203,0.01670149642050843,0.016751852691123028,0.01670988913227753,0.01668471099697023,0.016751852691123028,0.016810601673506727,0.01670149642050843,0.01676024540289213,0.01670149642050843,0.01670988913227753,0.01674345997935393,0.016575605743971936,0.016802208961737626,0.016583998455741034,0.01674345997935393,0.01674345997935393,0.016659532861662933,0.016785423538199427,0.016768638114661227,0.016802208961737626,0.016575605743971936,0.01640775150858994,0.016642747438124734,0.01673506726758483,0.01676024540289213,0.01674345997935393,0.016542034896895538,0.01676024540289213,0.016751852691123028,0.016080435749595053,0.016651140149893832,0.016768638114661227,0.01677703082643033,0.016810601673506727,0.01670988913227753,0.016793816249968528,0.016516856761588237,0.016693103708739332,0.016609176591048335,0.01672667455581573,0.01672667455581573,0.016818994385275825
AFz,0.01678557155126232,0.016326391782382804,0.01655598166682256,0.0167090415897824,0.016734551576942373,0.01608829856888972,0.016734551576942373,0.01680257820936897,0.016547478337769237,0.01680257820936897,0.01675155823504902,0.01681108153842229,0.015493065535157014,0.016777068222208993,0.01680257820936897,0.01678557155126232,0.0167430549059957,0.0,0.01681108153842229,0.016666524944515777,0.01684509485463559,0.016675028273569103,0.016649518286409128,0.016717544918835724,0.01680257820936897,0.016666524944515777,0.016734551576942373,0.016666524944515777,0.01680257820936897,0.0167430549059957,0.016530471679662588,0.01678557155126232,0.016819584867475618,0.0167090415897824,0.01684509485463559,0.016624008299249156,0.016760061564102344,0.016717544918835724,0.01684509485463559,0.016547478337769237,0.0163604050985961,0.016649518286409128,0.016700538260729075,0.01672604824788905,0.0167090415897824,0.016658021615462454,0.01672604824788905,0.016717544918835724,0.016062788581729746,0.016658021615462454,0.016836591525582267,0.01676856489315567,0.016777068222208993,0.016675028273569103,0.01676856489315567,0.01647945170534264,0.016658021615462454,0.016589994983035858,0.016683531602622426,0.01681108153842229,0.01676856489315567
F1,0.016693330206300414,0.016433674794160268,0.016676578244226855,0.01671845814941075,0.016710082168373972,0.016215899287204013,0.016693330206300414,0.01663469833904296,0.016668202263190077,0.016626322358006183,0.016693330206300414,0.016743586092521086,0.015436933050783573,0.016726834130447527,0.016760338054594644,0.016743586092521086,0.01679384197874176,0.0,0.0166179463769694,0.016768714035631422,0.016676578244226855,0.016777090016668203,0.016760338054594644,0.01679384197874176,0.016710082168373972,0.016768714035631422,0.016777090016668203,0.016768714035631422,0.01663469833904296,0.016743586092521086,0.01665145030111652,0.016760338054594644,0.0165006826424545,0.01680221795977854,0.016659826282153296,0.016726834130447527,0.016777090016668203,0.016818969921852098,0.01671845814941075,0.016643074320079738,0.016475554699344162,0.016626322358006183,0.01680221795977854,0.016768714035631422,0.01679384197874176,0.016442050775197045,0.01680221795977854,0.01679384197874176,0.016132139476836223,0.01663469833904296,0.016684954225263633,0.016743586092521086,0.016751962073557867,0.016768714035631422,0.016760338054594644,0.016584442452822288,0.016760338054594644,0.016601194414895843,0.016777090016668203,0.016676578244226855,0.01679384197874176
F5,0.01678687418279978,0.016322915348601797,0.016559112573284407,0.01671938926146189,0.0167446961069636,0.01609515373908642,0.016761567337298073,0.016770002952465307,0.016559112573284407,0.01681218102830149,0.016753131722130835,0.016820616643468726,0.015504660677379899,0.016778438567632545,0.016803745413134254,0.01678687418279978,0.0167446961069636,0.0,0.016753131722130835,0.016668775570458476,0.016845923488970432,0.01667721118562571,0.016651904340124004,0.01671938926146189,0.01682905225863596,0.016668775570458476,0.016736260491796363,0.016668775570458476,0.016778438567632545,0.016736260491796363,0.016542241342949935,0.01678687418279978,0.016685646800792948,0.016710953646294657,0.016837487873803198,0.016626597494622294,0.016753131722130835,0.01672782487662913,0.016845923488970432,0.016542241342949935,0.01636509342443798,0.01667721118562571,0.01670251803112742,0.01672782487662913,0.01670251803112742,0.01667721118562571,0.01672782487662913,0.01671938926146189,0.016052975663250243,0.016685646800792948,0.016820616643468726,0.016770002952465307,0.016778438567632545,0.01667721118562571,0.016770002952465307,0.016474756421612047,0.016660339955291238,0.016609726264287823,0.01670251803112742,0.016803745413134254,0.016778438567632545
FT7,0.01665771541740794,0.01655701386324729,0.016800375952468867,0.016691282602128158,0.01667449900976805,0.016338827162565874,0.016666107213587997,0.016582189251787453,0.016716457990668322,0.016582189251787453,0.01664932362122789,0.01670806619448827,0.015449296767480112,0.01667449900976805,0.016699674398308214,0.01673324158302843,0.01676680876774865,0.0,0.016548622067067236,0.01678359236010876,0.016632540028867777,0.01680876774864892,0.016800375952468867,0.016775200563928703,0.016691282602128158,0.016800375952468867,0.01675002517538854,0.01680876774864892,0.016582189251787453,0.01673324158302843,0.016682890805948106,0.01670806619448827,0.016456312309086635,0.01678359236010876,0.01661575643650767,0.01684233493336914,0.016741633379208486,0.01679198415628881,0.01664932362122789,0.016758416971568595,0.01659897284414756,0.01665771541740794,0.01682555134100903,0.016741633379208486,0.01682555134100903,0.016389177939646202,0.016775200563928703,0.016775200563928703,0.016204558423685005,0.016624148232687725,0.016624148232687725,0.016716457990668322,0.016716457990668322,0.016800375952468867,0.016716457990668322,0.01670806619448827,0.016817159544828975,0.016699674398308214,0.01675002517538854,0.016607364640327617,0.01673324158302843
FC3,0.016724481758919444,0.016380942804953665,0.01661555477351566,0.016732860757796657,0.01671610276004223,0.016163088834146095,0.016749618755551088,0.016665828766778946,0.016607175774638445,0.016690965763410587,0.01671610276004223,0.016799892748814372,0.015450873929582894,0.016749618755551088,0.016799892748814372,0.01679151374993716,0.016799892748814372,0.0,0.016649070769024516,0.016724481758919444,0.01671610276004223,0.016732860757796657,0.016707723761165017,0.016774755752182728,0.016766376753305515,0.016724481758919444,0.016783134751059945,0.016724481758919444,0.016690965763410587,0.0167579977544283,0.01659041777688402,0.016799892748814372,0.01655690178137516,0.016766376753305515,0.016724481758919444,0.016682586764533373,0.016799892748814372,0.016774755752182728,0.016774755752182728,0.01659041777688402,0.016422837799339736,0.01661555477351566,0.0167579977544283,0.016783134751059945,0.016766376753305515,0.016489869790357447,0.016783134751059945,0.016774755752182728,0.01608767784425117,0.016623933772392876,0.016724481758919444,0.016783134751059945,0.016799892748814372,0.016732860757796657,0.01679151374993716,0.016531764784743518,0.01671610276004223,0.016598796775761232,0.01674123975667387,0.016707723761165017,0.016799892748814372
C1,0.016707563208187125,0.016464696374584406,0.016690813771386936,0.016707563208187125,0.016715937926587217,0.016238578977781873,0.016657314897786563,0.016640565460986374,0.01667406433458675,0.016607066587385998,0.01667406433458675,0.01672431264498731,0.015442980729772961,0.016707563208187125,0.0167410620817875,0.016749436800187593,0.016791310392188064,0.0,0.016607066587385998,0.016774560955387874,0.016690813771386936,0.016791310392188064,0.016766186236987782,0.016791310392188064,0.016715937926587217,0.016766186236987782,0.016757811518587688,0.016766186236987782,0.016623816024186187,0.016749436800187593,0.016657314897786563,0.016732687363387407,0.01649819524818478,0.016799685110588155,0.016640565460986374,0.01672431264498731,0.016757811518587688,0.01683318398418853,0.016707563208187125,0.016657314897786563,0.016506569966584873,0.01664894017938647,0.01680805982898825,0.016757811518587688,0.016799685110588155,0.016464696374584406,0.016799685110588155,0.016791310392188064,0.01612133292018056,0.016657314897786563,0.016690813771386936,0.016715937926587217,0.016757811518587688,0.016774560955387874,0.016749436800187593,0.016607066587385998,0.016766186236987782,0.016615441305786093,0.016757811518587688,0.016665689616186655,0.016799685110588155
C5,0.01679718056338265,0.01634297538039684,0.016570077971889745,0.016729890906644014,0.016746713320828673,0.016107461581811606,0.016746713320828673,0.016738302113736343,0.016561666764797416,0.016788769356290322,0.01676353573501333,0.01681400297756731,0.01547662104988687,0.016780358149197993,0.01681400297756731,0.016788769356290322,0.016755124527921002,0.0,0.01672147969955168,0.016679423664090035,0.01680559177047498,0.016687834871182364,0.016662601249905373,0.016729890906644014,0.01682241418465964,0.016679423664090035,0.016746713320828673,0.016679423664090035,0.016746713320828673,0.016746713320828673,0.016544844350612757,0.01679718056338265,0.016637367628628386,0.01672147969955168,0.016788769356290322,0.016637367628628386,0.01677194694210566,0.016738302113736343,0.0168392365988443,0.016561666764797416,0.01637662020876616,0.016671012456997703,0.016713068492459352,0.016738302113736343,0.01672147969955168,0.016628956421536056,0.016738302113736343,0.016729890906644014,0.016065405546349956,0.016679423664090035,0.01681400297756731,0.01676353573501333,0.016788769356290322,0.016687834871182364,0.016780358149197993,0.016494377108058778,0.016671012456997703,0.016612134007351394,0.016704657285367023,0.01676353573501333,0.016788769356290322
TP7,0.016648019314730846,0.016690081010826682,0.016849915455990846,0.016681668671607513,0.01666484399316918,0.016454535512690015,0.016631194636292514,0.016547071244100847,0.01677420440301835,0.016521834226443346,0.016622782297073348,0.016673256332388347,0.015512353520143346,0.01663960697551168,0.01666484399316918,0.016698493350045848,0.016748967385360847,0.0,0.016530246565662515,0.016799441420675847,0.01658913294019668,0.016816266099114182,0.016807853759895013,0.016757379724580013,0.016656431653950015,0.016807853759895013,0.016723730367703346,0.016816266099114182,0.01653865890488168,0.01676579206379918,0.01674055504614168,0.016690081010826682,0.016429298495032513,0.01677420440301835,0.01656389592253918,0.016849915455990846,0.016706905689265014,0.01679102908145668,0.016631194636292514,0.01689197715208668,0.016723730367703346,0.016622782297073348,0.016807853759895013,0.016732142706922516,0.016799441420675847,0.016353587442060013,0.016757379724580013,0.016757379724580013,0.016269464049868346,0.01658913294019668,0.016605957618635012,0.016673256332388347,0.016723730367703346,0.016799441420675847,0.016698493350045848,0.016833090777552514,0.016807853759895013,0.016723730367703346,0.01674055504614168,0.01658913294019668,0.016690081010826682
CP3,0.016621628511701424,0.016859565934159316,0.016885059229422662,0.016672615102228113,0.016638624041876986,0.016672615102228113,0.016630126276789205,0.016528153095735822,0.016800081578544842,0.016511157565560257,0.016604632981525858,0.016638624041876986,0.015567905640816466,0.016621628511701424,0.016638624041876986,0.016664117337140332,0.016723601692754806,0.0,0.016519655330648038,0.016774588283281495,0.01656214415608695,0.01679158381345706,0.01679158381345706,0.016732099457842587,0.016630126276789205,0.01679158381345706,0.01669810839749146,0.01679158381345706,0.016528153095735822,0.016732099457842587,0.016740597222930368,0.01665561957205255,0.016409184384506875,0.016740597222930368,0.016536650860823603,0.016842570403983754,0.01668961063240368,0.016774588283281495,0.016604632981525858,0.01691055252468601,0.01691905028977379,0.016672615102228113,0.016774588283281495,0.01670660616257924,0.01678308604836928,0.0163497000288924,0.016732099457842587,0.016732099457842587,0.016392188854331313,0.016638624041876986,0.016587637451350296,0.01665561957205255,0.01668961063240368,0.01678308604836928,0.016672615102228113,0.016902054759598224,0.016800081578544842,0.016723601692754806,0.016723601692754806,0.01656214415608695,0.016672615102228113
P1,0.01669227960841916,0.016530960527768108,0.01670077008634816,0.016649827218774144,0.01665831769670315,0.01631020810161404,0.01670077008634816,0.01660737482912913,0.016615865307058133,0.01669227960841916,0.01663284626291614,0.016726241520135167,0.015333803139778739,0.016649827218774144,0.016717751042206165,0.01670077008634816,0.016717751042206165,0.0,0.016590393873271127,0.01670077008634816,0.016709260564277163,0.016717751042206165,0.016709260564277163,0.016717751042206165,0.016768693909780183,0.016734731998064172,0.01669227960841916,0.016726241520135167,0.016615865307058133,0.01670077008634816,0.016590393873271127,0.01670077008634816,0.016513979571910104,0.016717751042206165,0.01666680817463215,0.016734731998064172,0.01670077008634816,0.016743222475993174,0.016709260564277163,0.01665831769670315,0.01656492243948412,0.01709133207108228,0.016743222475993174,0.016683789130490154,0.016751712953922176,0.0168281272552832,0.016717751042206165,0.016709260564277163,0.01631869857954304,0.017065860637295274,0.016717751042206165,0.01670077008634816,0.016709260564277163,0.016709260564277163,0.01669227960841916,0.01663284626291614,0.016717751042206165,0.016802655821496194,0.016709260564277163,0.01663284626291614,0.016743222475993174
P5,0.016696531743506438,0.016462076934670843,0.016696531743506438,0.016696531743506438,0.016696531743506438,0.016235995511865088,0.016679784971446752,0.016621171269237855,0.016679784971446752,0.01660442449717817,0.016679784971446752,0.01673002528762581,0.015423777066970342,0.016713278515566126,0.016746772059685496,0.016738398673655654,0.01678863898983471,0.0,0.016596051111148327,0.016771892217775024,0.01667141158541691,0.01678863898983471,0.016780265603804866,0.01678863898983471,0.016704905129536284,0.01678863898983471,0.01676351883174518,0.01679701237586455,0.016621171269237855,0.016746772059685496,0.016654664813357225,0.016746772059685496,0.016503943864820056,0.01678863898983471,0.01663791804129754,0.016746772059685496,0.016771892217775024,0.016805385761894394,0.016704905129536284,0.01667141158541691,0.016503943864820056,0.016646291427327382,0.016813759147924236,0.01675514544571534,0.01682213253395408,0.01642858339055147,0.01678863898983471,0.016780265603804866,0.016143888265536817,0.016654664813357225,0.016688158357476595,0.01673002528762581,0.01675514544571534,0.016780265603804866,0.01675514544571534,0.016612797883208012,0.016780265603804866,0.016629544655267697,0.01675514544571534,0.016654664813357225,0.016780265603804866
PO7,0.016727193613709772,0.016384114605124428,0.01662678024534333,0.016752296955801382,0.01674392917510418,0.016166552306997137,0.01671882583301257,0.016668619148829347,0.016635148026040533,0.016643515806737737,0.016727193613709772,0.016760664736498586,0.015463658728432046,0.016752296955801382,0.016785768078590196,0.016777400297892993,0.01681923920137901,0.0,0.016643515806737737,0.01674392917510418,0.016693722490920958,0.016752296955801382,0.016735561394406975,0.016802503639984603,0.016727193613709772,0.01674392917510418,0.0167941358592874,0.016752296955801382,0.016668619148829347,0.01676903251719579,0.016618412464646126,0.016777400297892993,0.01653473465767409,0.016785768078590196,0.016693722490920958,0.016685354710223754,0.016785768078590196,0.016785768078590196,0.01674392917510418,0.016618412464646126,0.016425953508610446,0.01657657356116011,0.016777400297892993,0.0167941358592874,0.01676903251719579,0.016442689070004853,0.016810871420681807,0.016802503639984603,0.0160828745000251,0.016584941341857312,0.01670209027161816,0.016777400297892993,0.0167941358592874,0.016760664736498586,0.0167941358592874,0.01653473465767409,0.016735561394406975,0.0165598379997657,0.016760664736498586,0.016710458052315365,0.0167941358592874
PO3,0.016682850063617492,0.016465211277037435,0.016699591508739033,0.016691220786178265,0.016691220786178265,0.016247572490457378,0.016699591508739033,0.01660751356057055,0.01667447934105672,0.01661588428313132,0.01667447934105672,0.01674144512154289,0.015427241679501774,0.016699591508739033,0.01674144512154289,0.016758186566664435,0.01679166945690752,0.0,0.016590772115449005,0.016774928011785976,0.016649367173374407,0.01679166945690752,0.016774928011785976,0.01678329873434675,0.016716332953860578,0.01678329873434675,0.016758186566664435,0.01679166945690752,0.01662425500569209,0.016749815844103663,0.016649367173374407,0.016749815844103663,0.01649869416728052,0.01679166945690752,0.016649367173374407,0.016758186566664435,0.016774928011785976,0.01679166945690752,0.016699591508739033,0.016666108618495948,0.016507064889841293,0.016649367173374407,0.016816781624589834,0.016749815844103663,0.016825152347150606,0.01643172838679435,0.01679166945690752,0.01678329873434675,0.01615549454228889,0.016649367173374407,0.016666108618495948,0.01674144512154289,0.016758186566664435,0.01678329873434675,0.016749815844103663,0.01661588428313132,0.01679166945690752,0.016649367173374407,0.016749815844103663,0.016649367173374407,0.016758186566664435
POz,0.01676039820925674,0.01635808017256876,0.01656351917002645,0.016691918543437507,0.016726158376347125,0.016126961300428854,0.01671759841811972,0.016734718334574527,0.016546399253571643,0.016820317916848567,0.01671759841811972,0.016777518125711547,0.015442164642236546,0.016734718334574527,0.016777518125711547,0.016743278292801932,0.01671759841811972,0.0,0.016726158376347125,0.016657678710527892,0.016820317916848567,0.016666238668755298,0.016640558794073085,0.016709038459892314,0.01681175795862116,0.016657678710527892,0.016700478501664912,0.016657678710527892,0.016743278292801932,0.016700478501664912,0.016529279337116835,0.016751838251029334,0.01664911875230049,0.016700478501664912,0.01678607808393895,0.016614878919390872,0.016726158376347125,0.01671759841811972,0.01680319800039376,0.016537839295344237,0.016383760047250968,0.016905917499122604,0.016691918543437507,0.016700478501664912,0.016691918543437507,0.017085676621898086,0.016709038459892314,0.016700478501664912,0.016126961300428854,0.01694015733203222,0.016820317916848567,0.016726158376347125,0.016751838251029334,0.016657678710527892,0.016734718334574527,0.016486479545979815,0.01664911875230049,0.016743278292801932,0.016691918543437507,0.01676039820925674,0.016777518125711547
PO4,0.01670278909799918,0.01640990451962745,0.016652580313135455,0.016719525359620423,0.016719525359620423,0.01619233311855131,0.01670278909799918,0.016652580313135455,0.016652580313135455,0.016635844051514213,0.01670278909799918,0.016752997882862906,0.015439201345595434,0.016736261621241665,0.016778102275294766,0.016761366013673527,0.01680320666772663,0.0,0.016627475920703592,0.016761366013673527,0.01668605283637794,0.01676973414448415,0.016744629752052285,0.01680320666772663,0.016719525359620423,0.016761366013673527,0.016778102275294766,0.016761366013673527,0.016652580313135455,0.016752997882862906,0.016635844051514213,0.016778102275294766,0.01651869022016552,0.01680320666772663,0.016677684705567318,0.016711157228809802,0.016778102275294766,0.01680320666772663,0.016736261621241665,0.016627475920703592,0.016451745173680556,0.01661073965908235,0.016794838536916008,0.01676973414448415,0.016786470406105387,0.016443377042869935,0.01680320666772663,0.016794838536916008,0.0161086518104451,0.01661910778989297,0.01668605283637794,0.016761366013673527,0.01676973414448415,0.016761366013673527,0.016778102275294766,0.016560530874218625,0.016752997882862906,0.016585635266650488,0.01676973414448415,0.01669442096718856,0.016794838536916008
PO8,0.016698193749267624,0.016413613003666068,0.016656343639620336,0.016723303815055997,0.016714933793126538,0.016195992433500176,0.01670656377119708,0.016647973617690878,0.016656343639620336,0.016631233573831963,0.016698193749267624,0.016748413880844366,0.015442690459849005,0.016731673836985452,0.01677352394663274,0.016756783902773825,0.01680700403435057,0.0,0.016622863551902504,0.016765153924703284,0.01668145370540871,0.01677352394663274,0.016748413880844366,0.01680700403435057,0.016714933793126538,0.016765153924703284,0.0167818939685622,0.016765153924703284,0.016647973617690878,0.016756783902773825,0.016639603595761422,0.01677352394663274,0.01651405326681956,0.01680700403435057,0.01667308368347925,0.016714933793126538,0.0167818939685622,0.016798634012421113,0.016731673836985452,0.016631233573831963,0.016455463113313355,0.01660612350804359,0.016798634012421113,0.01677352394663274,0.016790263990491654,0.01643872306945444,0.01680700403435057,0.016798634012421113,0.0161122922142056,0.01661449352997305,0.01668145370540871,0.016756783902773825,0.016765153924703284,0.016765153924703284,0.01677352394663274,0.016564273398396303,0.016756783902773825,0.016589383464184676,0.01677352394663274,0.016689823727338165,0.016790263990491654
P2,0.016605021539532656,0.016700752795787824,0.01676167268613202,0.01668334711283234,0.016657238588399112,0.0166137243810104,0.016700752795787824,0.01657891301509943,0.016665941429876856,0.0166137243810104,0.016639832905443627,0.01664853574692137,0.015473652147426135,0.016639832905443627,0.01668334711283234,0.01664853574692137,0.016726861320221054,0.0,0.01657891301509943,0.016735564161698795,0.01657021017362169,0.016744267003176536,0.01676167268613202,0.016735564161698795,0.016639832905443627,0.016770375527609765,0.016700752795787824,0.01675296984465428,0.016596318698054915,0.016657238588399112,0.016674644271354597,0.016665941429876856,0.016457073234411035,0.016744267003176536,0.01657891301509943,0.016779078369087506,0.016700752795787824,0.016735564161698795,0.016639832905443627,0.016770375527609765,0.01676167268613202,0.01678778121056525,0.01675296984465428,0.016700752795787824,0.01676167268613202,0.016448370392933294,0.016735564161698795,0.016735564161698795,0.016961838040120098,0.01675296984465428,0.016587615856577174,0.016674644271354597,0.016665941429876856,0.016744267003176536,0.01668334711283234,0.01675296984465428,0.01675296984465428,0.01664853574692137,0.016735564161698795,0.01662242722248814,0.016700752795787824
CPz,0.01669921045929196,0.016495458018507513,0.01666525171916122,0.016656762034128535,0.01666525171916122,0.016274726207657696,0.016707700144324645,0.016614313608965106,0.016622803293997793,0.01669921045929196,0.016639782664063164,0.0167331691994227,0.015340860854062313,0.016656762034128535,0.016724679514390016,0.016707700144324645,0.016724679514390016,0.0,0.016597334238899735,0.016707700144324645,0.016716189829357332,0.016724679514390016,0.016716189829357332,0.016724679514390016,0.01677561762458613,0.0167331691994227,0.01669921045929196,0.0167331691994227,0.016622803293997793,0.016707700144324645,0.016597334238899735,0.016707700144324645,0.01652092707360557,0.016724679514390016,0.016673741404193903,0.01669921045929196,0.016707700144324645,0.01675014856948807,0.016716189829357332,0.016622803293997793,0.016529416758638255,0.01706426691569743,0.01675014856948807,0.016690720774259274,0.016758638254520758,0.016852024789880297,0.016724679514390016,0.016716189829357332,0.016274726207657696,0.017081246285762797,0.016724679514390016,0.016707700144324645,0.016716189829357332,0.016716189829357332,0.01669921045929196,0.016597334238899735,0.016724679514390016,0.016758638254520758,0.016716189829357332,0.016639782664063164,0.01675014856948807
CP4,0.01681139401494159,0.01633973165780896,0.016558717752191966,0.016718746051933395,0.016735591136116702,0.016103900479242646,0.016744013678208356,0.016735591136116702,0.016550295210100312,0.01678612638866663,0.016760858762391664,0.016819816557033244,0.01549747744864355,0.01678612638866663,0.016802971472849936,0.016802971472849936,0.016744013678208356,0.0,0.01672716859402505,0.01666821079938347,0.01685350672539986,0.016676633341475126,0.01665136571520016,0.016718746051933395,0.01681139401494159,0.01666821079938347,0.016744013678208356,0.01666821079938347,0.016744013678208356,0.016744013678208356,0.016533450125917004,0.01678612638866663,0.01666821079938347,0.01671032350984174,0.016802971472849936,0.0166260980889252,0.016769281304483317,0.01672716859402505,0.01685350672539986,0.016550295210100312,0.016373421826175575,0.01671032350984174,0.016701900967750087,0.016735591136116702,0.01671032350984174,0.01666821079938347,0.01672716859402505,0.016718746051933395,0.016044942684601066,0.016718746051933395,0.01687035180958317,0.016769281304483317,0.016777703846574975,0.016676633341475126,0.016769281304483317,0.016491337415458735,0.016659788257291815,0.016634520631016853,0.01668505588356678,0.016769281304483317,0.01678612638866663
TP8,0.016753874018917286,0.016351378546991348,0.016594552894613267,0.016737103374253708,0.016745488696585497,0.016133360166364796,0.01680418595290803,0.016670020795599382,0.01661132353927685,0.016720332729590125,0.016737103374253708,0.0168293419199034,0.01546253437982156,0.016753874018917286,0.01679580063057624,0.01680418595290803,0.01679580063057624,0.0,0.01664486482860401,0.016711947407258336,0.016720332729590125,0.016720332729590125,0.016703562084926543,0.01677064466358087,0.01681257127523982,0.016703562084926543,0.016787415308244447,0.016720332729590125,0.016695176762594754,0.01677064466358087,0.016594552894613267,0.01679580063057624,0.0165693969276179,0.016753874018917286,0.016745488696585497,0.016670020795599382,0.016787415308244447,0.016745488696585497,0.01677064466358087,0.016586167572281478,0.016393305158650298,0.01661132353927685,0.016745488696585497,0.016787415308244447,0.016745488696585497,0.016502314348963574,0.016779029985912658,0.01677064466358087,0.016083048232374053,0.01661970886160864,0.016720332729590125,0.01681257127523982,0.01679580063057624,0.016728718051921915,0.016787415308244447,0.016502314348963574,0.016720332729590125,0.01661132353927685,0.016720332729590125,0.016711947407258336,0.01677064466358087
C6,0.016752328808471748,0.01638340865453143,0.016609791476267535,0.01673555971056537,0.01674394425951856,0.016148641283842136,0.016718790612658994,0.01666848331893986,0.016609791476267535,0.016685252416846236,0.0167104060637058,0.016802636102190883,0.015452723720727443,0.01674394425951856,0.016802636102190883,0.016785867004284506,0.016785867004284506,0.0,0.01665171422103348,0.016718790612658994,0.01673555971056537,0.016727175161612182,0.016702021514752613,0.016769097906378126,0.016794251553237695,0.016718790612658994,0.016760713357424937,0.016718790612658994,0.016685252416846236,0.016760713357424937,0.016593022378361157,0.016794251553237695,0.016567868731501588,0.016760713357424937,0.016718790612658994,0.01666009876998667,0.016777482455331314,0.016777482455331314,0.016794251553237695,0.016601406927314346,0.016416946850344186,0.0166349451231271,0.016752328808471748,0.016769097906378126,0.01674394425951856,0.016525945986735645,0.016777482455331314,0.016769097906378126,0.016073180343263434,0.01664332967208029,0.016752328808471748,0.016760713357424937,0.016811020651144072,0.016727175161612182,0.016794251553237695,0.016534330535688833,0.016702021514752613,0.016601406927314346,0.01674394425951856,0.016718790612658994,0.01681940520009726
C2,0.016671825200973708,0.016479425813305672,0.016696920773278234,0.01673874672711911,0.016730381536350935,0.01626193085333311,0.016680190391741883,0.016604903674828305,0.016713651154814584,0.01657980810252378,0.016680190391741883,0.016713651154814584,0.01546723773035644,0.016696920773278234,0.01672201634558276,0.016730381536350935,0.01679730306249634,0.0,0.01659653848406013,0.01681403344403269,0.016638364437901006,0.01681403344403269,0.016788937871728166,0.01679730306249634,0.016680190391741883,0.016788937871728166,0.01676384229942364,0.016830763825569042,0.016604903674828305,0.016755477108655464,0.01668855558251006,0.01673874672711911,0.016487791004073847,0.01679730306249634,0.01661326886559648,0.01673874672711911,0.01676384229942364,0.016788937871728166,0.016680190391741883,0.01670528596404641,0.01652125176714655,0.01659653848406013,0.016822398634800867,0.016772207490191815,0.016822398634800867,0.016387408714855743,0.01679730306249634,0.01679730306249634,0.01615318337334683,0.016604903674828305,0.01664672962866918,0.01672201634558276,0.01676384229942364,0.016822398634800867,0.01676384229942364,0.01661326886559648,0.016788937871728166,0.01659653848406013,0.016772207490191815,0.016655094819437357,0.01673874672711911
FC4,0.016754532272799657,0.016377366713882208,0.01661204750609751,0.016746150815934824,0.016746150815934824,0.016151067378531735,0.01672938790220516,0.016687480617881,0.016603666049232677,0.016695862074745833,0.01672938790220516,0.01679643955712382,0.01545540645875066,0.016754532272799657,0.016821583927718316,0.01679643955712382,0.016788058100258987,0.0,0.016670717704151336,0.016712624988475498,0.01672100644534033,0.01672100644534033,0.016695862074745833,0.01676291372966449,0.016771295186529322,0.016712624988475498,0.016771295186529322,0.016712624988475498,0.016704243531610666,0.016754532272799657,0.01658690313550301,0.01679643955712382,0.01657014022177335,0.016754532272799657,0.01672938790220516,0.016662336247286504,0.01679643955712382,0.016771295186529322,0.01679643955712382,0.01658690313550301,0.01641927399820637,0.01661204750609751,0.016746150815934824,0.016771295186529322,0.016754532272799657,0.01650308856685469,0.016771295186529322,0.01676291372966449,0.01608401572361308,0.01662042896296234,0.016746150815934824,0.016779676643394154,0.01680482101398865,0.01672100644534033,0.01679643955712382,0.016528232937449188,0.016704243531610666,0.01657852167863818,0.016737769359069992,0.01672938790220516,0.016821583927718316
FT8,0.016646235786447985,0.016773048146426005,0.016857589719744683,0.016654689943779853,0.016637781629116118,0.0165363317411337,0.01662932747178425,0.016544785898465572,0.016773048146426005,0.016527877583801833,0.016612419157120514,0.01666314410111172,0.015521832861309549,0.016637781629116118,0.01666314410111172,0.016688506573107324,0.016730777359766667,0.0,0.016510969269138098,0.016773048146426005,0.01658705668512491,0.01678995646108974,0.01678995646108974,0.016739231517098534,0.016654689943779853,0.01679841061842161,0.01671386904510293,0.01678995646108974,0.0165363317411337,0.016730777359766667,0.01671386904510293,0.016680052415775456,0.01642642769581942,0.01675613983176227,0.016561694213129308,0.016857589719744683,0.01670541488777106,0.016781502303757873,0.01662932747178425,0.01688295219174029,0.016806864775753477,0.016680052415775456,0.01678995646108974,0.01670541488777106,0.01679841061842161,0.016375702751828213,0.016739231517098534,0.016739231517098534,0.016316523650505135,0.016646235786447985,0.016612419157120514,0.01667159825844359,0.016696960730439192,0.016773048146426005,0.016680052415775456,0.016891406349072158,0.016806864775753477,0.016764593989094138,0.016730777359766667,0.016570148370461175,0.016696960730439192
F6,0.016673223238723393,0.016480711123015242,0.01672344379064726,0.01670670360667264,0.016698333514685325,0.016271458823332467,0.016698333514685325,0.016606262502824907,0.01671507369865995,0.016581152226862975,0.016681593330710703,0.01672344379064726,0.015459559900563307,0.016698333514685325,0.01671507369865995,0.016748554066609193,0.016798774618533057,0.0,0.01656441204288835,0.016790404526545746,0.01663137277878684,0.01681551480250768,0.016807144710520368,0.016798774618533057,0.016698333514685325,0.016790404526545746,0.016765294250583814,0.01682388489449499,0.016614632594812218,0.016740183974621882,0.016681593330710703,0.01672344379064726,0.016480711123015242,0.016790404526545746,0.01662300268679953,0.016798774618533057,0.016765294250583814,0.016773664342571125,0.016664853146736082,0.01670670360667264,0.016522561582951796,0.016614632594812218,0.01681551480250768,0.016756924158596503,0.01684062507846961,0.01638027001916751,0.016798774618533057,0.016798774618533057,0.016154277535510114,0.016606262502824907,0.01663137277878684,0.016748554066609193,0.016740183974621882,0.016798774618533057,0.016740183974621882,0.01663137277878684,0.01682388489449499,0.01663137277878684,0.016765294250583814,0.01663137277878684,0.016740183974621882
AF8,0.01669545192861255,0.0166107893934776,0.016746249449693523,0.016636188154018083,0.01664465440753158,0.016373734295099734,0.01667851942158556,0.016559991872396627,0.01666158691455857,0.016653120661045073,0.01662772190050459,0.016729316942666533,0.01544244640861526,0.016653120661045073,0.01669545192861255,0.016720850689153036,0.016737783196180026,0.0,0.016543059365369636,0.016720850689153036,0.01666158691455857,0.016746249449693523,0.016720850689153036,0.016720850689153036,0.016771648210234007,0.016729316942666533,0.016703918182126045,0.016737783196180026,0.016576924379423617,0.016729316942666533,0.016593856886450608,0.016712384435639542,0.016475329337261674,0.016729316942666533,0.01662772190050459,0.0167801144637475,0.016720850689153036,0.016771648210234007,0.01667851942158556,0.016771648210234007,0.01662772190050459,0.016813979477801482,0.01676318195672051,0.01669545192861255,0.016788580717260998,0.016653120661045073,0.016737783196180026,0.016729316942666533,0.016212875478343325,0.0167801144637475,0.01667851942158556,0.016712384435639542,0.016729316942666533,0.016737783196180026,0.016703918182126045,0.016746249449693523,0.01676318195672051,0.01701716956212537,0.016686985675099054,0.0166023231399641,0.016729316942666533
AF4,0.016674075503032033,0.016447616731109563,0.016699237588801194,0.01673278703649341,0.016716012312647303,0.016237932683033206,0.016699237588801194,0.01663213869341676,0.016674075503032033,0.01663213869341676,0.016699237588801194,0.016741174398416468,0.015449520662266097,0.016716012312647303,0.016757949122262576,0.016741174398416468,0.016799885931877846,0.0,0.016623751331493707,0.01676633648418563,0.016657300779185924,0.01676633648418563,0.016757949122262576,0.016799885931877846,0.016699237588801194,0.01676633648418563,0.016783111208031738,0.016757949122262576,0.016640526055339815,0.016741174398416468,0.016657300779185924,0.016757949122262576,0.016489553540724837,0.016808273293800902,0.016657300779185924,0.016716012312647303,0.016783111208031738,0.016799885931877846,0.016716012312647303,0.01663213869341676,0.016489553540724837,0.01663213869341676,0.016783111208031738,0.016774723846108685,0.016783111208031738,0.01645600409303262,0.016808273293800902,0.016799885931877846,0.016162446425725716,0.016648913417262868,0.016665688141108977,0.016741174398416468,0.01674956176033952,0.01674956176033952,0.016757949122262576,0.01659020188380149,0.01674956176033952,0.016565039798032324,0.016808273293800902,0.016674075503032033,0.016783111208031738
F2,0.016772530453389046,0.01634289757889239,0.016578774451165065,0.016730409583340353,0.016755682105369568,0.016115444880629454,0.016730409583340353,0.016780954627398783,0.016570350277155324,0.016780954627398783,0.016764106279379305,0.01679780297541826,0.015508904351928294,0.016780954627398783,0.01681465132343774,0.016780954627398783,0.016755682105369568,0.0,0.016772530453389046,0.016679864539281924,0.01679780297541826,0.01668828871329166,0.016663016191262446,0.016730409583340353,0.016772530453389046,0.016679864539281924,0.01674725793135983,0.016679864539281924,0.016780954627398783,0.016730409583340353,0.01655350192913585,0.01679780297541826,0.016671440365272187,0.016721985409330616,0.016806227149427998,0.016629319495223494,0.016772530453389046,0.01673883375735009,0.016839923845466953,0.01655350192913585,0.01638501844894108,0.016620895321213754,0.016713561235320876,0.01673883375735009,0.016721985409330616,0.016612471147204017,0.01673883375735009,0.016730409583340353,0.016081748184590502,0.016629319495223494,0.016806227149427998,0.016755682105369568,0.016789378801408524,0.01668828871329166,0.016780954627398783,0.01649453271106768,0.016671440365272187,0.016561926103145587,0.016713561235320876,0.016806227149427998,0.016789378801408524
FCz,0.016742897906088707,0.016390415844907892,0.016625403885695104,0.016734505476060594,0.016734505476060594,0.016172212664176913,0.016717720616004364,0.016684150895891904,0.016608619025638875,0.01669254332592002,0.01670932818597625,0.01678486005622928,0.015433678821702825,0.016734505476060594,0.016793252486257397,0.01678486005622928,0.016776467626201167,0.0,0.016667366035835678,0.016717720616004364,0.016742897906088707,0.016726113046032477,0.016700935755948134,0.01676807519617305,0.01676807519617305,0.016717720616004364,0.016759682766144937,0.016717720616004364,0.016684150895891904,0.016734505476060594,0.016591834165582645,0.016776467626201167,0.016558264445470185,0.016759682766144937,0.016726113046032477,0.01667575846586379,0.01678486005622928,0.016776467626201167,0.016759682766144937,0.01658344173555453,0.016432377995048465,0.016684150895891904,0.016751290336116824,0.016759682766144937,0.016751290336116824,0.016558264445470185,0.01676807519617305,0.016759682766144937,0.01609668079392388,0.01669254332592002,0.016751290336116824,0.016776467626201167,0.016776467626201167,0.016717720616004364,0.016776467626201167,0.01653308715538584,0.01670932818597625,0.016600226595610758,0.016751290336116824,0.01670932818597625,0.016826822206369853
