,bankssts-lh,bankssts-rh,caudalanteriorcingulate-lh,caudalanteriorcingulate-rh,caudalmiddlefrontal-lh,caudalmiddlefrontal-rh,cuneus-lh,cuneus-rh,entorhinal-lh,entorhinal-rh,frontalpole-lh,frontalpole-rh,fusiform-lh,fusiform-rh,inferiorparietal-lh,inferiorparietal-rh,inferiortemporal-lh,inferiortemporal-rh,insula-lh,insula-rh,isthmuscingulate-lh,isthmuscingulate-rh,lateraloccipital-lh,lateraloccipital-rh,lateralorbitofrontal-lh,lateralorbitofrontal-rh,lingual-lh,lingual-rh,medialorbitofrontal-lh,medialorbitofrontal-rh,middletemporal-lh,middletemporal-rh,paracentral-lh,paracentral-rh,parahippocampal-lh,parahippocampal-rh,parsopercularis-lh,parsopercularis-rh,parsorbitalis-lh,parsorbitalis-rh,parstriangularis-lh,parstriangularis-rh,pericalcarine-lh,pericalcarine-rh,postcentral-lh,postcentral-rh,posteriorcingulate-lh,posteriorcingulate-rh,precentral-lh,precentral-rh,precuneus-lh,precuneus-rh,rostralanteriorcingulate-lh,rostralanteriorcingulate-rh,rostralmiddlefrontal-lh,rostralmiddlefrontal-rh,superiorfrontal-lh,superiorfrontal-rh,superiorparietal-lh,superiorparietal-rh,superiortemporal-lh,superiortemporal-rh,supramarginal-lh,supramarginal-rh,temporalpole-lh,temporalpole-rh,transversetemporal-lh,transversetemporal-rh
bankssts-lh,0.0,0.0,0.0,0.0,0.0,0.0,0.0,0.0,0.0,0.0,0.0,0.0,0.0,0.0,0.0,0.0,0.0,0.0,0.0,0.0,0.0,0.0,0.0,0.0,0.0,0.0,0.0,0.0,0.0,0.0,0.0,0.0,0.0,0.0,0.0,0.0,0.0,0.0,0.0,0.0,0.0,0.0,0.0,0.0,0.0,0.0,0.0,0.0,0.0,0.0,0.0,0.0,0.0,0.0,0.0,0.0,0.0,0.0,0.0,0.0,0.0,0.0,0.0,0.0,0.0,0.0,0.0,0.0
bankssts-rh,0.0,0.06896551724137931,0.034482758620689655,0.0,0.0,0.08620689655172414,0.08620689655172414,0.0,0.0,0.0,0.0,0.0,0.06896551724137931,0.0,0.0,0.0,0.0,0.0,0.0,0.0,0.08620689655172414,0.0,0.0,0.06896551724137931,0.017241379310344827,0.0,0.0,0.0,0.0,0.0,0.0,0.08620689655172414,0.0,0.034482758620689655,0.0,0.0,0.0,0.034482758620689655,0.05172413793103448,0.0,0.0,0.0,0.034482758620689655,0.0,0.0,0.0,0.0,0.0,0.08620689655172414,0.0,0.0,0.0,0.0,0.0,0.0,0.0,0.0,0.06896551724137931,0.0,0.0,0.0,0.08620689655172414,0.0,0.0,0.0,0.0,0.0,0.0
caudalanteriorcingulate-lh,0.0,0.024242424242424242,0.09090909090909091,0.048484848484848485,0.0,0.030303030303030304,0.024242424242424242,0.0,0.0,0.0,0.0,0.0,0.012121212121212121,0.0,0.0,0.0,0.0,0.0,0.0,0.0,0.06666666666666667,0.0,0.0,0.09696969696969697,0.06666666666666667,0.012121212121212121,0.0,0.0,0.0,0.0,0.0,0.024242424242424242,0.0,0.0,0.0,0.0,0.006060606060606061,0.0,0.012121212121212121,0.024242424242424242,0.0,0.024242424242424242,0.04242424242424243,0.048484848484848485,0.0,0.0,0.0,0.03636363636363636,0.024242424242424242,0.0,0.0,0.048484848484848485,0.012121212121212121,0.0,0.030303030303030304,0.024242424242424242,0.0,0.07878787878787878,0.0,0.06666666666666667,0.0,0.024242424242424242,0.0,0.0,0.0,0.0,0.0,0.0
caudalanteriorcingulate-rh,0.0,0.003134796238244514,0.03761755485893417,0.050156739811912224,0.0,0.006269592476489028,0.003134796238244514,0.0,0.009404388714733543,0.018808777429467086,0.006269592476489028,0.01567398119122257,0.0,0.009404388714733543,0.0,0.012539184952978056,0.0,0.012539184952978056,0.0,0.025078369905956112,0.01567398119122257,0.0219435736677116,0.0,0.034482758620689655,0.05329153605015674,0.03134796238244514,0.0,0.01567398119122257,0.012539184952978056,0.0,0.0,0.003134796238244514,0.009404388714733543,0.0,0.0,0.018808777429467086,0.01567398119122257,0.0,0.0,0.03761755485893417,0.003134796238244514,0.03761755485893417,0.018808777429467086,0.050156739811912224,0.0,0.0219435736677116,0.0,0.0438871473354232,0.003134796238244514,0.018808777429467086,0.009404388714733543,0.050156739811912224,0.03134796238244514,0.01567398119122257,0.04075235109717868,0.03761755485893417,0.0219435736677116,0.025078369905956112,0.0,0.05642633228840126,0.0,0.0,0.0,0.006269592476489028,0.0,0.006269592476489028,0.0,0.0219435736677116
caudalmiddlefrontal-lh,0.0,0.0,0.0,0.0,0.0,0.0,0.0,0.0,0.0,0.0,0.0,0.0,0.0,0.0,0.0,0.0,0.0,0.0,0.0,0.0,0.0,0.0,0.0,0.0,0.0,0.0,0.0,0.0,0.0,0.0,0.0,0.0,0.0,0.0,0.0,0.0,0.0,0.0,0.0,0.0,0.0,0.0,0.0,0.0,0.0,0.0,0.0,0.0,0.0,0.0,0.0,0.0,0.0,0.0,0.0,0.0,0.0,0.0,0.0,0.0,0.0,0.0,0.0,0.0,0.0,0.0,0.0,0.0
caudalmiddlefrontal-rh,0.0,0.06578947368421052,0.039473684210526314,0.0,0.0,0.07894736842105263,0.09210526315789473,0.0,0.0,0.0,0.0,0.0,0.06578947368421052,0.0,0.0,0.0,0.0,0.0,0.013157894736842105,0.0,0.07894736842105263,0.0,0.0,0.06578947368421052,0.02631578947368421,0.0,0.0,0.0,0.0,0.0,0.0,0.07894736842105263,0.0,0.039473684210526314,0.0,0.0,0.0,0.039473684210526314,0.039473684210526314,0.0,0.0,0.0,0.039473684210526314,0.0,0.0,0.0,0.0,0.0,0.07894736842105263,0.0,0.0,0.0,0.0,0.0,0.0,0.0,0.0,0.06578947368421052,0.0,0.013157894736842105,0.0,0.07894736842105263,0.0,0.0,0.0,0.0,0.0,0.0
cuneus-lh,0.0,0.02666666666666667,0.013333333333333334,0.0,0.0,0.03333333333333333,0.10666666666666667,0.0,0.0,0.0,0.0,0.0,0.06666666666666667,0.006666666666666667,0.0,0.0,0.04,0.0,0.06666666666666667,0.0,0.03333333333333333,0.0,0.0,0.02666666666666667,0.006666666666666667,0.0,0.04,0.0,0.0,0.0,0.0,0.03333333333333333,0.0,0.08666666666666667,0.0,0.0,0.0,0.07333333333333333,0.02666666666666667,0.0,0.0,0.0,0.02666666666666667,0.0,0.006666666666666667,0.0,0.0,0.0,0.06,0.0,0.0,0.0,0.0,0.0,0.0,0.0,0.0,0.02666666666666667,0.006666666666666667,0.0,0.0,0.1,0.0,0.013333333333333334,0.04666666666666667,0.0,0.02666666666666667,0.0
cuneus-rh,0.0,0.0,0.0,0.008639308855291577,0.0,0.0,0.0,0.03023758099352052,0.03455723542116631,0.03023758099352052,0.03023758099352052,0.03023758099352052,0.0,0.03455723542116631,0.0064794816414686825,0.01079913606911447,0.01511879049676026,0.03455723542116631,0.008639308855291577,0.02591792656587473,0.0,0.019438444924406047,0.01511879049676026,0.0,0.0021598272138228943,0.02159827213822894,0.017278617710583154,0.03455723542116631,0.03023758099352052,0.004319654427645789,0.0,0.0,0.028077753779697623,0.0,0.03023758099352052,0.03455723542116631,0.008639308855291577,0.01079913606911447,0.0,0.017278617710583154,0.01079913606911447,0.017278617710583154,0.0,0.0064794816414686825,0.0,0.02591792656587473,0.03023758099352052,0.012958963282937365,0.0,0.03023758099352052,0.03455723542116631,0.012958963282937365,0.019438444924406047,0.03023758099352052,0.01079913606911447,0.01511879049676026,0.03023758099352052,0.0,0.01511879049676026,0.0064794816414686825,0.0,0.0,0.0,0.03455723542116631,0.017278617710583154,0.03455723542116631,0.004319654427645789,0.02591792656587473
entorhinal-lh,0.0,0.0,0.0,0.013806706114398421,0.0,0.0,0.0,0.023668639053254437,0.029585798816568046,0.03353057199211045,0.027613412228796843,0.03353057199211045,0.0,0.029585798816568046,0.005917159763313609,0.013806706114398421,0.009861932938856016,0.03155818540433925,0.0039447731755424065,0.029585798816568046,0.0,0.023668639053254437,0.011834319526627219,0.0,0.007889546351084813,0.02564102564102564,0.011834319526627219,0.03353057199211045,0.03155818540433925,0.0019723865877712033,0.0,0.0,0.027613412228796843,0.0,0.023668639053254437,0.03353057199211045,0.009861932938856016,0.005917159763313609,0.0,0.021696252465483234,0.009861932938856016,0.021696252465483234,0.0,0.011834319526627219,0.0,0.029585798816568046,0.023668639053254437,0.01775147928994083,0.0,0.03353057199211045,0.029585798816568046,0.01775147928994083,0.023668639053254437,0.03353057199211045,0.015779092702169626,0.01972386587771203,0.03353057199211045,0.0,0.011834319526627219,0.011834319526627219,0.0,0.0,0.0,0.027613412228796843,0.011834319526627219,0.027613412228796843,0.0019723865877712033,0.029585798816568046
entorhinal-rh,0.0,0.0,0.003898635477582846,0.01949317738791423,0.0,0.0,0.0,0.01949317738791423,0.025341130604288498,0.031189083820662766,0.023391812865497075,0.029239766081871343,0.0,0.025341130604288498,0.005847953216374269,0.01364522417153996,0.005847953216374269,0.02729044834307992,0.001949317738791423,0.03508771929824561,0.0,0.02729044834307992,0.009746588693957114,0.001949317738791423,0.01364522417153996,0.031189083820662766,0.007797270955165692,0.029239766081871343,0.02729044834307992,0.0,0.0,0.0,0.025341130604288498,0.0,0.01949317738791423,0.031189083820662766,0.01364522417153996,0.001949317738791423,0.0,0.02729044834307992,0.009746588693957114,0.02729044834307992,0.001949317738791423,0.017543859649122806,0.0,0.03313840155945419,0.01949317738791423,0.023391812865497075,0.0,0.031189083820662766,0.025341130604288498,0.023391812865497075,0.029239766081871343,0.029239766081871343,0.021442495126705652,0.025341130604288498,0.03313840155945419,0.0,0.009746588693957114,0.017543859649122806,0.0,0.0,0.0,0.023391812865497075,0.007797270955165692,0.023391812865497075,0.0,0.03313840155945419
frontalpole-lh,0.0,0.0,0.0,0.013856812933025405,0.0,0.0,0.0,0.023094688221709007,0.03002309468822171,0.03233256351039261,0.02771362586605081,0.03233256351039261,0.0,0.03002309468822171,0.006928406466512702,0.013856812933025405,0.006928406466512702,0.03233256351039261,0.0023094688221709007,0.03233256351039261,0.0,0.025404157043879907,0.011547344110854504,0.0,0.006928406466512702,0.02771362586605081,0.009237875288683603,0.03233256351039261,0.03233256351039261,0.0,0.0,0.0,0.03002309468822171,0.0,0.023094688221709007,0.03233256351039261,0.011547344110854504,0.0023094688221709007,0.0,0.023094688221709007,0.011547344110854504,0.023094688221709007,0.0,0.011547344110854504,0.0,0.03233256351039261,0.023094688221709007,0.018475750577367205,0.0,0.03233256351039261,0.03002309468822171,0.018475750577367205,0.025404157043879907,0.03233256351039261,0.016166281755196306,0.020785219399538105,0.03233256351039261,0.0,0.011547344110854504,0.011547344110854504,0.0,0.0,0.0,0.02771362586605081,0.009237875288683603,0.02771362586605081,0.0,0.03233256351039261
frontalpole-rh,0.0,0.0,0.002028397565922921,0.018255578093306288,0.0,0.0,0.0,0.02028397565922921,0.02636916835699797,0.032454361054766734,0.02434077079107505,0.030425963488843813,0.0,0.02636916835699797,0.006085192697768763,0.014198782961460446,0.006085192697768763,0.028397565922920892,0.002028397565922921,0.034482758620689655,0.0,0.028397565922920892,0.010141987829614604,0.0,0.012170385395537525,0.030425963488843813,0.008113590263691683,0.030425963488843813,0.028397565922920892,0.0,0.0,0.0,0.02636916835699797,0.0,0.02028397565922921,0.032454361054766734,0.012170385395537525,0.002028397565922921,0.0,0.02636916835699797,0.010141987829614604,0.02636916835699797,0.0,0.016227180527383367,0.0,0.032454361054766734,0.02028397565922921,0.02231237322515213,0.0,0.032454361054766734,0.02636916835699797,0.02231237322515213,0.028397565922920892,0.030425963488843813,0.02028397565922921,0.02434077079107505,0.032454361054766734,0.0,0.010141987829614604,0.016227180527383367,0.0,0.0,0.0,0.02434077079107505,0.008113590263691683,0.02434077079107505,0.0,0.032454361054766734
fusiform-lh,0.0,0.02631578947368421,0.0,0.0,0.0,0.039473684210526314,0.13157894736842105,0.0,0.0,0.0,0.0,0.0,0.10526315789473684,0.0,0.0,0.0,0.013157894736842105,0.0,0.06578947368421052,0.0,0.039473684210526314,0.0,0.0,0.02631578947368421,0.0,0.0,0.013157894736842105,0.0,0.0,0.0,0.0,0.039473684210526314,0.0,0.11842105263157894,0.0,0.0,0.0,0.07894736842105263,0.02631578947368421,0.0,0.0,0.0,0.013157894736842105,0.0,0.0,0.0,0.0,0.0,0.07894736842105263,0.0,0.0,0.0,0.0,0.0,0.0,0.0,0.0,0.02631578947368421,0.0,0.0,0.0,0.11842105263157894,0.0,0.0,0.02631578947368421,0.0,0.013157894736842105,0.0
fusiform-rh,0.0,0.0,0.0,0.012589928057553957,0.0,0.0,0.0,0.02697841726618705,0.030575539568345324,0.030575539568345324,0.025179856115107913,0.030575539568345324,0.0,0.03237410071942446,0.00539568345323741,0.012589928057553957,0.014388489208633094,0.03237410071942446,0.008992805755395683,0.02697841726618705,0.0,0.02158273381294964,0.014388489208633094,0.0,0.007194244604316547,0.023381294964028777,0.01618705035971223,0.03597122302158273,0.02877697841726619,0.0035971223021582736,0.0,0.0,0.025179856115107913,0.0,0.02697841726618705,0.0341726618705036,0.008992805755395683,0.01079136690647482,0.0,0.019784172661870502,0.008992805755395683,0.019784172661870502,0.0,0.01079136690647482,0.0,0.02697841726618705,0.025179856115107913,0.01618705035971223,0.0,0.030575539568345324,0.030575539568345324,0.01618705035971223,0.02158273381294964,0.030575539568345324,0.014388489208633094,0.017985611510791366,0.030575539568345324,0.0,0.014388489208633094,0.01079136690647482,0.0,0.0,0.0,0.030575539568345324,0.01618705035971223,0.02877697841726619,0.00539568345323741,0.02697841726618705
inferiorparietal-lh,0.0,0.0,0.0,0.01818181818181818,0.0,0.0,0.0,0.01818181818181818,0.02727272727272727,0.02727272727272727,0.02727272727272727,0.02727272727272727,0.0,0.02727272727272727,0.01818181818181818,0.02727272727272727,0.0,0.02727272727272727,0.0,0.02727272727272727,0.0,0.02727272727272727,0.01818181818181818,0.0,0.0,0.02727272727272727,0.0,0.02727272727272727,0.02727272727272727,0.0,0.0,0.0,0.02727272727272727,0.0,0.01818181818181818,0.02727272727272727,0.02727272727272727,0.0,0.0,0.02727272727272727,0.02727272727272727,0.02727272727272727,0.0,0.00909090909090909,0.0,0.02727272727272727,0.01818181818181818,0.02727272727272727,0.0,0.02727272727272727,0.02727272727272727,0.02727272727272727,0.02727272727272727,0.02727272727272727,0.02727272727272727,0.02727272727272727,0.02727272727272727,0.0,0.01818181818181818,0.01818181818181818,0.0,0.0,0.0,0.02727272727272727,0.0,0.02727272727272727,0.0,0.02727272727272727
inferiorparietal-rh,0.0,0.0,0.004878048780487805,0.02926829268292683,0.0,0.0,0.0,0.00975609756097561,0.01951219512195122,0.02926829268292683,0.014634146341463415,0.02926829268292683,0.0,0.01951219512195122,0.00975609756097561,0.024390243902439025,0.0,0.024390243902439025,0.0,0.03414634146341464,0.0,0.03414634146341464,0.00975609756097561,0.0,0.01951219512195122,0.03414634146341464,0.0,0.02926829268292683,0.024390243902439025,0.0,0.0,0.0,0.01951219512195122,0.0,0.00975609756097561,0.02926829268292683,0.01951219512195122,0.0,0.0,0.03414634146341464,0.014634146341463415,0.03414634146341464,0.0,0.024390243902439025,0.0,0.02926829268292683,0.00975609756097561,0.03414634146341464,0.0,0.02926829268292683,0.01951219512195122,0.03414634146341464,0.03414634146341464,0.02926829268292683,0.03414634146341464,0.03414634146341464,0.02926829268292683,0.0,0.00975609756097561,0.02926829268292683,0.0,0.0,0.0,0.014634146341463415,0.0,0.014634146341463415,0.0,0.02926829268292683
inferiortemporal-lh,0.0,0.0,0.0,0.0,0.0,0.0,0.006944444444444444,0.03819444444444445,0.03125,0.024305555555555556,0.024305555555555556,0.024305555555555556,0.0,0.041666666666666664,0.003472222222222222,0.003472222222222222,0.04513888888888889,0.03125,0.034722222222222224,0.017361111111111112,0.0,0.006944444444444444,0.020833333333333332,0.0,0.0,0.010416666666666666,0.04861111111111111,0.034722222222222224,0.024305555555555556,0.006944444444444444,0.0,0.0,0.020833333333333332,0.010416666666666666,0.034722222222222224,0.03125,0.003472222222222222,0.03819444444444445,0.0,0.003472222222222222,0.006944444444444444,0.003472222222222222,0.0,0.0,0.003472222222222222,0.017361111111111112,0.034722222222222224,0.0,0.0,0.024305555555555556,0.03125,0.0,0.006944444444444444,0.024305555555555556,0.0,0.0,0.024305555555555556,0.0,0.024305555555555556,0.0,0.0,0.013888888888888888,0.0,0.04513888888888889,0.04861111111111111,0.03125,0.020833333333333332,0.017361111111111112
inferiortemporal-rh,0.0,0.0,0.0,0.015151515151515152,0.0,0.0,0.0,0.022727272727272728,0.028409090909090908,0.03409090909090909,0.026515151515151516,0.032196969696969696,0.0,0.028409090909090908,0.005681818181818182,0.013257575757575758,0.00946969696969697,0.030303030303030304,0.003787878787878788,0.030303030303030304,0.0,0.02462121212121212,0.011363636363636364,0.0,0.00946969696969697,0.026515151515151516,0.011363636363636364,0.032196969696969696,0.030303030303030304,0.001893939393939394,0.0,0.0,0.026515151515151516,0.0,0.022727272727272728,0.03409090909090909,0.011363636363636364,0.005681818181818182,0.0,0.022727272727272728,0.00946969696969697,0.022727272727272728,0.0,0.013257575757575758,0.0,0.030303030303030304,0.022727272727272728,0.01893939393939394,0.0,0.03409090909090909,0.028409090909090908,0.01893939393939394,0.02462121212121212,0.032196969696969696,0.017045454545454544,0.020833333333333332,0.03409090909090909,0.0,0.011363636363636364,0.013257575757575758,0.0,0.0,0.0,0.026515151515151516,0.011363636363636364,0.026515151515151516,0.001893939393939394,0.030303030303030304
insula-lh,0.0,0.0,0.0,0.0,0.0,0.0,0.02654867256637168,0.035398230088495575,0.02654867256637168,0.017699115044247787,0.017699115044247787,0.017699115044247787,0.004424778761061947,0.03982300884955752,0.0,0.0,0.05752212389380531,0.02654867256637168,0.061946902654867256,0.008849557522123894,0.0,0.0,0.01327433628318584,0.0,0.0,0.004424778761061947,0.061946902654867256,0.030973451327433628,0.017699115044247787,0.008849557522123894,0.0,0.0,0.01327433628318584,0.030973451327433628,0.030973451327433628,0.02654867256637168,0.0,0.06637168141592921,0.0,0.0,0.0,0.0,0.0,0.0,0.004424778761061947,0.008849557522123894,0.030973451327433628,0.0,0.0,0.017699115044247787,0.02654867256637168,0.0,0.0,0.017699115044247787,0.0,0.0,0.017699115044247787,0.0,0.017699115044247787,0.0,0.0,0.035398230088495575,0.0,0.04424778761061947,0.06637168141592921,0.02654867256637168,0.030973451327433628,0.008849557522123894
insula-rh,0.0,0.0,0.0081799591002045,0.024539877300613498,0.0,0.0,0.0,0.016359918200409,0.022494887525562373,0.028629856850715747,0.02044989775051125,0.026584867075664622,0.0,0.022494887525562373,0.006134969325153374,0.014314928425357873,0.002044989775051125,0.024539877300613498,0.0,0.032719836400818,0.0,0.028629856850715747,0.0081799591002045,0.006134969325153374,0.018404907975460124,0.03680981595092025,0.00408997955010225,0.026584867075664622,0.024539877300613498,0.0,0.0,0.0,0.022494887525562373,0.0,0.016359918200409,0.028629856850715747,0.016359918200409,0.0,0.0,0.032719836400818,0.010224948875255624,0.032719836400818,0.00408997955010225,0.022494887525562373,0.0,0.03067484662576687,0.016359918200409,0.028629856850715747,0.0,0.028629856850715747,0.022494887525562373,0.028629856850715747,0.034764826175869123,0.026584867075664622,0.026584867075664622,0.03067484662576687,0.03067484662576687,0.0,0.0081799591002045,0.022494887525562373,0.0,0.0,0.0,0.02044989775051125,0.00408997955010225,0.02044989775051125,0.0,0.03067484662576687
isthmuscingulate-lh,0.0,0.04807692307692308,0.07692307692307693,0.009615384615384616,0.0,0.057692307692307696,0.0673076923076923,0.0,0.0,0.0,0.0,0.0,0.04807692307692308,0.0,0.0,0.0,0.0,0.0,0.009615384615384616,0.0,0.10576923076923077,0.0,0.0,0.09615384615384616,0.038461538461538464,0.0,0.0,0.0,0.0,0.0,0.0,0.057692307692307696,0.0,0.028846153846153848,0.0,0.0,0.0,0.028846153846153848,0.028846153846153848,0.0,0.0,0.0,0.028846153846153848,0.009615384615384616,0.0,0.0,0.0,0.0,0.057692307692307696,0.0,0.0,0.009615384615384616,0.0,0.0,0.0,0.0,0.0,0.08653846153846154,0.0,0.038461538461538464,0.0,0.0673076923076923,0.0,0.0,0.0,0.0,0.0,0.0
isthmuscingulate-rh,0.0,0.0,0.007712082262210797,0.028277634961439587,0.0,0.0,0.0,0.012853470437017995,0.02056555269922879,0.028277634961439587,0.017994858611825194,0.02570694087403599,0.0,0.02056555269922879,0.007712082262210797,0.017994858611825194,0.0,0.02313624678663239,0.0,0.033419023136246784,0.0,0.030848329048843187,0.007712082262210797,0.005141388174807198,0.02056555269922879,0.03598971722365039,0.0,0.02570694087403599,0.02313624678663239,0.0,0.0,0.0,0.02056555269922879,0.0,0.012853470437017995,0.028277634961439587,0.017994858611825194,0.0,0.0,0.03598971722365039,0.010282776349614395,0.03598971722365039,0.002570694087403599,0.02570694087403599,0.0,0.030848329048843187,0.012853470437017995,0.033419023136246784,0.0,0.028277634961439587,0.02056555269922879,0.033419023136246784,0.03598971722365039,0.02570694087403599,0.030848329048843187,0.033419023136246784,0.030848329048843187,0.0,0.007712082262210797,0.02570694087403599,0.0,0.0,0.0,0.017994858611825194,0.0,0.017994858611825194,0.0,0.030848329048843187
lateraloccipital-lh,0.0,0.0,0.0,0.00816326530612245,0.0,0.0,0.0,0.02857142857142857,0.0326530612244898,0.02857142857142857,0.02857142857142857,0.02857142857142857,0.0,0.0326530612244898,0.012244897959183673,0.0163265306122449,0.0163265306122449,0.0326530612244898,0.004081632653061225,0.024489795918367346,0.0,0.02040816326530612,0.02857142857142857,0.0,0.0,0.02040816326530612,0.0163265306122449,0.0326530612244898,0.02857142857142857,0.0,0.0,0.0,0.024489795918367346,0.0,0.02857142857142857,0.0326530612244898,0.0163265306122449,0.00816326530612245,0.0,0.0163265306122449,0.02040816326530612,0.0163265306122449,0.0,0.004081632653061225,0.0,0.024489795918367346,0.02857142857142857,0.012244897959183673,0.0,0.02857142857142857,0.0326530612244898,0.012244897959183673,0.02040816326530612,0.02857142857142857,0.012244897959183673,0.012244897959183673,0.02857142857142857,0.0,0.02857142857142857,0.00816326530612245,0.0,0.0,0.0,0.0326530612244898,0.0163265306122449,0.0326530612244898,0.00816326530612245,0.024489795918367346
lateraloccipital-rh,0.0,0.0273224043715847,0.07650273224043716,0.03825136612021858,0.0,0.03825136612021858,0.04371584699453552,0.0,0.0,0.0,0.0,0.0,0.0273224043715847,0.0,0.0,0.0,0.0,0.0,0.0,0.0,0.07103825136612021,0.0,0.0,0.09289617486338798,0.0546448087431694,0.00546448087431694,0.0,0.0,0.0,0.0,0.0,0.03278688524590164,0.0,0.01092896174863388,0.0,0.0,0.00546448087431694,0.01092896174863388,0.0273224043715847,0.01639344262295082,0.0,0.01639344262295082,0.04918032786885246,0.03825136612021858,0.0,0.0,0.0,0.0273224043715847,0.04371584699453552,0.0,0.0,0.03825136612021858,0.00546448087431694,0.0,0.02185792349726776,0.01639344262295082,0.0,0.07650273224043716,0.0,0.0546448087431694,0.0,0.03278688524590164,0.0,0.0,0.0,0.0,0.0,0.0
lateralorbitofrontal-lh,0.0,0.011811023622047244,0.05905511811023622,0.051181102362204724,0.0,0.015748031496062992,0.011811023622047244,0.0,0.003937007874015748,0.011811023622047244,0.0,0.007874015748031496,0.003937007874015748,0.003937007874015748,0.0,0.007874015748031496,0.0,0.003937007874015748,0.0,0.01968503937007874,0.031496062992125984,0.015748031496062992,0.0,0.05511811023622047,0.06299212598425197,0.027559055118110236,0.0,0.007874015748031496,0.003937007874015748,0.0,0.0,0.011811023622047244,0.0,0.0,0.0,0.011811023622047244,0.011811023622047244,0.0,0.003937007874015748,0.03543307086614173,0.0,0.03543307086614173,0.031496062992125984,0.051181102362204724,0.0,0.015748031496062992,0.0,0.04330708661417323,0.011811023622047244,0.011811023622047244,0.0,0.051181102362204724,0.027559055118110236,0.007874015748031496,0.03937007874015748,0.03543307086614173,0.015748031496062992,0.04330708661417323,0.0,0.06299212598425197,0.0,0.007874015748031496,0.0,0.0,0.0,0.0,0.0,0.015748031496062992
lateralorbitofrontal-rh,0.0,0.0,0.013043478260869565,0.030434782608695653,0.0,0.0,0.0,0.013043478260869565,0.01956521739130435,0.02608695652173913,0.017391304347826087,0.02391304347826087,0.0,0.01956521739130435,0.006521739130434782,0.015217391304347827,0.0,0.021739130434782608,0.0,0.030434782608695653,0.0,0.02826086956521739,0.006521739130434782,0.010869565217391304,0.02391304347826087,0.034782608695652174,0.0,0.02391304347826087,0.021739130434782608,0.0,0.0,0.0,0.01956521739130435,0.0,0.013043478260869565,0.02608695652173913,0.017391304347826087,0.0,0.0,0.0391304347826087,0.008695652173913044,0.0391304347826087,0.006521739130434782,0.02826086956521739,0.0,0.02826086956521739,0.013043478260869565,0.034782608695652174,0.0,0.02608695652173913,0.01956521739130435,0.034782608695652174,0.034782608695652174,0.02391304347826087,0.03260869565217391,0.03695652173913044,0.02826086956521739,0.004347826086956522,0.006521739130434782,0.02826086956521739,0.0,0.0,0.0,0.017391304347826087,0.0,0.017391304347826087,0.0,0.02826086956521739
lingual-lh,0.0,0.0,0.0,0.0,0.0,0.0,0.006349206349206349,0.0380952380952381,0.031746031746031744,0.025396825396825397,0.025396825396825397,0.025396825396825397,0.0,0.04126984126984127,0.0031746031746031746,0.0031746031746031746,0.04126984126984127,0.031746031746031744,0.031746031746031744,0.01904761904761905,0.0,0.009523809523809525,0.01904761904761905,0.0,0.0,0.012698412698412698,0.044444444444444446,0.03492063492063492,0.025396825396825397,0.006349206349206349,0.0,0.0,0.022222222222222223,0.009523809523809525,0.03492063492063492,0.031746031746031744,0.0031746031746031746,0.03492063492063492,0.0,0.006349206349206349,0.006349206349206349,0.006349206349206349,0.0,0.0,0.0031746031746031746,0.01904761904761905,0.03492063492063492,0.0,0.0,0.025396825396825397,0.031746031746031744,0.0,0.009523809523809525,0.025396825396825397,0.0,0.0031746031746031746,0.025396825396825397,0.0,0.022222222222222223,0.0,0.0,0.012698412698412698,0.0,0.044444444444444446,0.044444444444444446,0.031746031746031744,0.015873015873015872,0.01904761904761905
lingual-rh,0.0,0.0,0.0017793594306049821,0.01601423487544484,0.0,0.0,0.0,0.023131672597864767,0.028469750889679714,0.03202846975088968,0.02491103202846975,0.030249110320284697,0.0,0.028469750889679714,0.005338078291814947,0.012455516014234875,0.010676156583629894,0.030249110320284697,0.005338078291814947,0.030249110320284697,0.0,0.02491103202846975,0.012455516014234875,0.0,0.010676156583629894,0.026690391459074734,0.012455516014234875,0.03202846975088968,0.028469750889679714,0.0017793594306049821,0.0,0.0,0.02491103202846975,0.0,0.023131672597864767,0.033807829181494664,0.010676156583629894,0.0071174377224199285,0.0,0.023131672597864767,0.008896797153024912,0.023131672597864767,0.0,0.014234875444839857,0.0,0.028469750889679714,0.023131672597864767,0.019572953736654804,0.0,0.03202846975088968,0.028469750889679714,0.019572953736654804,0.02491103202846975,0.030249110320284697,0.017793594306049824,0.021352313167259787,0.03202846975088968,0.0,0.012455516014234875,0.014234875444839857,0.0,0.0,0.0,0.026690391459074734,0.012455516014234875,0.026690391459074734,0.0035587188612099642,0.028469750889679714
medialorbitofrontal-lh,0.0,0.0,0.0,0.016736401673640166,0.0,0.0,0.0,0.02092050209205021,0.027196652719665274,0.03347280334728033,0.02510460251046025,0.03138075313807531,0.0,0.027196652719665274,0.006276150627615063,0.014644351464435146,0.006276150627615063,0.029288702928870293,0.0020920502092050207,0.03347280334728033,0.0,0.027196652719665274,0.010460251046025104,0.0,0.010460251046025104,0.029288702928870293,0.008368200836820083,0.03138075313807531,0.029288702928870293,0.0,0.0,0.0,0.027196652719665274,0.0,0.02092050209205021,0.03347280334728033,0.012552301255230125,0.0020920502092050207,0.0,0.02510460251046025,0.010460251046025104,0.02510460251046025,0.0,0.014644351464435146,0.0,0.03347280334728033,0.02092050209205021,0.02092050209205021,0.0,0.03347280334728033,0.027196652719665274,0.02092050209205021,0.027196652719665274,0.03138075313807531,0.01882845188284519,0.02301255230125523,0.03347280334728033,0.0,0.010460251046025104,0.014644351464435146,0.0,0.0,0.0,0.02510460251046025,0.008368200836820083,0.02510460251046025,0.0,0.03347280334728033
medialorbitofrontal-rh,0.0,0.0,0.0,0.0,0.0,0.0,0.0,0.038461538461538464,0.038461538461538464,0.038461538461538464,0.038461538461538464,0.038461538461538464,0.0,0.038461538461538464,0.0,0.0,0.038461538461538464,0.038461538461538464,0.038461538461538464,0.019230769230769232,0.0,0.0,0.0,0.0,0.0,0.0,0.038461538461538464,0.038461538461538464,0.038461538461538464,0.019230769230769232,0.0,0.0,0.038461538461538464,0.0,0.038461538461538464,0.038461538461538464,0.0,0.038461538461538464,0.0,0.0,0.0,0.0,0.0,0.0,0.0,0.019230769230769232,0.038461538461538464,0.0,0.0,0.038461538461538464,0.038461538461538464,0.0,0.0,0.038461538461538464,0.0,0.0,0.038461538461538464,0.0,0.0,0.0,0.0,0.0,0.0,0.038461538461538464,0.038461538461538464,0.038461538461538464,0.0,0.019230769230769232
middletemporal-lh,0.0,0.0,0.0,0.0,0.0,0.0,0.0,0.0,0.0,0.0,0.0,0.0,0.0,0.0,0.0,0.0,0.0,0.0,0.0,0.0,0.0,0.0,0.0,0.0,0.0,0.0,0.0,0.0,0.0,0.0,0.0,0.0,0.0,0.0,0.0,0.0,0.0,0.0,0.0,0.0,0.0,0.0,0.0,0.0,0.0,0.0,0.0,0.0,0.0,0.0,0.0,0.0,0.0,0.0,0.0,0.0,0.0,0.0,0.0,0.0,0.0,0.0,0.0,0.0,0.0,0.0,0.0,0.0
middletemporal-rh,0.0,0.0625,0.03125,0.0,0.0,0.078125,0.09375,0.0,0.0,0.0,0.0,0.0,0.078125,0.0,0.0,0.0,0.0,0.0,0.015625,0.0,0.078125,0.0,0.0,0.0625,0.015625,0.0,0.0,0.0,0.0,0.0,0.0,0.078125,0.0,0.046875,0.0,0.0,0.0,0.046875,0.046875,0.0,0.0,0.0,0.03125,0.0,0.0,0.0,0.0,0.0,0.078125,0.0,0.0,0.0,0.0,0.0,0.0,0.0,0.0,0.0625,0.0,0.0,0.0,0.09375,0.0,0.0,0.0,0.0,0.0,0.0
paracentral-lh,0.0,0.0,0.0,0.01639344262295082,0.0,0.0,0.0,0.02107728337236534,0.02810304449648712,0.03278688524590164,0.02576112412177986,0.03044496487119438,0.0,0.02810304449648712,0.00702576112412178,0.01405152224824356,0.00468384074941452,0.03044496487119438,0.00234192037470726,0.03278688524590164,0.0,0.02810304449648712,0.00936768149882904,0.0,0.00936768149882904,0.03044496487119438,0.00702576112412178,0.03044496487119438,0.03044496487119438,0.0,0.0,0.0,0.02810304449648712,0.0,0.02107728337236534,0.03278688524590164,0.01405152224824356,0.00234192037470726,0.0,0.02576112412177986,0.0117096018735363,0.02576112412177986,0.0,0.01405152224824356,0.0,0.03278688524590164,0.02107728337236534,0.02107728337236534,0.0,0.03278688524590164,0.02810304449648712,0.02107728337236534,0.02810304449648712,0.03044496487119438,0.01873536299765808,0.0234192037470726,0.03278688524590164,0.0,0.00936768149882904,0.01405152224824356,0.0,0.0,0.0,0.02576112412177986,0.00702576112412178,0.02576112412177986,0.0,0.03278688524590164
paracentral-rh,0.0,0.0,0.0,0.0,0.0,0.009615384615384616,0.09615384615384616,0.009615384615384616,0.0,0.0,0.0,0.0,0.04807692307692308,0.019230769230769232,0.0,0.0,0.0673076923076923,0.0,0.10576923076923077,0.0,0.009615384615384616,0.0,0.009615384615384616,0.0,0.0,0.0,0.0673076923076923,0.009615384615384616,0.0,0.0,0.0,0.009615384615384616,0.0,0.10576923076923077,0.009615384615384616,0.0,0.0,0.10576923076923077,0.0,0.0,0.0,0.0,0.0,0.0,0.009615384615384616,0.0,0.0,0.0,0.028846153846153848,0.0,0.0,0.0,0.0,0.0,0.0,0.0,0.0,0.0,0.019230769230769232,0.0,0.0,0.10576923076923077,0.0,0.028846153846153848,0.07692307692307693,0.0,0.04807692307692308,0.0
parahippocampal-lh,0.0,0.0,0.0,0.008968609865470852,0.0,0.0,0.0,0.02914798206278027,0.033632286995515695,0.03139013452914798,0.03139013452914798,0.03139013452914798,0.0,0.033632286995515695,0.006726457399103139,0.011210762331838564,0.013452914798206279,0.033632286995515695,0.006726457399103139,0.026905829596412557,0.0,0.020179372197309416,0.01569506726457399,0.0,0.002242152466367713,0.02242152466367713,0.01569506726457399,0.033632286995515695,0.03139013452914798,0.002242152466367713,0.0,0.0,0.02914798206278027,0.0,0.02914798206278027,0.033632286995515695,0.008968609865470852,0.008968609865470852,0.0,0.017937219730941704,0.011210762331838564,0.017937219730941704,0.0,0.006726457399103139,0.0,0.026905829596412557,0.02914798206278027,0.013452914798206279,0.0,0.03139013452914798,0.033632286995515695,0.013452914798206279,0.020179372197309416,0.03139013452914798,0.011210762331838564,0.01569506726457399,0.03139013452914798,0.0,0.01569506726457399,0.006726457399103139,0.0,0.0,0.0,0.033632286995515695,0.01569506726457399,0.033632286995515695,0.004484304932735426,0.026905829596412557
parahippocampal-rh,0.0,0.0,0.003552397868561279,0.017761989342806393,0.0,0.0,0.0,0.021314387211367674,0.02664298401420959,0.03197158081705151,0.02486678507992895,0.03019538188277087,0.0,0.02664298401420959,0.0053285968028419185,0.012433392539964476,0.008880994671403197,0.028419182948490232,0.003552397868561279,0.03197158081705151,0.0,0.02486678507992895,0.010657193605683837,0.0017761989342806395,0.012433392539964476,0.028419182948490232,0.010657193605683837,0.03019538188277087,0.028419182948490232,0.0017761989342806395,0.0,0.0,0.02486678507992895,0.0,0.021314387211367674,0.03197158081705151,0.012433392539964476,0.0053285968028419185,0.0,0.02486678507992895,0.008880994671403197,0.02486678507992895,0.0017761989342806395,0.015985790408525755,0.0,0.03019538188277087,0.021314387211367674,0.021314387211367674,0.0,0.03197158081705151,0.02664298401420959,0.021314387211367674,0.02664298401420959,0.03019538188277087,0.019538188277087035,0.023090586145648313,0.03374777975133215,0.0,0.010657193605683837,0.015985790408525755,0.0,0.0,0.0,0.02486678507992895,0.010657193605683837,0.02486678507992895,0.0017761989342806395,0.03019538188277087
parsopercularis-lh,0.0,0.0,0.014354066985645933,0.03349282296650718,0.0,0.0,0.0,0.009569377990430622,0.014354066985645933,0.023923444976076555,0.014354066985645933,0.019138755980861243,0.0,0.014354066985645933,0.009569377990430622,0.014354066985645933,0.0,0.019138755980861243,0.0,0.028708133971291867,0.0,0.023923444976076555,0.009569377990430622,0.014354066985645933,0.023923444976076555,0.03349282296650718,0.0,0.019138755980861243,0.019138755980861243,0.0,0.0,0.0,0.019138755980861243,0.0,0.009569377990430622,0.023923444976076555,0.03349282296650718,0.0,0.0,0.03827751196172249,0.014354066985645933,0.03827751196172249,0.014354066985645933,0.028708133971291867,0.0,0.028708133971291867,0.009569377990430622,0.03827751196172249,0.0,0.023923444976076555,0.019138755980861243,0.03827751196172249,0.03349282296650718,0.019138755980861243,0.03827751196172249,0.03827751196172249,0.028708133971291867,0.004784688995215311,0.009569377990430622,0.03349282296650718,0.0,0.0,0.0,0.014354066985645933,0.0,0.014354066985645933,0.0,0.028708133971291867
parsopercularis-rh,0.0,0.0,0.0,0.0,0.0,0.003816793893129771,0.026717557251908396,0.03435114503816794,0.026717557251908396,0.019083969465648856,0.019083969465648856,0.019083969465648856,0.007633587786259542,0.03816793893129771,0.0,0.0,0.05343511450381679,0.026717557251908396,0.05343511450381679,0.011450381679389313,0.003816793893129771,0.0,0.015267175572519083,0.0,0.0,0.003816793893129771,0.05725190839694656,0.030534351145038167,0.019083969465648856,0.007633587786259542,0.0,0.003816793893129771,0.015267175572519083,0.030534351145038167,0.030534351145038167,0.026717557251908396,0.0,0.061068702290076333,0.0,0.0,0.0,0.0,0.0,0.0,0.003816793893129771,0.011450381679389313,0.030534351145038167,0.0,0.003816793893129771,0.019083969465648856,0.026717557251908396,0.0,0.0,0.019083969465648856,0.0,0.0,0.019083969465648856,0.0,0.019083969465648856,0.0,0.0,0.03435114503816794,0.0,0.04198473282442748,0.061068702290076333,0.026717557251908396,0.026717557251908396,0.011450381679389313
parsorbitalis-lh,0.0,0.038461538461538464,0.0,0.0,0.0,0.057692307692307696,0.11538461538461539,0.0,0.0,0.0,0.0,0.0,0.09615384615384616,0.0,0.0,0.0,0.0,0.0,0.0,0.0,0.057692307692307696,0.0,0.0,0.07692307692307693,0.0,0.0,0.0,0.0,0.0,0.0,0.0,0.057692307692307696,0.0,0.057692307692307696,0.0,0.0,0.0,0.038461538461538464,0.09615384615384616,0.0,0.0,0.0,0.07692307692307693,0.0,0.0,0.0,0.0,0.0,0.1346153846153846,0.0,0.0,0.0,0.0,0.0,0.0,0.0,0.0,0.038461538461538464,0.0,0.0,0.0,0.057692307692307696,0.0,0.0,0.0,0.0,0.0,0.0
parsorbitalis-rh,0.0,0.0,0.01904761904761905,0.0380952380952381,0.0,0.0,0.0,0.009523809523809525,0.016666666666666666,0.023809523809523808,0.014285714285714285,0.02142857142857143,0.0,0.016666666666666666,0.004761904761904762,0.014285714285714285,0.0,0.01904761904761905,0.0,0.02857142857142857,0.002380952380952381,0.02619047619047619,0.004761904761904762,0.016666666666666666,0.030952380952380953,0.03333333333333333,0.0,0.02142857142857143,0.01904761904761905,0.0,0.0,0.0,0.016666666666666666,0.0,0.009523809523809525,0.023809523809523808,0.016666666666666666,0.0,0.0,0.0380952380952381,0.007142857142857143,0.0380952380952381,0.009523809523809525,0.03571428571428571,0.0,0.02619047619047619,0.009523809523809525,0.04285714285714286,0.0,0.023809523809523808,0.016666666666666666,0.04285714285714286,0.03333333333333333,0.02142857142857143,0.0380952380952381,0.0380952380952381,0.02619047619047619,0.009523809523809525,0.004761904761904762,0.03571428571428571,0.0,0.0,0.0,0.014285714285714285,0.0,0.014285714285714285,0.0,0.02619047619047619
parstriangularis-lh,0.0,0.0,0.0,0.017543859649122806,0.0,0.0,0.0,0.017543859649122806,0.023391812865497075,0.029239766081871343,0.023391812865497075,0.029239766081871343,0.0,0.023391812865497075,0.017543859649122806,0.023391812865497075,0.0,0.029239766081871343,0.0,0.029239766081871343,0.0,0.029239766081871343,0.017543859649122806,0.0,0.005847953216374269,0.029239766081871343,0.0,0.029239766081871343,0.029239766081871343,0.0,0.0,0.0,0.029239766081871343,0.0,0.017543859649122806,0.029239766081871343,0.029239766081871343,0.0,0.0,0.029239766081871343,0.023391812865497075,0.029239766081871343,0.0,0.011695906432748537,0.0,0.029239766081871343,0.017543859649122806,0.023391812865497075,0.0,0.029239766081871343,0.029239766081871343,0.023391812865497075,0.029239766081871343,0.029239766081871343,0.023391812865497075,0.023391812865497075,0.029239766081871343,0.0,0.017543859649122806,0.017543859649122806,0.0,0.0,0.0,0.023391812865497075,0.0,0.023391812865497075,0.0,0.029239766081871343
parstriangularis-rh,0.0,0.0,0.01904761904761905,0.0380952380952381,0.0,0.0,0.0,0.009523809523809525,0.016666666666666666,0.023809523809523808,0.014285714285714285,0.02142857142857143,0.0,0.016666666666666666,0.004761904761904762,0.014285714285714285,0.0,0.01904761904761905,0.0,0.02857142857142857,0.002380952380952381,0.02619047619047619,0.004761904761904762,0.016666666666666666,0.030952380952380953,0.03333333333333333,0.0,0.02142857142857143,0.01904761904761905,0.0,0.0,0.0,0.016666666666666666,0.0,0.009523809523809525,0.023809523809523808,0.016666666666666666,0.0,0.0,0.0380952380952381,0.007142857142857143,0.0380952380952381,0.009523809523809525,0.03571428571428571,0.0,0.02619047619047619,0.009523809523809525,0.04285714285714286,0.0,0.023809523809523808,0.016666666666666666,0.04285714285714286,0.03333333333333333,0.02142857142857143,0.0380952380952381,0.0380952380952381,0.02619047619047619,0.009523809523809525,0.004761904761904762,0.03571428571428571,0.0,0.0,0.0,0.014285714285714285,0.0,0.014285714285714285,0.0,0.02619047619047619
pericalcarine-lh,0.0,0.032520325203252036,0.056910569105691054,0.032520325203252036,0.0,0.04065040650406504,0.06504065040650407,0.0,0.0,0.0,0.0,0.0,0.04065040650406504,0.0,0.0,0.0,0.0,0.0,0.0,0.0,0.04065040650406504,0.0,0.0,0.08130081300813008,0.04878048780487805,0.008130081300813009,0.0,0.0,0.0,0.0,0.0,0.032520325203252036,0.0,0.016260162601626018,0.0,0.0,0.008130081300813009,0.0,0.04065040650406504,0.016260162601626018,0.0,0.016260162601626018,0.08943089430894309,0.032520325203252036,0.0,0.0,0.0,0.024390243902439025,0.07317073170731707,0.0,0.0,0.032520325203252036,0.008130081300813009,0.0,0.016260162601626018,0.016260162601626018,0.0,0.056910569105691054,0.0,0.04065040650406504,0.0,0.032520325203252036,0.0,0.0,0.0,0.0,0.0,0.0
pericalcarine-rh,0.0,0.0035087719298245615,0.042105263157894736,0.05263157894736842,0.0,0.007017543859649123,0.0035087719298245615,0.0,0.007017543859649123,0.017543859649122806,0.0035087719298245615,0.014035087719298246,0.0,0.007017543859649123,0.0,0.010526315789473684,0.0,0.010526315789473684,0.0,0.02456140350877193,0.017543859649122806,0.021052631578947368,0.0,0.03859649122807018,0.05964912280701754,0.031578947368421054,0.0,0.014035087719298246,0.010526315789473684,0.0,0.0,0.0035087719298245615,0.007017543859649123,0.0,0.0,0.017543859649122806,0.014035087719298246,0.0,0.0,0.03859649122807018,0.0,0.03859649122807018,0.021052631578947368,0.05263157894736842,0.0,0.021052631578947368,0.0,0.0456140350877193,0.0035087719298245615,0.017543859649122806,0.007017543859649123,0.05263157894736842,0.031578947368421054,0.014035087719298246,0.042105263157894736,0.03859649122807018,0.021052631578947368,0.028070175438596492,0.0,0.05964912280701754,0.0,0.0,0.0,0.0035087719298245615,0.0,0.0035087719298245615,0.0,0.021052631578947368
postcentral-lh,0.0,0.0,0.0,0.0,0.0,0.0,0.0,0.0,0.0,0.0,0.0,0.0,0.0,0.1,0.0,0.0,0.1,0.0,0.1,0.0,0.0,0.0,0.0,0.0,0.0,0.0,0.1,0.0,0.0,0.0,0.0,0.0,0.0,0.1,0.0,0.0,0.0,0.1,0.0,0.0,0.0,0.0,0.0,0.0,0.0,0.0,0.0,0.0,0.0,0.0,0.0,0.0,0.0,0.0,0.0,0.0,0.0,0.0,0.1,0.0,0.0,0.0,0.0,0.1,0.1,0.0,0.1,0.0
postcentral-rh,0.0,0.0,0.00631578947368421,0.023157894736842106,0.0,0.0,0.0,0.016842105263157894,0.023157894736842106,0.029473684210526315,0.021052631578947368,0.02736842105263158,0.0,0.023157894736842106,0.00631578947368421,0.014736842105263158,0.002105263157894737,0.02526315789473684,0.0,0.03368421052631579,0.0,0.029473684210526315,0.008421052631578947,0.004210526315789474,0.016842105263157894,0.035789473684210524,0.004210526315789474,0.02736842105263158,0.02526315789473684,0.0,0.0,0.0,0.023157894736842106,0.0,0.016842105263157894,0.029473684210526315,0.016842105263157894,0.0,0.0,0.031578947368421054,0.010526315789473684,0.031578947368421054,0.004210526315789474,0.021052631578947368,0.0,0.031578947368421054,0.016842105263157894,0.02736842105263158,0.0,0.029473684210526315,0.023157894736842106,0.02736842105263158,0.03368421052631579,0.02736842105263158,0.02526315789473684,0.029473684210526315,0.031578947368421054,0.0,0.008421052631578947,0.021052631578947368,0.0,0.0,0.0,0.021052631578947368,0.004210526315789474,0.021052631578947368,0.0,0.031578947368421054
posteriorcingulate-lh,0.0,0.0,0.0,0.009009009009009009,0.0,0.0,0.0,0.02927927927927928,0.033783783783783786,0.03153153153153153,0.03153153153153153,0.03153153153153153,0.0,0.033783783783783786,0.006756756756756757,0.01126126126126126,0.013513513513513514,0.033783783783783786,0.006756756756756757,0.02702702702702703,0.0,0.02027027027027027,0.013513513513513514,0.0,0.0022522522522522522,0.02252252252252252,0.015765765765765764,0.033783783783783786,0.03153153153153153,0.0045045045045045045,0.0,0.0,0.02927927927927928,0.0,0.02927927927927928,0.033783783783783786,0.009009009009009009,0.009009009009009009,0.0,0.018018018018018018,0.01126126126126126,0.018018018018018018,0.0,0.006756756756756757,0.0,0.02702702702702703,0.02927927927927928,0.013513513513513514,0.0,0.03153153153153153,0.033783783783783786,0.013513513513513514,0.02027027027027027,0.03153153153153153,0.01126126126126126,0.015765765765765764,0.03153153153153153,0.0,0.013513513513513514,0.006756756756756757,0.0,0.0,0.0,0.033783783783783786,0.015765765765765764,0.033783783783783786,0.0022522522522522522,0.02702702702702703
posteriorcingulate-rh,0.0,0.0,0.02680965147453083,0.04825737265415549,0.0,0.002680965147453083,0.0,0.005361930294906166,0.013404825737265416,0.021447721179624665,0.010723860589812333,0.01876675603217158,0.0,0.013404825737265416,0.002680965147453083,0.013404825737265416,0.0,0.0160857908847185,0.0,0.02680965147453083,0.00804289544235925,0.024128686327077747,0.002680965147453083,0.024128686327077747,0.040214477211796246,0.032171581769437,0.0,0.01876675603217158,0.0160857908847185,0.0,0.0,0.0,0.013404825737265416,0.0,0.005361930294906166,0.021447721179624665,0.0160857908847185,0.0,0.0,0.03753351206434316,0.005361930294906166,0.03753351206434316,0.013404825737265416,0.045576407506702415,0.0,0.024128686327077747,0.005361930294906166,0.04289544235924933,0.0,0.021447721179624665,0.013404825737265416,0.04825737265415549,0.032171581769437,0.01876675603217158,0.040214477211796246,0.03753351206434316,0.024128686327077747,0.0160857908847185,0.002680965147453083,0.045576407506702415,0.0,0.0,0.0,0.010723860589812333,0.0,0.010723860589812333,0.0,0.024128686327077747
precentral-lh,0.0,0.04,0.02,0.0,0.0,0.05,0.12,0.0,0.0,0.0,0.0,0.0,0.1,0.0,0.0,0.0,0.0,0.0,0.03,0.0,0.05,0.0,0.0,0.06,0.01,0.0,0.0,0.0,0.0,0.0,0.0,0.05,0.0,0.07,0.0,0.0,0.0,0.04,0.06,0.0,0.0,0.0,0.06,0.0,0.0,0.0,0.0,0.0,0.11,0.0,0.0,0.0,0.0,0.0,0.0,0.0,0.0,0.04,0.0,0.0,0.0,0.09,0.0,0.0,0.0,0.0,0.0,0.0
precentral-rh,0.0,0.0,0.003898635477582846,0.01949317738791423,0.0,0.0,0.0,0.01949317738791423,0.025341130604288498,0.031189083820662766,0.023391812865497075,0.029239766081871343,0.0,0.025341130604288498,0.005847953216374269,0.01364522417153996,0.005847953216374269,0.02729044834307992,0.001949317738791423,0.03508771929824561,0.0,0.02729044834307992,0.009746588693957114,0.001949317738791423,0.01364522417153996,0.031189083820662766,0.007797270955165692,0.029239766081871343,0.02729044834307992,0.0,0.0,0.0,0.025341130604288498,0.0,0.01949317738791423,0.031189083820662766,0.01364522417153996,0.001949317738791423,0.0,0.02729044834307992,0.009746588693957114,0.02729044834307992,0.001949317738791423,0.017543859649122806,0.0,0.03313840155945419,0.01949317738791423,0.023391812865497075,0.0,0.031189083820662766,0.025341130604288498,0.023391812865497075,0.029239766081871343,0.029239766081871343,0.021442495126705652,0.025341130604288498,0.03313840155945419,0.0,0.009746588693957114,0.017543859649122806,0.0,0.0,0.0,0.023391812865497075,0.007797270955165692,0.023391812865497075,0.0,0.03313840155945419
precuneus-lh,0.0,0.0,0.0,0.013888888888888888,0.0,0.0,0.0,0.023809523809523808,0.02976190476190476,0.03373015873015873,0.027777777777777776,0.031746031746031744,0.0,0.02976190476190476,0.005952380952380952,0.011904761904761904,0.00992063492063492,0.031746031746031744,0.003968253968253968,0.02976190476190476,0.0,0.023809523809523808,0.011904761904761904,0.0,0.007936507936507936,0.025793650793650792,0.011904761904761904,0.031746031746031744,0.031746031746031744,0.001984126984126984,0.0,0.0,0.027777777777777776,0.0,0.023809523809523808,0.03373015873015873,0.011904761904761904,0.005952380952380952,0.0,0.021825396825396824,0.00992063492063492,0.021825396825396824,0.0,0.011904761904761904,0.0,0.02976190476190476,0.023809523809523808,0.017857142857142856,0.0,0.03373015873015873,0.02976190476190476,0.017857142857142856,0.023809523809523808,0.031746031746031744,0.015873015873015872,0.01984126984126984,0.03373015873015873,0.0,0.011904761904761904,0.011904761904761904,0.0,0.0,0.0,0.027777777777777776,0.011904761904761904,0.027777777777777776,0.001984126984126984,0.02976190476190476
precuneus-rh,0.0,0.0025575447570332483,0.030690537084398978,0.04603580562659847,0.0,0.005115089514066497,0.0025575447570332483,0.005115089514066497,0.01278772378516624,0.020460358056265986,0.010230179028132993,0.017902813299232736,0.0,0.01278772378516624,0.0025575447570332483,0.01278772378516624,0.0,0.015345268542199489,0.0,0.02557544757033248,0.01278772378516624,0.023017902813299233,0.0025575447570332483,0.028132992327365727,0.043478260869565216,0.030690537084398978,0.0,0.017902813299232736,0.015345268542199489,0.0,0.0,0.0025575447570332483,0.01278772378516624,0.0,0.005115089514066497,0.020460358056265986,0.015345268542199489,0.0,0.0,0.03580562659846547,0.005115089514066497,0.03580562659846547,0.015345268542199489,0.043478260869565216,0.0,0.023017902813299233,0.005115089514066497,0.04092071611253197,0.0025575447570332483,0.020460358056265986,0.01278772378516624,0.04603580562659847,0.030690537084398978,0.017902813299232736,0.03836317135549872,0.03580562659846547,0.023017902813299233,0.020460358056265986,0.0025575447570332483,0.04859335038363171,0.0,0.0,0.0,0.010230179028132993,0.0,0.010230179028132993,0.0,0.023017902813299233
rostralanteriorcingulate-lh,0.0,0.0,0.013888888888888888,0.032407407407407406,0.0,0.0,0.0,0.011574074074074073,0.018518518518518517,0.02546296296296296,0.016203703703703703,0.023148148148148147,0.0,0.018518518518518517,0.006944444444444444,0.016203703703703703,0.0,0.020833333333333332,0.0,0.03009259259259259,0.0,0.027777777777777776,0.006944444444444444,0.011574074074074073,0.02546296296296296,0.034722222222222224,0.0,0.023148148148148147,0.020833333333333332,0.0,0.0,0.0,0.018518518518518517,0.0,0.011574074074074073,0.02546296296296296,0.018518518518518517,0.0,0.0,0.03935185185185185,0.009259259259259259,0.03935185185185185,0.006944444444444444,0.03009259259259259,0.0,0.027777777777777776,0.011574074074074073,0.037037037037037035,0.0,0.02546296296296296,0.018518518518518517,0.037037037037037035,0.034722222222222224,0.023148148148148147,0.034722222222222224,0.037037037037037035,0.027777777777777776,0.004629629629629629,0.006944444444444444,0.03009259259259259,0.0,0.0,0.0,0.016203703703703703,0.0,0.016203703703703703,0.0,0.027777777777777776
rostralanteriorcingulate-rh,0.0,0.0,0.002028397565922921,0.018255578093306288,0.0,0.0,0.0,0.02028397565922921,0.02636916835699797,0.032454361054766734,0.02434077079107505,0.030425963488843813,0.0,0.02636916835699797,0.006085192697768763,0.014198782961460446,0.006085192697768763,0.028397565922920892,0.002028397565922921,0.034482758620689655,0.0,0.028397565922920892,0.010141987829614604,0.0,0.012170385395537525,0.030425963488843813,0.008113590263691683,0.030425963488843813,0.028397565922920892,0.0,0.0,0.0,0.02636916835699797,0.0,0.02028397565922921,0.032454361054766734,0.012170385395537525,0.002028397565922921,0.0,0.02636916835699797,0.010141987829614604,0.02636916835699797,0.0,0.016227180527383367,0.0,0.032454361054766734,0.02028397565922921,0.02231237322515213,0.0,0.032454361054766734,0.02636916835699797,0.02231237322515213,0.028397565922920892,0.030425963488843813,0.02028397565922921,0.02434077079107505,0.032454361054766734,0.0,0.010141987829614604,0.016227180527383367,0.0,0.0,0.0,0.02434077079107505,0.008113590263691683,0.02434077079107505,0.0,0.032454361054766734
rostralmiddlefrontal-lh,0.0,0.0,0.02735562310030395,0.0486322188449848,0.0,0.0,0.0,0.00303951367781155,0.0121580547112462,0.02127659574468085,0.00911854103343465,0.0182370820668693,0.0,0.0121580547112462,0.00303951367781155,0.015197568389057751,0.0,0.015197568389057751,0.0,0.02735562310030395,0.0060790273556231,0.0243161094224924,0.00303951367781155,0.0243161094224924,0.0425531914893617,0.03343465045592705,0.0,0.0182370820668693,0.015197568389057751,0.0,0.0,0.0,0.0121580547112462,0.0,0.00303951367781155,0.02127659574468085,0.0182370820668693,0.0,0.0,0.03951367781155015,0.0060790273556231,0.03951367781155015,0.0121580547112462,0.04559270516717325,0.0,0.0243161094224924,0.00303951367781155,0.04559270516717325,0.0,0.02127659574468085,0.0121580547112462,0.0486322188449848,0.03343465045592705,0.0182370820668693,0.0425531914893617,0.03951367781155015,0.0243161094224924,0.015197568389057751,0.00303951367781155,0.0486322188449848,0.0,0.0,0.0,0.00911854103343465,0.0,0.00911854103343465,0.0,0.0243161094224924
rostralmiddlefrontal-rh,0.0,0.0,0.020887728459530026,0.04177545691906005,0.0,0.0,0.0,0.007832898172323759,0.015665796344647518,0.02349869451697128,0.013054830287206266,0.020887728459530026,0.0,0.015665796344647518,0.0026109660574412533,0.013054830287206266,0.0,0.018276762402088774,0.0,0.028720626631853787,0.0026109660574412533,0.02610966057441253,0.0026109660574412533,0.018276762402088774,0.033942558746736295,0.033942558746736295,0.0,0.020887728459530026,0.018276762402088774,0.0,0.0,0.0,0.015665796344647518,0.0,0.007832898172323759,0.02349869451697128,0.015665796344647518,0.0,0.0,0.0391644908616188,0.005221932114882507,0.0391644908616188,0.010443864229765013,0.0391644908616188,0.0,0.02610966057441253,0.007832898172323759,0.044386422976501305,0.0,0.02349869451697128,0.015665796344647518,0.044386422976501305,0.033942558746736295,0.020887728459530026,0.0391644908616188,0.0391644908616188,0.02610966057441253,0.010443864229765013,0.0026109660574412533,0.0391644908616188,0.0,0.0,0.0,0.013054830287206266,0.0,0.013054830287206266,0.0,0.02610966057441253
superiorfrontal-lh,0.0,0.0,0.005671077504725898,0.020793950850661626,0.0,0.0,0.0,0.01890359168241966,0.024574669187145556,0.030245746691871456,0.022684310018903593,0.02835538752362949,0.0,0.024574669187145556,0.005671077504725898,0.013232514177693762,0.005671077504725898,0.026465028355387523,0.001890359168241966,0.034026465028355386,0.0,0.026465028355387523,0.00945179584120983,0.003780718336483932,0.015122873345935728,0.03213610586011342,0.007561436672967864,0.02835538752362949,0.026465028355387523,0.0,0.0,0.0,0.024574669187145556,0.0,0.01890359168241966,0.030245746691871456,0.015122873345935728,0.001890359168241966,0.0,0.02835538752362949,0.00945179584120983,0.02835538752362949,0.003780718336483932,0.01890359168241966,0.0,0.03213610586011342,0.01890359168241966,0.024574669187145556,0.0,0.030245746691871456,0.024574669187145556,0.024574669187145556,0.030245746691871456,0.02835538752362949,0.022684310018903593,0.026465028355387523,0.03213610586011342,0.0,0.00945179584120983,0.01890359168241966,0.0,0.0,0.0,0.022684310018903593,0.007561436672967864,0.022684310018903593,0.0,0.03213610586011342
superiorfrontal-rh,0.0,0.038461538461538464,0.08461538461538462,0.03076923076923077,0.0,0.05384615384615385,0.046153846153846156,0.0,0.0,0.0,0.0,0.0,0.03076923076923077,0.0,0.0,0.0,0.0,0.0,0.0,0.0,0.1,0.0,0.0,0.1,0.05384615384615385,0.0,0.0,0.0,0.0,0.0,0.0,0.046153846153846156,0.0,0.015384615384615385,0.0,0.0,0.0,0.015384615384615385,0.023076923076923078,0.0,0.0,0.0,0.038461538461538464,0.03076923076923077,0.0,0.0,0.0,0.015384615384615385,0.046153846153846156,0.0,0.0,0.03076923076923077,0.0,0.0,0.007692307692307693,0.0,0.0,0.09230769230769231,0.0,0.05384615384615385,0.0,0.046153846153846156,0.0,0.0,0.0,0.0,0.0,0.0
superiorparietal-lh,0.0,0.0,0.0,0.007751937984496124,0.0,0.0,0.0,0.031007751937984496,0.031007751937984496,0.027131782945736434,0.027131782945736434,0.027131782945736434,0.0,0.03488372093023256,0.011627906976744186,0.015503875968992248,0.01937984496124031,0.031007751937984496,0.007751937984496124,0.023255813953488372,0.0,0.01937984496124031,0.031007751937984496,0.0,0.0,0.01937984496124031,0.01937984496124031,0.03488372093023256,0.027131782945736434,0.0,0.0,0.0,0.023255813953488372,0.0,0.031007751937984496,0.031007751937984496,0.015503875968992248,0.011627906976744186,0.0,0.015503875968992248,0.01937984496124031,0.015503875968992248,0.0,0.003875968992248062,0.0,0.023255813953488372,0.027131782945736434,0.011627906976744186,0.0,0.027131782945736434,0.031007751937984496,0.011627906976744186,0.01937984496124031,0.027131782945736434,0.011627906976744186,0.011627906976744186,0.027131782945736434,0.0,0.031007751937984496,0.007751937984496124,0.0,0.0,0.0,0.03488372093023256,0.01937984496124031,0.031007751937984496,0.011627906976744186,0.023255813953488372
superiorparietal-rh,0.0,0.006514657980456026,0.048859934853420196,0.048859934853420196,0.0,0.009771986970684038,0.006514657980456026,0.0,0.006514657980456026,0.016286644951140065,0.003257328990228013,0.013029315960912053,0.0,0.006514657980456026,0.0,0.009771986970684038,0.0,0.009771986970684038,0.0,0.02280130293159609,0.026058631921824105,0.019543973941368076,0.0,0.04560260586319218,0.05537459283387622,0.029315960912052116,0.0,0.013029315960912053,0.009771986970684038,0.0,0.0,0.006514657980456026,0.006514657980456026,0.0,0.0,0.016286644951140065,0.016286644951140065,0.0,0.0,0.035830618892508145,0.003257328990228013,0.035830618892508145,0.02280130293159609,0.048859934853420196,0.0,0.019543973941368076,0.0,0.04234527687296417,0.006514657980456026,0.016286644951140065,0.006514657980456026,0.048859934853420196,0.029315960912052116,0.013029315960912053,0.03908794788273615,0.035830618892508145,0.019543973941368076,0.035830618892508145,0.0,0.05863192182410423,0.0,0.003257328990228013,0.0,0.003257328990228013,0.0,0.003257328990228013,0.0,0.019543973941368076
superiortemporal-lh,0.0,0.0,0.0,0.0,0.0,0.0,0.0,0.0,0.0,0.0,0.0,0.0,0.0,0.0,0.0,0.0,0.0,0.0,0.0,0.0,0.0,0.0,0.0,0.0,0.0,0.0,0.0,0.0,0.0,0.0,0.0,0.0,0.0,0.0,0.0,0.0,0.0,0.0,0.0,0.0,0.0,0.0,0.0,0.0,0.0,0.0,0.0,0.0,0.0,0.0,0.0,0.0,0.0,0.0,0.0,0.0,0.0,0.0,0.0,0.0,0.0,0.0,0.0,0.0,0.0,0.0,0.0,0.0
superiortemporal-rh,0.0,0.02,0.006666666666666667,0.0,0.0,0.02666666666666667,0.08,0.013333333333333334,0.006666666666666667,0.0,0.0,0.0,0.04666666666666667,0.02,0.0,0.0,0.05333333333333334,0.006666666666666667,0.08,0.0,0.02666666666666667,0.0,0.0,0.02,0.0,0.0,0.05333333333333334,0.006666666666666667,0.0,0.006666666666666667,0.0,0.02666666666666667,0.0,0.07333333333333333,0.006666666666666667,0.006666666666666667,0.0,0.08666666666666667,0.02,0.0,0.0,0.0,0.006666666666666667,0.0,0.006666666666666667,0.0,0.013333333333333334,0.0,0.03333333333333333,0.0,0.006666666666666667,0.0,0.0,0.0,0.0,0.0,0.0,0.02,0.006666666666666667,0.0,0.0,0.09333333333333334,0.0,0.02666666666666667,0.06,0.006666666666666667,0.02666666666666667,0.0
supramarginal-lh,0.0,0.0,0.0,0.0,0.0,0.0,0.0,0.0,0.0,0.0,0.0,0.0,0.0,0.0,0.0,0.0,0.0,0.0,0.0,0.0,0.0,0.0,0.0,0.0,0.0,0.0,0.0,0.0,0.0,0.0,0.0,0.0,0.0,0.0,0.0,0.0,0.0,0.0,0.0,0.0,0.0,0.0,0.0,0.0,0.0,0.0,0.0,0.0,0.0,0.0,0.0,0.0,0.0,0.0,0.0,0.0,0.0,0.0,0.0,0.0,0.0,0.0,0.0,0.0,0.0,0.0,0.0,0.0
supramarginal-rh,0.0,0.0,0.0,0.01107011070110701,0.0,0.0,0.0,0.02952029520295203,0.03136531365313653,0.02952029520295203,0.025830258302583026,0.02952029520295203,0.0,0.03505535055350553,0.005535055350553505,0.01107011070110701,0.016605166051660517,0.033210332103321034,0.01107011070110701,0.025830258302583026,0.0,0.02029520295202952,0.014760147601476014,0.0,0.005535055350553505,0.02214022140221402,0.01845018450184502,0.03505535055350553,0.02952029520295203,0.0036900369003690036,0.0,0.0,0.025830258302583026,0.0,0.027675276752767528,0.033210332103321034,0.00922509225092251,0.012915129151291513,0.0,0.01845018450184502,0.00922509225092251,0.01845018450184502,0.0,0.00922509225092251,0.0,0.025830258302583026,0.027675276752767528,0.014760147601476014,0.0,0.02952029520295203,0.03136531365313653,0.014760147601476014,0.02029520295202952,0.02952029520295203,0.012915129151291513,0.016605166051660517,0.02952029520295203,0.0,0.014760147601476014,0.00922509225092251,0.0,0.0018450184501845018,0.0,0.033210332103321034,0.01845018450184502,0.02952029520295203,0.005535055350553505,0.025830258302583026
temporalpole-lh,0.0,0.0,0.0,0.0,0.0,0.0,0.009259259259259259,0.037037037037037035,0.030864197530864196,0.024691358024691357,0.024691358024691357,0.024691358024691357,0.0,0.040123456790123455,0.0030864197530864196,0.0030864197530864196,0.043209876543209874,0.030864197530864196,0.033950617283950615,0.018518518518518517,0.0,0.009259259259259259,0.018518518518518517,0.0,0.0,0.012345679012345678,0.046296296296296294,0.033950617283950615,0.024691358024691357,0.006172839506172839,0.0,0.0,0.021604938271604937,0.012345679012345678,0.033950617283950615,0.030864197530864196,0.0030864197530864196,0.037037037037037035,0.0,0.006172839506172839,0.006172839506172839,0.006172839506172839,0.0,0.0,0.0030864197530864196,0.018518518518518517,0.033950617283950615,0.0,0.0,0.024691358024691357,0.030864197530864196,0.0,0.009259259259259259,0.024691358024691357,0.0,0.0030864197530864196,0.024691358024691357,0.0,0.021604938271604937,0.0,0.0,0.015432098765432098,0.0,0.043209876543209874,0.046296296296296294,0.030864197530864196,0.018518518518518517,0.018518518518518517
temporalpole-rh,0.0,0.0,0.0,0.012422360248447204,0.0,0.0,0.0,0.024844720496894408,0.031055900621118012,0.033126293995859216,0.028985507246376812,0.033126293995859216,0.0,0.031055900621118012,0.006211180124223602,0.012422360248447204,0.010351966873706004,0.033126293995859216,0.004140786749482402,0.028985507246376812,0.0,0.022774327122153208,0.012422360248447204,0.0,0.006211180124223602,0.024844720496894408,0.012422360248447204,0.033126293995859216,0.033126293995859216,0.002070393374741201,0.0,0.0,0.028985507246376812,0.0,0.024844720496894408,0.033126293995859216,0.010351966873706004,0.006211180124223602,0.0,0.020703933747412008,0.010351966873706004,0.020703933747412008,0.0,0.010351966873706004,0.0,0.028985507246376812,0.024844720496894408,0.016563146997929608,0.0,0.033126293995859216,0.031055900621118012,0.016563146997929608,0.022774327122153208,0.033126293995859216,0.014492753623188406,0.018633540372670808,0.033126293995859216,0.0,0.012422360248447204,0.010351966873706004,0.0,0.0,0.0,0.028985507246376812,0.012422360248447204,0.028985507246376812,0.002070393374741201,0.028985507246376812
transversetemporal-lh,0.0,0.0,0.0,0.0,0.0,0.0,0.017699115044247787,0.035398230088495575,0.02654867256637168,0.017699115044247787,0.017699115044247787,0.017699115044247787,0.0,0.04424778761061947,0.0,0.0,0.061946902654867256,0.02654867256637168,0.04424778761061947,0.008849557522123894,0.0,0.0,0.035398230088495575,0.0,0.0,0.0,0.061946902654867256,0.035398230088495575,0.017699115044247787,0.0,0.0,0.0,0.008849557522123894,0.02654867256637168,0.035398230088495575,0.02654867256637168,0.0,0.05309734513274336,0.0,0.0,0.0,0.0,0.0,0.0,0.008849557522123894,0.008849557522123894,0.02654867256637168,0.0,0.0,0.017699115044247787,0.02654867256637168,0.0,0.0,0.017699115044247787,0.0,0.0,0.017699115044247787,0.0,0.04424778761061947,0.0,0.0,0.017699115044247787,0.0,0.04424778761061947,0.061946902654867256,0.02654867256637168,0.05309734513274336,0.008849557522123894
transversetemporal-rh,0.0,0.0,0.00631578947368421,0.023157894736842106,0.0,0.0,0.0,0.016842105263157894,0.023157894736842106,0.029473684210526315,0.021052631578947368,0.02736842105263158,0.0,0.023157894736842106,0.00631578947368421,0.014736842105263158,0.002105263157894737,0.02526315789473684,0.0,0.03368421052631579,0.0,0.029473684210526315,0.008421052631578947,0.004210526315789474,0.016842105263157894,0.035789473684210524,0.004210526315789474,0.02736842105263158,0.02526315789473684,0.0,0.0,0.0,0.023157894736842106,0.0,0.016842105263157894,0.029473684210526315,0.016842105263157894,0.0,0.0,0.031578947368421054,0.010526315789473684,0.031578947368421054,0.004210526315789474,0.021052631578947368,0.0,0.031578947368421054,0.016842105263157894,0.02736842105263158,0.0,0.029473684210526315,0.023157894736842106,0.02736842105263158,0.03368421052631579,0.02736842105263158,0.02526315789473684,0.029473684210526315,0.031578947368421054,0.0,0.008421052631578947,0.021052631578947368,0.0,0.0,0.0,0.021052631578947368,0.004210526315789474,0.021052631578947368,0.0,0.031578947368421054
