,Fp1,Fz,F3,F7,FT9,FC5,FC1,C3,T7,TP9,CP5,CP1,Pz,P3,P7,O1,Oz,O2,P4,P8,TP10,CP6,CP2,Cz,C4,T8,FT10,FC6,FC2,F4,F8,Fp2,AF7,AF3,AFz,F1,F5,FT7,FC3,C1,C5,TP7,CP3,P1,P5,PO7,PO3,POz,PO4,PO8,P6,P2,CPz,CP4,TP8,C6,C2,FC4,FT8,F6,AF8,AF4,F2,FCz
Fp1,0.031914893617021274,0.0035460992907801418,0.0,0.010638297872340425,0.0,0.0,0.03368794326241135,0.03368794326241135,0.0,0.03368794326241135,0.031914893617021274,0.02304964539007092,0.0,0.03368794326241135,0.03368794326241135,0.03368794326241135,0.0,0.03368794326241135,0.03368794326241135,0.0,0.005319148936170213,0.03368794326241135,0.0,0.012411347517730497,0.03368794326241135,0.03368794326241135,0.03368794326241135,0.03368794326241135,0.03368794326241135,0.03368794326241135,0.0,0.0,0.0,0.0,0.03368794326241135,0.0,0.03368794326241135,0.03368794326241135,0.03368794326241135,0.0,0.0,0.026595744680851064,0.0,0.0,0.0,0.03368794326241135,0.0,0.02127659574468085,0.0,0.03368794326241135,0.0,0.0,0.03368794326241135,0.0,0.03368794326241135,0.0,0.0,0.0,0.0,0.0035460992907801418,0.02127659574468085,0.0,0.03368794326241135,0.0
Fz,0.0,0.042283298097251586,0.0,0.0,0.0,0.021141649048625793,0.004228329809725159,0.016913319238900635,0.04439746300211417,0.010570824524312896,0.03171247357293869,0.03382663847780127,0.02536997885835095,0.016913319238900635,0.016913319238900635,0.023255813953488372,0.006342494714587738,0.012684989429175475,0.012684989429175475,0.012684989429175475,0.0,0.023255813953488372,0.016913319238900635,0.02536997885835095,0.023255813953488372,0.021141649048625793,0.019027484143763214,0.019027484143763214,0.004228329809725159,0.02748414376321353,0.006342494714587738,0.006342494714587738,0.006342494714587738,0.023255813953488372,0.014799154334038054,0.023255813953488372,0.02536997885835095,0.012684989429175475,0.023255813953488372,0.021141649048625793,0.004228329809725159,0.0,0.023255813953488372,0.023255813953488372,0.02536997885835095,0.006342494714587738,0.03382663847780127,0.0,0.02748414376321353,0.012684989429175475,0.0,0.023255813953488372,0.004228329809725159,0.023255813953488372,0.004228329809725159,0.006342494714587738,0.02748414376321353,0.023255813953488372,0.008456659619450317,0.0,0.010570824524312896,0.006342494714587738,0.012684989429175475,0.019027484143763214
F3,0.0,0.0,0.035211267605633804,0.03873239436619718,0.03873239436619718,0.0,0.03873239436619718,0.02112676056338028,0.0,0.03873239436619718,0.0,0.0,0.0,0.03873239436619718,0.03169014084507042,0.007042253521126761,0.01056338028169014,0.0,0.03873239436619718,0.0,0.03873239436619718,0.01056338028169014,0.0,0.0,0.01056338028169014,0.01056338028169014,0.017605633802816902,0.035211267605633804,0.03873239436619718,0.0,0.0,0.0,0.02464788732394366,0.0,0.03873239436619718,0.0,0.007042253521126761,0.017605633802816902,0.0035211267605633804,0.0,0.03873239436619718,0.03873239436619718,0.0,0.0,0.0,0.03873239436619718,0.0,0.03873239436619718,0.0,0.03873239436619718,0.028169014084507043,0.0,0.03873239436619718,0.0,0.028169014084507043,0.035211267605633804,0.0,0.0,0.0,0.03873239436619718,0.0,0.014084507042253521,0.03169014084507042,0.0
F7,0.012326656394453005,0.0,0.01694915254237288,0.03697996918335902,0.026194144838212634,0.0030816640986132513,0.03697996918335902,0.02157164869029276,0.0,0.029275808936825885,0.009244992295839754,0.0015408320493066256,0.0,0.029275808936825885,0.026194144838212634,0.015408320493066256,0.01386748844375963,0.01078582434514638,0.032357473035439135,0.009244992295839754,0.032357473035439135,0.01694915254237288,0.0,0.0,0.01694915254237288,0.01694915254237288,0.020030816640986132,0.02773497688751926,0.03543913713405239,0.01078582434514638,0.0,0.0061633281972265025,0.020030816640986132,0.0015408320493066256,0.029275808936825885,0.0,0.015408320493066256,0.020030816640986132,0.01386748844375963,0.0061633281972265025,0.026194144838212634,0.03852080123266564,0.0030816640986132513,0.0015408320493066256,0.0015408320493066256,0.03543913713405239,0.0,0.03852080123266564,0.0,0.032357473035439135,0.02157164869029276,0.0015408320493066256,0.03697996918335902,0.0015408320493066256,0.02465331278890601,0.02465331278890601,0.0015408320493066256,0.004622496147919877,0.009244992295839754,0.02773497688751926,0.0,0.015408320493066256,0.026194144838212634,0.0061633281972265025
FT9,0.002028397565922921,0.0,0.02231237322515213,0.038539553752535496,0.038539553752535496,0.008113590263691683,0.034482758620689655,0.014198782961460446,0.0,0.02434077079107505,0.0,0.0,0.004056795131845842,0.02434077079107505,0.02028397565922921,0.006085192697768763,0.02231237322515213,0.0,0.028397565922920892,0.016227180527383367,0.04056795131845842,0.008113590263691683,0.0,0.0,0.008113590263691683,0.008113590263691683,0.012170385395537525,0.02231237322515213,0.032454361054766734,0.0,0.0,0.012170385395537525,0.030425963488843813,0.006085192697768763,0.02434077079107505,0.004056795131845842,0.006085192697768763,0.012170385395537525,0.004056795131845842,0.012170385395537525,0.038539553752535496,0.036511156186612576,0.008113590263691683,0.006085192697768763,0.006085192697768763,0.032454361054766734,0.0,0.036511156186612576,0.004056795131845842,0.028397565922920892,0.032454361054766734,0.006085192697768763,0.034482758620689655,0.006085192697768763,0.018255578093306288,0.036511156186612576,0.006085192697768763,0.010141987829614604,0.016227180527383367,0.032454361054766734,0.0,0.02434077079107505,0.02028397565922921,0.012170385395537525
FC5,0.0,0.00776914539400666,0.0,0.004439511653718091,0.006659267480577136,0.04439511653718091,0.0022197558268590455,0.0,0.017758046614872364,0.0,0.0022197558268590455,0.003329633740288568,0.038845726970033294,0.0,0.0,0.0,0.03995560488346282,0.0,0.0,0.04328523862375139,0.006659267480577136,0.0,0.0011098779134295228,0.0,0.0,0.0,0.0,0.0,0.0011098779134295228,0.0,0.004439511653718091,0.03551609322974473,0.033296337402885685,0.04439511653718091,0.0,0.03773584905660377,0.0,0.0,0.0,0.04661487236403995,0.025527192008879023,0.003329633740288568,0.04550499445061043,0.04328523862375139,0.04328523862375139,0.0011098779134295228,0.02774694783573807,0.003329633740288568,0.03995560488346282,0.0,0.009988901220865706,0.042175360710321866,0.0022197558268590455,0.042175360710321866,0.0,0.029966703662597113,0.04439511653718091,0.04661487236403995,0.041065482796892344,0.0011098779134295228,0.0,0.038845726970033294,0.0,0.04661487236403995
FC1,0.01436130007558579,0.0030234315948601664,0.008314436885865457,0.016628873771730914,0.011337868480725623,0.0,0.04081632653061224,0.030234315948601664,0.0015117157974300832,0.034013605442176874,0.021164021164021163,0.011337868480725623,0.0,0.03854875283446712,0.03552532123960695,0.026455026455026454,0.005291005291005291,0.015873015873015872,0.04081632653061224,0.0030234315948601664,0.01436130007558579,0.02872260015117158,0.0,0.006802721088435374,0.027966742252456538,0.027210884353741496,0.02947845804988662,0.03779289493575208,0.03854875283446712,0.021919879062736205,0.0,0.0015117157974300832,0.008314436885865457,0.0,0.036281179138321996,0.0,0.027966742252456538,0.02040816326530612,0.02418745275888133,0.0015117157974300832,0.011337868480725623,0.02343159486016629,0.0,0.0,0.0,0.042328042328042326,0.0,0.021164021164021163,0.0,0.04081632653061224,0.009070294784580499,0.0,0.04157218442932729,0.0,0.021919879062736205,0.010582010582010581,0.0,0.0007558578987150416,0.0030234315948601664,0.013605442176870748,0.010582010582010581,0.006046863189720333,0.030990173847316706,0.0015117157974300832
C3,0.015297906602254429,0.008051529790660225,0.00322061191626409,0.00966183574879227,0.004025764895330112,0.0,0.028985507246376812,0.03864734299516908,0.00644122383252818,0.0322061191626409,0.0322061191626409,0.016908212560386472,0.0,0.039452495974235106,0.039452495974235106,0.03784219001610306,0.0,0.01932367149758454,0.03784219001610306,0.0,0.007246376811594203,0.03864734299516908,0.004025764895330112,0.012077294685990338,0.03864734299516908,0.03864734299516908,0.040257648953301126,0.040257648953301126,0.02818035426731079,0.033011272141706925,0.0,0.0,0.0008051529790660225,0.0,0.037037037037037035,0.0,0.03784219001610306,0.024154589371980676,0.03542673107890499,0.0,0.004025764895330112,0.016908212560386472,0.0,0.0,0.0,0.03140096618357488,0.0024154589371980675,0.014492753623188406,0.0,0.03784219001610306,0.001610305958132045,0.0,0.029790660225442835,0.0,0.020933977455716585,0.00322061191626409,0.0,0.0,0.0,0.00644122383252818,0.01288244766505636,0.0,0.0322061191626409,0.0
T7,0.0,0.029459901800327332,0.0,0.0,0.0,0.031096563011456628,0.0,0.009819967266775777,0.044189852700491,0.004909983633387889,0.02127659574468085,0.022913256955810146,0.03436988543371522,0.009819967266775777,0.009819967266775777,0.014729950900163666,0.019639934533551555,0.006546644844517185,0.006546644844517185,0.024549918166939442,0.0,0.014729950900163666,0.01309328968903437,0.016366612111292964,0.014729950900163666,0.01309328968903437,0.011456628477905073,0.011456628477905073,0.0,0.01800327332242226,0.006546644844517185,0.019639934533551555,0.009819967266775777,0.03273322422258593,0.008183306055646482,0.03273322422258593,0.016366612111292964,0.006546644844517185,0.014729950900163666,0.031096563011456628,0.008183306055646482,0.0,0.03273322422258593,0.03273322422258593,0.03436988543371522,0.0016366612111292963,0.04091653027823241,0.0,0.03600654664484452,0.006546644844517185,0.0016366612111292963,0.03273322422258593,0.0,0.03273322422258593,0.0,0.009819967266775777,0.03600654664484452,0.03273322422258593,0.02127659574468085,0.0,0.004909983633387889,0.01800327332242226,0.006546644844517185,0.029459901800327332
TP9,0.015422077922077922,0.005681818181818182,0.007305194805194805,0.013798701298701298,0.008116883116883116,0.0,0.033279220779220776,0.0349025974025974,0.004058441558441558,0.036525974025974024,0.025974025974025976,0.01461038961038961,0.0,0.03814935064935065,0.037337662337662336,0.03165584415584415,0.0016233766233766235,0.01948051948051948,0.03814935064935065,0.0,0.011363636363636364,0.032467532467532464,0.0016233766233766235,0.00974025974025974,0.032467532467532464,0.032467532467532464,0.03409090909090909,0.03814935064935065,0.032467532467532464,0.026785714285714284,0.0,0.0,0.00487012987012987,0.0,0.03814935064935065,0.0,0.03165584415584415,0.024350649350649352,0.02922077922077922,0.0,0.008116883116883116,0.021103896103896104,0.0,0.0,0.0,0.03571428571428571,0.0,0.018668831168831168,0.0,0.03814935064935065,0.005681818181818182,0.0,0.03409090909090909,0.0,0.02353896103896104,0.007305194805194805,0.0,0.0,0.0,0.010551948051948052,0.012987012987012988,0.002435064935064935,0.03571428571428571,0.0
CP5,0.014519056261343012,0.015426497277676952,0.0,0.003629764065335753,0.0,0.003629764065335753,0.021778584392014518,0.032667876588021776,0.013611615245009074,0.025408348457350273,0.047186932849364795,0.025408348457350273,0.0054446460980036296,0.036297640653357534,0.034482758620689655,0.03901996370235935,0.0,0.019963702359346643,0.03176043557168784,0.0,0.0009074410163339383,0.04083484573502722,0.006352087114337568,0.016333938294010888,0.039927404718693285,0.03720508166969147,0.034482758620689655,0.038112522686025406,0.020871143375680582,0.041742286751361164,0.0,0.0,0.0,0.004537205081669692,0.030852994555353903,0.004537205081669692,0.0426497277676951,0.019963702359346643,0.03720508166969147,0.003629764065335753,0.0,0.011796733212341199,0.004537205081669692,0.004537205081669692,0.0054446460980036296,0.024500907441016333,0.009074410163339383,0.009074410163339383,0.006352087114337568,0.03176043557168784,0.0,0.004537205081669692,0.022686025408348458,0.004537205081669692,0.016333938294010888,0.0,0.006352087114337568,0.004537205081669692,0.0,0.0,0.014519056261343012,0.0,0.02631578947368421,0.0027223230490018148
CP1,0.015988372093023256,0.02616279069767442,0.0,0.0,0.0,0.007267441860465116,0.0188953488372093,0.027616279069767442,0.023255813953488372,0.023255813953488372,0.0377906976744186,0.03924418604651163,0.010174418604651164,0.027616279069767442,0.027616279069767442,0.03197674418604651,0.0,0.024709302325581394,0.024709302325581394,0.0014534883720930232,0.0,0.03197674418604651,0.010174418604651164,0.02616279069767442,0.03197674418604651,0.030523255813953487,0.029069767441860465,0.029069767441860465,0.0188953488372093,0.03488372093023256,0.0,0.0,0.0,0.00872093023255814,0.02616279069767442,0.00872093023255814,0.03343023255813953,0.024709302325581394,0.03197674418604651,0.007267441860465116,0.0,0.011627906976744186,0.00872093023255814,0.00872093023255814,0.010174418604651164,0.020348837209302327,0.015988372093023256,0.007267441860465116,0.011627906976744186,0.024709302325581394,0.0,0.00872093023255814,0.0188953488372093,0.00872093023255814,0.0188953488372093,0.0,0.011627906976744186,0.00872093023255814,0.0,0.0,0.023255813953488372,0.0,0.024709302325581394,0.005813953488372093
Pz,0.0,0.01060070671378092,0.0,0.002355712603062426,0.004711425206124852,0.0447585394581861,0.0,0.0,0.02120141342756184,0.0,0.004711425206124852,0.005889281507656066,0.043580683156654886,0.0,0.0,0.0,0.03651354534746761,0.0,0.0,0.04004711425206125,0.004711425206124852,0.0,0.001177856301531213,0.001177856301531213,0.0,0.0,0.0,0.0,0.0,0.002355712603062426,0.004711425206124852,0.0353356890459364,0.02944640753828033,0.045936395759717315,0.0,0.04240282685512368,0.001177856301531213,0.0,0.0,0.0447585394581861,0.02120141342756184,0.001177856301531213,0.045936395759717315,0.045936395759717315,0.045936395759717315,0.0,0.03180212014134275,0.001177856301531213,0.0447585394581861,0.0,0.008244994110718492,0.045936395759717315,0.0,0.045936395759717315,0.0,0.02591283863368669,0.045936395759717315,0.045936395759717315,0.03769140164899882,0.0,0.0,0.0353356890459364,0.0,0.043580683156654886
P3,0.012987012987012988,0.00683526999316473,0.006151742993848257,0.01161995898838004,0.00683526999316473,0.0,0.03212576896787423,0.03417634996582365,0.005468215994531784,0.03144224196855776,0.03007518796992481,0.014354066985645933,0.0,0.0430622009569378,0.04032809295967191,0.03417634996582365,0.001367053998632946,0.016404647983595352,0.039644565960355434,0.0,0.009569377990430622,0.03691045796308954,0.003417634996582365,0.010252904989747095,0.036226930963773066,0.03417634996582365,0.034859876965140126,0.04442925495557074,0.03144224196855776,0.030758714969241284,0.0,0.0,0.004101161995898838,0.0,0.03759398496240601,0.0,0.036226930963773066,0.02050580997949419,0.030758714969241284,0.0,0.00683526999316473,0.0177717019822283,0.0,0.0,0.0,0.03417634996582365,0.002050580997949419,0.01572112098427888,0.0,0.039644565960355434,0.004784688995215311,0.0,0.032809295967190705,0.0,0.019822282980177717,0.006151742993848257,0.0,0.0,0.0,0.00888585099111415,0.010936431989063569,0.002050580997949419,0.03007518796992481,0.0
P7,0.013728323699421965,0.0072254335260115606,0.0050578034682080926,0.01083815028901734,0.005780346820809248,0.0,0.03106936416184971,0.036127167630057806,0.005780346820809248,0.031791907514450865,0.030346820809248554,0.015173410404624277,0.0,0.04190751445086705,0.041184971098265896,0.03540462427745665,0.0,0.017341040462427744,0.03901734104046243,0.0,0.008670520231213872,0.03757225433526012,0.0036127167630057803,0.01083815028901734,0.03684971098265896,0.036127167630057806,0.03684971098265896,0.04263005780346821,0.030346820809248554,0.03106936416184971,0.0,0.0,0.002890173410404624,0.0,0.03829479768786127,0.0,0.03684971098265896,0.02167630057803468,0.03251445086705202,0.0,0.005780346820809248,0.017341040462427744,0.0,0.0,0.0,0.033236994219653176,0.002167630057803468,0.015173410404624277,0.0,0.03901734104046243,0.0036127167630057803,0.0,0.031791907514450865,0.0,0.020953757225433526,0.0050578034682080926,0.0,0.0,0.0,0.007947976878612716,0.011560693641618497,0.000722543352601156,0.03106936416184971,0.0
O1,0.0158465387823186,0.010842368640533779,0.0,0.006672226855713094,0.0008340283569641367,0.0,0.02585487906588824,0.03586321934945788,0.009174311926605505,0.029190992493744787,0.03919933277731443,0.020016680567139282,0.0016680567139282735,0.03919933277731443,0.03753127606338615,0.041701417848206836,0.0,0.020016680567139282,0.03502919099249374,0.0,0.004170141784820684,0.042535446205170975,0.005838198498748957,0.015012510425354461,0.042535446205170975,0.040033361134278564,0.03753127606338615,0.0408673894912427,0.025020850708924104,0.040033361134278564,0.0,0.0,0.0,0.0008340283569641367,0.03419516263552961,0.0008340283569641367,0.043369474562135114,0.021684737281067557,0.03919933277731443,0.0,0.0008340283569641367,0.014178482068390326,0.0008340283569641367,0.0008340283569641367,0.0016680567139282735,0.02835696413678065,0.0050041701417848205,0.011676396997497914,0.0025020850708924102,0.03502919099249374,0.0,0.0008340283569641367,0.026688907422852376,0.0008340283569641367,0.01834862385321101,0.0,0.0025020850708924102,0.0008340283569641367,0.0,0.003336113427856547,0.013344453711426188,0.0,0.030025020850708923,0.0
Oz,0.0,0.002072538860103627,0.0051813471502590676,0.011398963730569948,0.013471502590673576,0.03419689119170984,0.00932642487046632,0.0,0.00932642487046632,0.004145077720207254,0.0,0.0,0.029015544041450778,0.004145077720207254,0.002072538860103627,0.0,0.046632124352331605,0.0,0.0062176165803108805,0.04145077720207254,0.013471502590673576,0.0,0.0010362694300518134,0.0,0.0,0.0,0.0,0.0031088082901554403,0.008290155440414507,0.0,0.004145077720207254,0.03316062176165803,0.043523316062176166,0.03419689119170984,0.004145077720207254,0.027979274611398965,0.0,0.0,0.0,0.04145077720207254,0.03626943005181347,0.010362694300518135,0.035233160621761656,0.03316062176165803,0.03316062176165803,0.008290155440414507,0.01865284974093264,0.010362694300518135,0.03005181347150259,0.0062176165803108805,0.016580310880829015,0.03212435233160622,0.00932642487046632,0.03212435233160622,0.0010362694300518134,0.04041450777202073,0.03419689119170984,0.04041450777202073,0.04041450777202073,0.008290155440414507,0.0,0.04766839378238342,0.002072538860103627,0.04041450777202073
O2,0.024817518248175182,0.01167883211678832,0.0,0.0072992700729927005,0.0,0.0,0.027737226277372264,0.035036496350364967,0.008759124087591242,0.032116788321167884,0.035036496350364967,0.027737226277372264,0.0,0.035036496350364967,0.035036496350364967,0.035036496350364967,0.0,0.033576642335766425,0.033576642335766425,0.0,0.00291970802919708,0.035036496350364967,0.004379562043795621,0.01897810218978102,0.035036496350364967,0.035036496350364967,0.035036496350364967,0.035036496350364967,0.027737226277372264,0.035036496350364967,0.0,0.0,0.0,0.0,0.035036496350364967,0.0,0.035036496350364967,0.033576642335766425,0.035036496350364967,0.0,0.0,0.020437956204379562,0.0,0.0,0.0,0.029197080291970802,0.00145985401459854,0.016058394160583942,0.0,0.033576642335766425,0.0,0.0,0.027737226277372264,0.0,0.027737226277372264,0.0,0.0,0.0,0.0,0.00145985401459854,0.02335766423357664,0.0,0.033576642335766425,0.0
P4,0.013013698630136987,0.005479452054794521,0.007534246575342466,0.013013698630136987,0.00821917808219178,0.0,0.03493150684931507,0.03356164383561644,0.00410958904109589,0.03219178082191781,0.02671232876712329,0.013013698630136987,0.0,0.04246575342465753,0.03972602739726028,0.031506849315068496,0.0027397260273972603,0.01643835616438356,0.04246575342465753,0.0006849315068493151,0.010958904109589041,0.03356164383561644,0.002054794520547945,0.008904109589041096,0.03287671232876712,0.03219178082191781,0.03356164383561644,0.04178082191780822,0.03287671232876712,0.0273972602739726,0.0,0.0,0.005479452054794521,0.0,0.038356164383561646,0.0,0.03287671232876712,0.02054794520547945,0.02945205479452055,0.0,0.00821917808219178,0.019178082191780823,0.0,0.0,0.0,0.036986301369863014,0.0006849315068493151,0.017123287671232876,0.0,0.04246575342465753,0.0061643835616438354,0.0,0.03561643835616438,0.0,0.01986301369863014,0.007534246575342466,0.0,0.0,0.0006849315068493151,0.010273972602739725,0.010958904109589041,0.003424657534246575,0.030136986301369864,0.0
P8,0.0,0.0031982942430703624,0.0021321961620469083,0.008528784648187633,0.010660980810234541,0.03837953091684435,0.006396588486140725,0.0,0.01279317697228145,0.0010660980810234541,0.0,0.0,0.03304904051172708,0.0010660980810234541,0.0,0.0,0.04584221748400853,0.0,0.0031982942430703624,0.04584221748400853,0.010660980810234541,0.0,0.0010660980810234541,0.0,0.0,0.0,0.0,0.0,0.005330490405117271,0.0,0.0042643923240938165,0.035181236673773986,0.039445628997867806,0.03837953091684435,0.0010660980810234541,0.031982942430703626,0.0,0.0,0.0,0.04477611940298507,0.031982942430703626,0.007462686567164179,0.039445628997867806,0.03731343283582089,0.03731343283582089,0.005330490405117271,0.022388059701492536,0.007462686567164179,0.03411513859275053,0.0031982942430703624,0.013859275053304905,0.03624733475479744,0.006396588486140725,0.03624733475479744,0.0,0.03624733475479744,0.03837953091684435,0.04371002132196162,0.04371002132196162,0.005330490405117271,0.0,0.04477611940298507,0.0,0.04477611940298507
TP10,0.008156606851549755,0.0,0.01794453507340946,0.037520391517128875,0.03099510603588907,0.0065252854812398045,0.03425774877650897,0.01794453507340946,0.0,0.026101141924959218,0.004893964110929853,0.0,0.0032626427406199023,0.026101141924959218,0.022838499184339316,0.011419249592169658,0.01794453507340946,0.0065252854812398045,0.02936378466557912,0.013050570962479609,0.037520391517128875,0.013050570962479609,0.0,0.0,0.013050570962479609,0.013050570962479609,0.01631321370309951,0.024469820554649267,0.03262642740619902,0.0065252854812398045,0.0,0.009787928221859706,0.024469820554649267,0.004893964110929853,0.026101141924959218,0.0032626427406199023,0.011419249592169658,0.01631321370309951,0.009787928221859706,0.009787928221859706,0.03099510603588907,0.03588907014681892,0.0065252854812398045,0.004893964110929853,0.004893964110929853,0.03262642740619902,0.0,0.03588907014681892,0.0032626427406199023,0.02936378466557912,0.026101141924959218,0.004893964110929853,0.03425774877650897,0.004893964110929853,0.021207177814029365,0.02936378466557912,0.004893964110929853,0.008156606851549755,0.013050570962479609,0.02936378466557912,0.0,0.01957585644371941,0.022838499184339316,0.009787928221859706
CP6,0.01498422712933754,0.01025236593059937,0.0007886435331230284,0.007097791798107256,0.0015772870662460567,0.0,0.026813880126182965,0.03627760252365931,0.008675078864353312,0.02996845425867508,0.038643533123028394,0.01892744479495268,0.0015772870662460567,0.03943217665615142,0.03785488958990536,0.04100946372239748,0.0,0.01892744479495268,0.03548895899053628,0.0,0.00473186119873817,0.04337539432176656,0.005520504731861199,0.014195583596214511,0.04258675078864353,0.03943217665615142,0.03785488958990536,0.04100946372239748,0.026025236593059938,0.03785488958990536,0.0,0.0,0.0,0.0007886435331230284,0.03470031545741325,0.0007886435331230284,0.044952681388012616,0.021293375394321766,0.03706624605678233,0.0,0.0015772870662460567,0.014195583596214511,0.0007886435331230284,0.0007886435331230284,0.0015772870662460567,0.02917981072555205,0.00473186119873817,0.011829652996845425,0.002365930599369085,0.03548895899053628,0.0,0.0007886435331230284,0.027602523659305992,0.0007886435331230284,0.018138801261829655,0.0007886435331230284,0.002365930599369085,0.0007886435331230284,0.0,0.003943217665615142,0.012618296529968454,0.0,0.02917981072555205,0.0
CP2,0.0,0.04918032786885246,0.0,0.0,0.0,0.01092896174863388,0.0,0.01639344262295082,0.04918032786885246,0.0,0.03825136612021858,0.03825136612021858,0.02185792349726776,0.01639344262295082,0.01639344262295082,0.03278688524590164,0.01092896174863388,0.00546448087431694,0.00546448087431694,0.01092896174863388,0.0,0.03278688524590164,0.03825136612021858,0.03825136612021858,0.03278688524590164,0.0273224043715847,0.02185792349726776,0.02185792349726776,0.0,0.03825136612021858,0.01092896174863388,0.01092896174863388,0.01092896174863388,0.01639344262295082,0.01092896174863388,0.01639344262295082,0.03825136612021858,0.00546448087431694,0.03278688524590164,0.01092896174863388,0.00546448087431694,0.0,0.01639344262295082,0.01639344262295082,0.02185792349726776,0.0,0.04371584699453552,0.0,0.0273224043715847,0.00546448087431694,0.0,0.01639344262295082,0.0,0.01639344262295082,0.0,0.01092896174863388,0.0273224043715847,0.01639344262295082,0.01092896174863388,0.0,0.0,0.01092896174863388,0.00546448087431694,0.01092896174863388
Cz,0.01152073732718894,0.03225806451612903,0.0,0.0,0.0,0.002304147465437788,0.016129032258064516,0.029953917050691243,0.027649769585253458,0.02304147465437788,0.041474654377880185,0.041474654377880185,0.0069124423963133645,0.029953917050691243,0.029953917050691243,0.03686635944700461,0.0,0.02534562211981567,0.02534562211981567,0.0,0.0,0.03686635944700461,0.016129032258064516,0.03917050691244239,0.03686635944700461,0.03456221198156682,0.03225806451612903,0.03225806451612903,0.016129032258064516,0.041474654377880185,0.0,0.0,0.0,0.004608294930875576,0.027649769585253458,0.004608294930875576,0.03917050691244239,0.02534562211981567,0.03686635944700461,0.002304147465437788,0.0,0.004608294930875576,0.004608294930875576,0.004608294930875576,0.0069124423963133645,0.018433179723502304,0.016129032258064516,0.0,0.009216589861751152,0.02534562211981567,0.0,0.004608294930875576,0.016129032258064516,0.004608294930875576,0.016129032258064516,0.0,0.009216589861751152,0.004608294930875576,0.0,0.0,0.02304147465437788,0.0,0.02534562211981567,0.0
C4,0.0152,0.0104,0.0008,0.0072,0.0016,0.0,0.0264,0.036,0.0088,0.0296,0.0384,0.0192,0.0016,0.0392,0.0376,0.0416,0.0,0.0192,0.0352,0.0,0.0048,0.0432,0.0056,0.0144,0.0424,0.04,0.0376,0.0408,0.0256,0.0384,0.0,0.0,0.0,0.0008,0.0344,0.0008,0.044,0.0216,0.0376,0.0,0.0016,0.0144,0.0008,0.0008,0.0016,0.0288,0.0048,0.012,0.0024,0.0352,0.0,0.0008,0.0272,0.0008,0.0184,0.0008,0.0024,0.0008,0.0,0.004,0.0128,0.0,0.0296,0.0
T8,0.015780730897009966,0.009966777408637873,0.0008305647840531562,0.007475083056478406,0.0016611295681063123,0.0,0.026578073089700997,0.036544850498338874,0.008305647840531562,0.029900332225913623,0.03737541528239203,0.01910299003322259,0.0008305647840531562,0.03986710963455149,0.03820598006644518,0.04235880398671096,0.0,0.019933554817275746,0.03571428571428571,0.0,0.0049833887043189366,0.04235880398671096,0.005813953488372093,0.014119601328903655,0.04235880398671096,0.040697674418604654,0.03820598006644518,0.040697674418604654,0.02574750830564784,0.03820598006644518,0.0,0.0,0.0,0.0,0.03488372093023256,0.0,0.04235880398671096,0.022425249169435217,0.03903654485049834,0.0,0.0016611295681063123,0.014950166112956811,0.0,0.0,0.0008305647840531562,0.029069767441860465,0.004152823920265781,0.012458471760797342,0.0016611295681063123,0.03571428571428571,0.0,0.0,0.027408637873754152,0.0,0.01910299003322259,0.0008305647840531562,0.0016611295681063123,0.0,0.0,0.004152823920265781,0.013289036544850499,0.0,0.030730897009966777,0.0
FT10,0.015297906602254429,0.008856682769726247,0.0024154589371980675,0.008856682769726247,0.00322061191626409,0.0,0.02818035426731079,0.03784219001610306,0.007246376811594203,0.03140096618357488,0.033816425120772944,0.017713365539452495,0.0,0.039452495974235106,0.039452495974235106,0.039452495974235106,0.0,0.01932367149758454,0.037037037037037035,0.0,0.00644122383252818,0.040257648953301126,0.004830917874396135,0.01288244766505636,0.040257648953301126,0.040257648953301126,0.039452495974235106,0.040257648953301126,0.027375201288244767,0.03462157809983897,0.0,0.0,0.0,0.0,0.036231884057971016,0.0,0.039452495974235106,0.023349436392914653,0.037037037037037035,0.0,0.00322061191626409,0.01610305958132045,0.0,0.0,0.0,0.030595813204508857,0.00322061191626409,0.013687600644122383,0.0008051529790660225,0.037037037037037035,0.0008051529790660225,0.0,0.028985507246376812,0.0,0.020128824476650563,0.0024154589371980675,0.0008051529790660225,0.0,0.0,0.005636070853462158,0.01288244766505636,0.0,0.03140096618357488,0.0
FC6,0.013022618231665525,0.0075394105551747775,0.0054832076764907475,0.010966415352981495,0.00616860863605209,0.0,0.031528444139821796,0.03427004797806717,0.00616860863605209,0.030843043180260453,0.031528444139821796,0.015078821110349555,0.0,0.04249485949280329,0.04043865661411926,0.03495544893762851,0.0006854009595613434,0.01644962302947224,0.03906785469499657,0.0,0.008910212474297465,0.03838245373543523,0.00411240575736806,0.010966415352981495,0.037011651816312545,0.03495544893762851,0.03495544893762851,0.04386566141192598,0.030843043180260453,0.031528444139821796,0.0,0.0,0.003427004797806717,0.0,0.037011651816312545,0.0,0.03769705277587389,0.0205620287868403,0.031528444139821796,0.0,0.00616860863605209,0.017135023989033583,0.0,0.0,0.0,0.033584647018505824,0.0027416038382453737,0.015078821110349555,0.0006854009595613434,0.03906785469499657,0.00411240575736806,0.0,0.03221384509938314,0.0,0.019876627827278958,0.0054832076764907475,0.0006854009595613434,0.0,0.0,0.00822481151473612,0.010966415352981495,0.0013708019191226869,0.03015764222069911,0.0
FC2,0.01506740681998414,0.0031720856463124504,0.008723235527359239,0.016653449643140365,0.011102299762093577,0.0,0.03965107057890563,0.030927835051546393,0.0015860428231562252,0.034892942109436956,0.02141157811260904,0.011895321173671689,0.0,0.0380650277557494,0.03647898493259318,0.02696272799365583,0.004758128469468675,0.016653449643140365,0.03965107057890563,0.0023790642347343376,0.014274385408406027,0.029341792228390166,0.0,0.007137192704203013,0.028548770816812053,0.02775574940523394,0.03013481363996828,0.03727200634417129,0.03885804916732752,0.022204599524187154,0.0,0.0007930214115781126,0.007930214115781126,0.0,0.03727200634417129,0.0,0.028548770816812053,0.02141157811260904,0.02458366375892149,0.0007930214115781126,0.011102299762093577,0.023790642347343377,0.0,0.0,0.0,0.040444091990483745,0.0,0.02141157811260904,0.0,0.03965107057890563,0.008723235527359239,0.0,0.03965107057890563,0.0,0.022997620935765267,0.010309278350515464,0.0,0.0,0.0023790642347343376,0.013481363996827915,0.011102299762093577,0.0055511498810467885,0.0317208564631245,0.0007930214115781126
F4,0.015567765567765568,0.013736263736263736,0.0,0.004578754578754579,0.0,0.0018315018315018315,0.022893772893772892,0.03388278388278388,0.011904761904761904,0.026556776556776556,0.04487179487179487,0.023809523809523808,0.003663003663003663,0.037545787545787544,0.03571428571428571,0.040293040293040296,0.0,0.021062271062271064,0.03296703296703297,0.0,0.0018315018315018315,0.04212454212454213,0.00641025641025641,0.016483516483516484,0.04120879120879121,0.038461538461538464,0.03571428571428571,0.039377289377289376,0.02197802197802198,0.04304029304029304,0.0,0.0,0.0,0.0027472527472527475,0.03205128205128205,0.0027472527472527475,0.04304029304029304,0.021062271062271064,0.038461538461538464,0.0018315018315018315,0.0,0.01282051282051282,0.0027472527472527475,0.0027472527472527475,0.003663003663003663,0.02564102564102564,0.007326007326007326,0.010073260073260074,0.004578754578754579,0.03296703296703297,0.0,0.0027472527472527475,0.023809523809523808,0.0027472527472527475,0.0173992673992674,0.0,0.004578754578754579,0.0027472527472527475,0.0,0.0009157509157509158,0.014652014652014652,0.0,0.027472527472527472,0.0009157509157509158
F8,0.0,0.015873015873015872,0.0,0.0,0.0,0.03968253968253968,0.0,0.0,0.03968253968253968,0.0,0.0,0.0,0.03968253968253968,0.0,0.0,0.0,0.03968253968253968,0.0,0.0,0.03968253968253968,0.0,0.0,0.007936507936507936,0.0,0.0,0.0,0.0,0.0,0.0,0.0,0.031746031746031744,0.03968253968253968,0.03968253968253968,0.03968253968253968,0.0,0.03968253968253968,0.0,0.0,0.0,0.03968253968253968,0.031746031746031744,0.0,0.03968253968253968,0.03968253968253968,0.03968253968253968,0.0,0.03968253968253968,0.0,0.03968253968253968,0.0,0.0,0.03968253968253968,0.0,0.03968253968253968,0.0,0.03968253968253968,0.03968253968253968,0.03968253968253968,0.03968253968253968,0.0,0.0,0.03968253968253968,0.0,0.03968253968253968
Fp2,0.0,0.00261437908496732,0.0,0.00784313725490196,0.01045751633986928,0.040522875816993466,0.00522875816993464,0.0,0.011764705882352941,0.0,0.0,0.0,0.036601307189542485,0.0,0.0,0.0,0.044444444444444446,0.0,0.00130718954248366,0.044444444444444446,0.01045751633986928,0.0,0.00130718954248366,0.0,0.0,0.0,0.0,0.0,0.00392156862745098,0.0,0.00522875816993464,0.04183006535947712,0.03790849673202614,0.0392156862745098,0.0,0.03529411764705882,0.0,0.0,0.0,0.043137254901960784,0.02875816993464052,0.006535947712418301,0.040522875816993466,0.0392156862745098,0.0392156862745098,0.00392156862745098,0.023529411764705882,0.006535947712418301,0.03790849673202614,0.00130718954248366,0.01437908496732026,0.0392156862745098,0.00522875816993464,0.0392156862745098,0.0,0.03398692810457516,0.0392156862745098,0.04183006535947712,0.044444444444444446,0.00392156862745098,0.0,0.044444444444444446,0.0,0.043137254901960784
AF7,0.0,0.00211864406779661,0.009533898305084746,0.015889830508474576,0.018008474576271187,0.028601694915254237,0.013771186440677966,0.0031779661016949155,0.005296610169491525,0.00847457627118644,0.0,0.0,0.023305084745762712,0.00847457627118644,0.006355932203389831,0.0,0.0413135593220339,0.0,0.01059322033898305,0.036016949152542374,0.018008474576271187,0.0,0.001059322033898305,0.0,0.0,0.0,0.00211864406779661,0.007415254237288136,0.012711864406779662,0.0,0.00423728813559322,0.02754237288135593,0.046610169491525424,0.028601694915254237,0.00847457627118644,0.022245762711864406,0.0,0.00211864406779661,0.0,0.036016949152542374,0.0423728813559322,0.014830508474576272,0.029661016949152543,0.02754237288135593,0.02754237288135593,0.012711864406779662,0.012711864406779662,0.014830508474576272,0.024364406779661018,0.01059322033898305,0.0211864406779661,0.026483050847457626,0.013771186440677966,0.026483050847457626,0.005296610169491525,0.046610169491525424,0.028601694915254237,0.034957627118644065,0.034957627118644065,0.012711864406779662,0.0,0.0423728813559322,0.006355932203389831,0.034957627118644065
AF3,0.0,0.008342022940563087,0.0,0.0031282586027111575,0.005213764337851929,0.04275286757038582,0.0010427528675703858,0.0,0.017726798748696558,0.0,0.0031282586027111575,0.004171011470281543,0.03753910323253389,0.0,0.0,0.0,0.03753910323253389,0.0,0.0,0.040667361835245046,0.005213764337851929,0.0,0.0010427528675703858,0.0,0.0,0.0,0.0,0.0,0.0,0.0010427528675703858,0.004171011470281543,0.03232533889468196,0.03128258602711158,0.05005213764337852,0.0,0.0364963503649635,0.0,0.0,0.0,0.053180396246089674,0.023983315954118872,0.0020855057351407717,0.05213764337851929,0.04171011470281543,0.04171011470281543,0.0,0.027111574556830033,0.0020855057351407717,0.04275286757038582,0.0,0.008342022940563087,0.040667361835245046,0.0010427528675703858,0.040667361835245046,0.0,0.028154327424400417,0.051094890510948905,0.053180396246089674,0.03858185610010428,0.0,0.0,0.0364963503649635,0.0,0.05213764337851929
AFz,0.013848396501457727,0.006559766763848397,0.006559766763848397,0.01239067055393586,0.007288629737609329,0.0,0.03206997084548105,0.03644314868804665,0.00510204081632653,0.033527696793002916,0.027696793002915453,0.014577259475218658,0.0,0.04081632653061224,0.04008746355685131,0.03279883381924198,0.0014577259475218659,0.01749271137026239,0.03935860058309038,0.0,0.01020408163265306,0.03498542274052478,0.0029154518950437317,0.01020408163265306,0.034256559766763846,0.033527696793002916,0.03571428571428571,0.04081632653061224,0.03134110787172012,0.028425655976676383,0.0,0.0,0.004373177842565598,0.0,0.03935860058309038,0.0,0.034256559766763846,0.021865889212827987,0.030612244897959183,0.0,0.007288629737609329,0.018950437317784258,0.0,0.0,0.0,0.034256559766763846,0.0014577259475218659,0.016763848396501458,0.0,0.03935860058309038,0.00510204081632653,0.0,0.03279883381924198,0.0,0.021137026239067054,0.006559766763848397,0.0,0.0,0.0,0.009475218658892129,0.011661807580174927,0.002186588921282799,0.03206997084548105,0.0
F1,0.0,0.009864364981504316,0.0,0.002466091245376079,0.004932182490752158,0.04562268803945746,0.0,0.0,0.02096177558569667,0.0,0.0036991368680641184,0.004932182490752158,0.04438964241676942,0.0,0.0,0.0,0.036991368680641186,0.0,0.0,0.040690505548705305,0.004932182490752158,0.0,0.0012330456226880395,0.0,0.0,0.0,0.0,0.0,0.0,0.0012330456226880395,0.004932182490752158,0.036991368680641186,0.029593094944512947,0.04562268803945746,0.0,0.04315659679408138,0.0,0.0,0.0,0.04562268803945746,0.02096177558569667,0.0012330456226880395,0.04562268803945746,0.04562268803945746,0.04562268803945746,0.0,0.032059186189889025,0.0012330456226880395,0.04438964241676942,0.0,0.008631319358816275,0.04562268803945746,0.0,0.04562268803945746,0.0,0.025893958076448828,0.04562268803945746,0.04562268803945746,0.03822441430332922,0.0,0.0,0.035758323057953144,0.0,0.04438964241676942
F5,0.015103338632750398,0.011128775834658187,0.0,0.006359300476947536,0.000794912559618442,0.000794912559618442,0.026232114467408585,0.03577106518282989,0.009538950715421303,0.029411764705882353,0.04054054054054054,0.01987281399046105,0.0023847376788553257,0.038950715421303655,0.037360890302066775,0.04054054054054054,0.0,0.019077901430842606,0.034976152623211444,0.0,0.00397456279809221,0.04292527821939587,0.005564387917329093,0.014308426073131956,0.04213036565977742,0.038950715421303655,0.037360890302066775,0.04054054054054054,0.025437201907790145,0.038950715421303655,0.0,0.0,0.0,0.001589825119236884,0.03418124006359301,0.001589825119236884,0.04451510333863275,0.02066772655007949,0.037360890302066775,0.000794912559618442,0.000794912559618442,0.013513513513513514,0.001589825119236884,0.001589825119236884,0.0023847376788553257,0.028616852146263912,0.005564387917329093,0.011128775834658187,0.003179650238473768,0.034976152623211444,0.0,0.001589825119236884,0.02702702702702703,0.001589825119236884,0.017488076311605722,0.0,0.003179650238473768,0.001589825119236884,0.0,0.003179650238473768,0.012718600953895072,0.0,0.028616852146263912,0.0
FT7,0.02219626168224299,0.009345794392523364,0.0035046728971962616,0.012850467289719626,0.004672897196261682,0.0,0.029205607476635514,0.035046728971962614,0.007009345794392523,0.03271028037383177,0.028037383177570093,0.02219626168224299,0.0,0.035046728971962614,0.035046728971962614,0.03271028037383177,0.0,0.028037383177570093,0.03387850467289719,0.0,0.009345794392523364,0.03387850467289719,0.0035046728971962616,0.015186915887850467,0.03387850467289719,0.03387850467289719,0.035046728971962614,0.035046728971962614,0.029205607476635514,0.029205607476635514,0.0,0.0,0.0,0.0,0.035046728971962614,0.0,0.03271028037383177,0.03387850467289719,0.03154205607476635,0.0,0.004672897196261682,0.02336448598130841,0.0,0.0,0.0,0.030373831775700934,0.0011682242990654205,0.01985981308411215,0.0,0.03387850467289719,0.0011682242990654205,0.0,0.029205607476635514,0.0,0.029205607476635514,0.0035046728971962616,0.0,0.0,0.0,0.008177570093457943,0.018691588785046728,0.0,0.03387850467289719,0.0
FC3,0.017009847806624886,0.011638316920322292,0.0,0.006266786034019696,0.0,0.0,0.025067144136078783,0.03581020590868397,0.009847806624888093,0.02864816472694718,0.04028648164726947,0.021486123545210387,0.0017905102954341987,0.03849597135183527,0.03760071620411817,0.04118173679498657,0.0,0.021486123545210387,0.03491495076096687,0.0,0.0035810205908683975,0.04118173679498657,0.006266786034019696,0.01611459265890779,0.04118173679498657,0.04028648164726947,0.03760071620411817,0.03939122649955237,0.024171888988361683,0.04118173679498657,0.0,0.0,0.0,0.0008952551477170994,0.03401969561324977,0.0008952551477170994,0.04207699194270367,0.022381378692927483,0.04028648164726947,0.0,0.0,0.01432408236347359,0.0008952551477170994,0.0008952551477170994,0.0017905102954341987,0.02775290957923008,0.005371530886302597,0.011638316920322292,0.0026857654431512983,0.03491495076096687,0.0,0.0008952551477170994,0.025962399283795883,0.0008952551477170994,0.018800358102059087,0.0,0.0026857654431512983,0.0008952551477170994,0.0,0.0026857654431512983,0.01432408236347359,0.0,0.02954341987466428,0.0
C1,0.0,0.006566604127579738,0.0,0.005628517823639775,0.0075046904315197,0.0375234521575985,0.00375234521575985,0.0,0.0150093808630394,0.0,0.001876172607879925,0.0028142589118198874,0.03283302063789869,0.0,0.0,0.0,0.039399624765478425,0.0,0.0009380863039399625,0.040337711069418386,0.0075046904315197,0.0,0.0009380863039399625,0.0,0.0,0.0,0.0,0.0,0.0028142589118198874,0.0,0.00375234521575985,0.03095684803001876,0.03470919324577861,0.0450281425891182,0.0,0.03189493433395872,0.0,0.0,0.0,0.0600375234521576,0.028142589118198873,0.004690431519699813,0.04878048780487805,0.036585365853658534,0.036585365853658534,0.0028142589118198874,0.02345215759849906,0.004690431519699813,0.039399624765478425,0.0009380863039399625,0.010318949343339587,0.03564727954971857,0.00375234521575985,0.03564727954971857,0.0,0.03189493433395872,0.04971857410881801,0.0600375234521576,0.0375234521575985,0.0028142589118198874,0.0,0.038461538461538464,0.0,0.05628517823639775
C5,0.0011350737797956867,0.0,0.012485811577752554,0.021566401816118047,0.022701475595913734,0.021566401816118047,0.019296254256526674,0.007945516458569807,0.00340522133938706,0.01362088535754824,0.0,0.0,0.015891032917139614,0.01362088535754824,0.011350737797956867,0.00340522133938706,0.03518728717366629,0.0,0.015891032917139614,0.029511918274687854,0.02383654937570942,0.004540295119182747,0.0,0.0,0.004540295119182747,0.004540295119182747,0.00681044267877412,0.012485811577752554,0.018161180476730987,0.0,0.0022701475595913734,0.02043132803632236,0.04086265607264472,0.021566401816118047,0.01362088535754824,0.014755959137343927,0.00340522133938706,0.00681044267877412,0.0022701475595913734,0.029511918274687854,0.04767309875141884,0.02043132803632236,0.022701475595913734,0.02043132803632236,0.02043132803632236,0.018161180476730987,0.00681044267877412,0.02043132803632236,0.0170261066969353,0.015891032917139614,0.022701475595913734,0.019296254256526674,0.019296254256526674,0.019296254256526674,0.01021566401816118,0.04767309875141884,0.021566401816118047,0.028376844494892167,0.028376844494892167,0.018161180476730987,0.0,0.036322360953461974,0.011350737797956867,0.028376844494892167
TP7,0.019036954087346025,0.0,0.012318029115341545,0.025755879059350503,0.01791713325867861,0.0011198208286674132,0.036954087346024636,0.025755879059350503,0.0,0.03135498320268757,0.0167973124300112,0.011198208286674132,0.0,0.03135498320268757,0.029115341545352745,0.02127659574468085,0.008958566629339306,0.01791713325867861,0.0335946248600224,0.005599104143337066,0.022396416573348264,0.022396416573348264,0.0,0.004479283314669653,0.022396416573348264,0.022396416573348264,0.02463605823068309,0.030235162374020158,0.03583426651735722,0.01791713325867861,0.0,0.0033594624860022394,0.013437849944008958,0.0,0.03135498320268757,0.0,0.02127659574468085,0.02463605823068309,0.020156774916013438,0.0033594624860022394,0.01791713325867861,0.03583426651735722,0.0011198208286674132,0.0,0.0,0.03583426651735722,0.0,0.032474804031354984,0.0,0.0335946248600224,0.014557670772676373,0.0,0.036954087346024636,0.0,0.027995520716685332,0.0167973124300112,0.0,0.0022396416573348264,0.005599104143337066,0.020156774916013438,0.010078387458006719,0.010078387458006719,0.029115341545352745,0.0033594624860022394
CP3,0.0,0.00802407221664995,0.0,0.004012036108324975,0.006018054162487462,0.041123370110330994,0.0020060180541624875,0.0,0.017051153460381142,0.0,0.003009027081243731,0.004012036108324975,0.03610832497492478,0.0,0.0,0.0,0.037111334002006016,0.0,0.0,0.04012036108324975,0.006018054162487462,0.0,0.0010030090270812437,0.0,0.0,0.0,0.0,0.0,0.0010030090270812437,0.0010030090270812437,0.004012036108324975,0.0320962888665998,0.031093279839518557,0.04914744232698094,0.0,0.03510531594784353,0.0,0.0,0.0,0.055165496489468405,0.024072216649949848,0.003009027081243731,0.05215646940822467,0.04012036108324975,0.04012036108324975,0.0010030090270812437,0.026078234704112337,0.003009027081243731,0.04212637913741224,0.0,0.009027081243731194,0.03911735205616851,0.0020060180541624875,0.03911735205616851,0.0,0.028084252758274825,0.05215646940822467,0.055165496489468405,0.03811434302908726,0.0010030090270812437,0.0,0.03610832497492478,0.0,0.05416248746238716
P1,0.0,0.008908685968819599,0.0,0.0033407572383073497,0.005567928730512249,0.045657015590200446,0.0011135857461024498,0.0,0.01893095768374165,0.0,0.0033407572383073497,0.004454342984409799,0.0400890868596882,0.0,0.0,0.0,0.03897550111358575,0.0,0.0,0.042316258351893093,0.005567928730512249,0.0,0.0011135857461024498,0.0,0.0,0.0,0.0,0.0,0.0,0.0011135857461024498,0.004454342984409799,0.034521158129175944,0.03229398663697105,0.045657015590200446,0.0,0.03897550111358575,0.0,0.0,0.0,0.0467706013363029,0.024498886414253896,0.0022271714922048997,0.0467706013363029,0.044543429844097995,0.044543429844097995,0.0,0.028953229398663696,0.0022271714922048997,0.04120267260579064,0.0,0.008908685968819599,0.043429844097995544,0.0011135857461024498,0.043429844097995544,0.0,0.028953229398663696,0.045657015590200446,0.0467706013363029,0.0400890868596882,0.0,0.0,0.0378619153674833,0.0,0.045657015590200446
P5,0.0,0.009814612868047983,0.0,0.003271537622682661,0.0054525627044711015,0.04471101417666303,0.0010905125408942203,0.0,0.019629225736095966,0.0,0.004362050163576881,0.0054525627044711015,0.04034896401308615,0.0,0.0,0.0,0.03816793893129771,0.0,0.0,0.04143947655398037,0.0054525627044711015,0.0,0.0010905125408942203,0.0010905125408942203,0.0,0.0,0.0,0.0,0.0,0.0021810250817884407,0.004362050163576881,0.03380588876772083,0.03162486368593239,0.04580152671755725,0.0,0.03925845147219193,0.0010905125408942203,0.0,0.0,0.04580152671755725,0.023991275899672846,0.0021810250817884407,0.04689203925845147,0.04471101417666303,0.04471101417666303,0.0,0.029443838604143947,0.0021810250817884407,0.04143947655398037,0.0,0.008724100327153763,0.04362050163576881,0.0010905125408942203,0.04362050163576881,0.0,0.028353326063249727,0.04580152671755725,0.04689203925845147,0.03925845147219193,0.0,0.0,0.03707742639040349,0.0,0.04471101417666303
PO7,0.014032496307237814,0.003692762186115214,0.00812407680945347,0.0155096011816839,0.0103397341211226,0.0,0.03840472673559823,0.03175775480059084,0.0022156573116691287,0.033973412112259974,0.022895125553914326,0.011816838995568686,0.0,0.03988183161004431,0.03692762186115214,0.028064992614475627,0.004431314623338257,0.01624815361890694,0.0413589364844904,0.0022156573116691287,0.013293943870014771,0.030280649926144758,0.0,0.007385524372230428,0.029542097488921712,0.02880354505169867,0.0310192023633678,0.03914327917282127,0.03692762186115214,0.023633677991137372,0.0,0.0007385524372230429,0.007385524372230428,0.0,0.03766617429837518,0.0,0.029542097488921712,0.0206794682422452,0.0258493353028065,0.0007385524372230429,0.0103397341211226,0.022156573116691284,0.0,0.0,0.0,0.04062038404726736,0.0,0.019940915805022157,0.0,0.0413589364844904,0.00812407680945347,0.0,0.03914327917282127,0.0,0.02141802067946824,0.009601181683899557,0.0,0.0,0.0022156573116691287,0.012555391432791729,0.011078286558345642,0.0051698670605613,0.0310192023633678,0.0007385524372230429
PO3,0.0,0.01881331403762663,0.0,0.0,0.001447178002894356,0.04052098408104197,0.0,0.001447178002894356,0.03183791606367583,0.0,0.011577424023154847,0.013024602026049204,0.04341534008683068,0.001447178002894356,0.001447178002894356,0.005788712011577424,0.030390738060781478,0.0,0.0,0.03473227206946455,0.001447178002894356,0.005788712011577424,0.00723589001447178,0.00723589001447178,0.005788712011577424,0.004341534008683068,0.002894356005788712,0.002894356005788712,0.0,0.008683068017366137,0.005788712011577424,0.030390738060781478,0.02170767004341534,0.041968162083936326,0.0,0.041968162083936326,0.00723589001447178,0.0,0.005788712011577424,0.04052098408104197,0.011577424023154847,0.0,0.041968162083936326,0.041968162083936326,0.04341534008683068,0.0,0.04486251808972504,0.0,0.04486251808972504,0.0,0.005788712011577424,0.041968162083936326,0.0,0.041968162083936326,0.0,0.017366136034732273,0.04486251808972504,0.041968162083936326,0.03183791606367583,0.0,0.0,0.02894356005788712,0.0,0.03907380607814761
POz,0.017412935323383085,0.0,0.013681592039800995,0.028606965174129355,0.01990049751243781,0.0012437810945273632,0.03731343283582089,0.024875621890547265,0.0,0.03109452736318408,0.014925373134328358,0.008706467661691543,0.0,0.03109452736318408,0.028606965174129355,0.01990049751243781,0.009950248756218905,0.01616915422885572,0.033582089552238806,0.006218905472636816,0.024875621890547265,0.021144278606965175,0.0,0.0012437810945273632,0.021144278606965175,0.021144278606965175,0.0236318407960199,0.029850746268656716,0.036069651741293535,0.01616915422885572,0.0,0.0037313432835820895,0.014925373134328358,0.0,0.03109452736318408,0.0,0.01990049751243781,0.0236318407960199,0.018656716417910446,0.0037313432835820895,0.01990049751243781,0.03731343283582089,0.0012437810945273632,0.0,0.0,0.036069651741293535,0.0,0.036069651741293535,0.0,0.033582089552238806,0.01616915422885572,0.0,0.03731343283582089,0.0,0.02736318407960199,0.018656716417910446,0.0,0.0024875621890547263,0.006218905472636816,0.022388059701492536,0.007462686567164179,0.011194029850746268,0.028606965174129355,0.0037313432835820895
PO4,0.0,0.010752688172043012,0.0,0.002150537634408602,0.004301075268817204,0.041935483870967745,0.0,0.0,0.02043010752688172,0.0,0.005376344086021506,0.0064516129032258064,0.04086021505376344,0.0,0.0,0.001075268817204301,0.034408602150537634,0.0,0.0,0.03763440860215054,0.004301075268817204,0.001075268817204301,0.002150537634408602,0.002150537634408602,0.001075268817204301,0.0,0.0,0.0,0.0,0.0032258064516129032,0.004301075268817204,0.03225806451612903,0.02795698924731183,0.04946236559139785,0.0,0.03870967741935484,0.002150537634408602,0.0,0.001075268817204301,0.04946236559139785,0.02043010752688172,0.001075268817204301,0.05053763440860215,0.043010752688172046,0.04408602150537634,0.0,0.030107526881720432,0.001075268817204301,0.04838709677419355,0.0,0.007526881720430108,0.043010752688172046,0.0,0.043010752688172046,0.0,0.024731182795698924,0.05161290322580645,0.05053763440860215,0.035483870967741936,0.0,0.0,0.03333333333333333,0.0,0.047311827956989246
PO8,0.013058419243986255,0.005498281786941581,0.007560137457044674,0.013058419243986255,0.008247422680412371,0.0,0.03436426116838488,0.03367697594501718,0.004123711340206186,0.03230240549828179,0.026804123711340205,0.013058419243986255,0.0,0.04261168384879725,0.03986254295532646,0.03161512027491409,0.0027491408934707906,0.016494845360824743,0.04192439862542955,0.0006872852233676976,0.010996563573883162,0.03367697594501718,0.002061855670103093,0.008934707903780068,0.032989690721649485,0.03230240549828179,0.03367697594501718,0.04192439862542955,0.032989690721649485,0.027491408934707903,0.0,0.0,0.005498281786941581,0.0,0.03848797250859107,0.0,0.032989690721649485,0.020618556701030927,0.029553264604810996,0.0,0.008247422680412371,0.019243986254295534,0.0,0.0,0.0,0.036426116838487975,0.0006872852233676976,0.01718213058419244,0.0,0.04192439862542955,0.006185567010309278,0.0,0.03505154639175258,0.0,0.01993127147766323,0.007560137457044674,0.0,0.0,0.0006872852233676976,0.010309278350515464,0.010996563573883162,0.003436426116838488,0.030240549828178694,0.0
P6,0.0,0.0,0.020876826722338204,0.033402922755741124,0.037578288100208766,0.014613778705636743,0.029227557411273485,0.008350730688935281,0.0,0.018789144050104383,0.0,0.0,0.010438413361169102,0.018789144050104383,0.014613778705636743,0.0,0.029227557411273485,0.0,0.022964509394572025,0.022964509394572025,0.037578288100208766,0.0020876826722338203,0.0,0.0,0.0020876826722338203,0.0020876826722338203,0.006263048016701462,0.016701461377870562,0.027139874739039668,0.0,0.0,0.018789144050104383,0.037578288100208766,0.012526096033402923,0.018789144050104383,0.010438413361169102,0.0,0.006263048016701462,0.0,0.018789144050104383,0.04175365344467641,0.031315240083507306,0.014613778705636743,0.012526096033402923,0.012526096033402923,0.027139874739039668,0.0041753653444676405,0.031315240083507306,0.010438413361169102,0.022964509394572025,0.03966597077244259,0.012526096033402923,0.029227557411273485,0.012526096033402923,0.012526096033402923,0.04175365344467641,0.012526096033402923,0.016701461377870562,0.022964509394572025,0.027139874739039668,0.0,0.031315240083507306,0.014613778705636743,0.018789144050104383
P2,0.0,0.00903954802259887,0.0,0.003389830508474576,0.005649717514124294,0.04632768361581921,0.0011299435028248588,0.0,0.0192090395480226,0.0,0.003389830508474576,0.004519774011299435,0.04067796610169491,0.0,0.0,0.0,0.0384180790960452,0.0,0.0,0.04180790960451977,0.005649717514124294,0.0,0.0011299435028248588,0.0,0.0,0.0,0.0,0.0,0.0,0.0011299435028248588,0.004519774011299435,0.03502824858757062,0.031638418079096044,0.04519774011299435,0.0,0.03954802259887006,0.0,0.0,0.0,0.04632768361581921,0.023728813559322035,0.0022598870056497176,0.04632768361581921,0.04519774011299435,0.04519774011299435,0.0,0.02937853107344633,0.0022598870056497176,0.04180790960451977,0.0,0.00903954802259887,0.04406779661016949,0.0011299435028248588,0.04406779661016949,0.0,0.02824858757062147,0.04519774011299435,0.04632768361581921,0.03954802259887006,0.0,0.0,0.03728813559322034,0.0,0.04519774011299435
CPz,0.014147431124348473,0.0029784065524944155,0.008190618019359643,0.016381236038719285,0.011169024571854059,0.0,0.04095309009679821,0.03052866716306776,0.0014892032762472078,0.03350707371556218,0.021593447505584513,0.011169024571854059,0.0,0.0387192851824274,0.035740878629932984,0.02680565897244974,0.0052122114668652275,0.01563663440059568,0.04169769173492182,0.0029784065524944155,0.014147431124348473,0.029039463886820552,0.0,0.006701414743112435,0.028294862248696945,0.027550260610573342,0.029784065524944156,0.0379746835443038,0.0379746835443038,0.022338049143708117,0.0,0.0014892032762472078,0.008190618019359643,0.0,0.03648548026805659,0.0,0.028294862248696945,0.020104244229337303,0.024571854058078928,0.0014892032762472078,0.011169024571854059,0.02308265078183172,0.0,0.0,0.0,0.04244229337304542,0.0,0.02084884586746091,0.0,0.04095309009679821,0.008935219657483246,0.0,0.04169769173492182,0.0,0.021593447505584513,0.010424422933730455,0.0,0.0007446016381236039,0.0029784065524944155,0.01340282948622487,0.010424422933730455,0.005956813104988831,0.03052866716306776,0.0014892032762472078
CP4,0.0,0.00903954802259887,0.0,0.003389830508474576,0.005649717514124294,0.04632768361581921,0.0011299435028248588,0.0,0.0192090395480226,0.0,0.003389830508474576,0.004519774011299435,0.04067796610169491,0.0,0.0,0.0,0.0384180790960452,0.0,0.0,0.04180790960451977,0.005649717514124294,0.0,0.0011299435028248588,0.0,0.0,0.0,0.0,0.0,0.0,0.0011299435028248588,0.004519774011299435,0.03502824858757062,0.031638418079096044,0.04519774011299435,0.0,0.03954802259887006,0.0,0.0,0.0,0.04632768361581921,0.023728813559322035,0.0022598870056497176,0.04632768361581921,0.04519774011299435,0.04519774011299435,0.0,0.02937853107344633,0.0022598870056497176,0.04180790960451977,0.0,0.00903954802259887,0.04406779661016949,0.0011299435028248588,0.04406779661016949,0.0,0.02824858757062147,0.04519774011299435,0.04632768361581921,0.03954802259887006,0.0,0.0,0.03728813559322034,0.0,0.04519774011299435
TP8,0.022700119474313024,0.0047789725209080045,0.007168458781362007,0.016726403823178016,0.008363201911589008,0.0,0.03345280764635603,0.03345280764635603,0.0023894862604540022,0.03464755077658303,0.023894862604540025,0.017921146953405017,0.0,0.03464755077658303,0.03464755077658303,0.02867383512544803,0.0,0.025089605734767026,0.03464755077658303,0.0,0.013142174432497013,0.02986857825567503,0.0,0.010752688172043012,0.02986857825567503,0.02986857825567503,0.03225806451612903,0.03464755077658303,0.03345280764635603,0.025089605734767026,0.0,0.0,0.0035842293906810036,0.0,0.03464755077658303,0.0,0.02867383512544803,0.03225806451612903,0.027479091995221028,0.0,0.008363201911589008,0.027479091995221028,0.0,0.0,0.0,0.03464755077658303,0.0,0.023894862604540025,0.0,0.03464755077658303,0.0047789725209080045,0.0,0.03345280764635603,0.0,0.03345280764635603,0.007168458781362007,0.0,0.0,0.0,0.011947431302270013,0.016726403823178016,0.0,0.03464755077658303,0.0
C6,0.0,0.002061855670103093,0.01134020618556701,0.018556701030927835,0.020618556701030927,0.024742268041237112,0.016494845360824743,0.006185567010309278,0.005154639175257732,0.01134020618556701,0.0,0.0,0.01958762886597938,0.01134020618556701,0.009278350515463918,0.002061855670103093,0.03711340206185567,0.0,0.013402061855670102,0.031958762886597936,0.020618556701030927,0.003092783505154639,0.0010309278350515464,0.0,0.003092783505154639,0.003092783505154639,0.005154639175257732,0.010309278350515464,0.015463917525773196,0.0,0.004123711340206186,0.023711340206185566,0.042268041237113405,0.024742268041237112,0.01134020618556701,0.018556701030927835,0.002061855670103093,0.005154639175257732,0.0010309278350515464,0.031958762886597936,0.04536082474226804,0.01752577319587629,0.02577319587628866,0.023711340206185566,0.023711340206185566,0.015463917525773196,0.009278350515463918,0.01752577319587629,0.020618556701030927,0.013402061855670102,0.020618556701030927,0.02268041237113402,0.016494845360824743,0.02268041237113402,0.008247422680412371,0.04845360824742268,0.024742268041237112,0.030927835051546393,0.030927835051546393,0.015463917525773196,0.0,0.03814432989690722,0.009278350515463918,0.030927835051546393
C2,0.0,0.00968054211035818,0.0,0.002904162633107454,0.00484027105517909,0.03969022265246854,0.000968054211035818,0.0,0.018393030009680542,0.0,0.00484027105517909,0.005808325266214908,0.036786060019361085,0.0,0.0,0.000968054211035818,0.03484995159728945,0.0,0.0,0.0377541142303969,0.00484027105517909,0.000968054211035818,0.001936108422071636,0.001936108422071636,0.000968054211035818,0.0,0.0,0.0,0.0,0.002904162633107454,0.003872216844143272,0.030009680542110357,0.02904162633107454,0.0484027105517909,0.0,0.03484995159728945,0.001936108422071636,0.0,0.000968054211035818,0.05614714424007745,0.022265246853823813,0.001936108422071636,0.05227492739593417,0.03969022265246854,0.04065827686350436,0.0,0.027105517909002903,0.001936108422071636,0.044530493707647625,0.0,0.007744433688286544,0.03872216844143272,0.000968054211035818,0.03872216844143272,0.0,0.026137463697967087,0.05808325266214908,0.060019361084220714,0.03581800580832527,0.0,0.0,0.03388189738625363,0.0,0.05324298160696999
FC4,0.0,0.007455731593662628,0.0,0.004659832246039142,0.0065237651444548,0.03821062441752097,0.0027958993476234857,0.0,0.015843429636533086,0.0,0.0027958993476234857,0.003727865796831314,0.033550792171481825,0.0,0.0,0.0,0.03821062441752097,0.0,0.0,0.0391425908667288,0.0065237651444548,0.0,0.0009319664492078285,0.0,0.0,0.0,0.0,0.0,0.001863932898415657,0.0009319664492078285,0.003727865796831314,0.03075489282385834,0.033550792171481825,0.045666356011183594,0.0,0.032618825722273995,0.0,0.0,0.0,0.06150978564771668,0.02702702702702703,0.003727865796831314,0.049394221808014914,0.03727865796831314,0.03727865796831314,0.001863932898415657,0.024231127679403542,0.003727865796831314,0.04100652376514446,0.0,0.009319664492078284,0.036346691519105315,0.0027958993476234857,0.036346691519105315,0.0,0.03075489282385834,0.05312208760484623,0.06337371854613234,0.036346691519105315,0.001863932898415657,0.0,0.03727865796831314,0.0,0.05591798695246971
FT8,0.0,0.0022371364653243847,0.0022371364653243847,0.008948545861297539,0.011185682326621925,0.03803131991051454,0.006711409395973154,0.0,0.011185682326621925,0.0011185682326621924,0.0,0.0,0.03243847874720358,0.0011185682326621924,0.0,0.0,0.04697986577181208,0.0,0.003355704697986577,0.04586129753914989,0.011185682326621925,0.0,0.0011185682326621924,0.0,0.0,0.0,0.0,0.0,0.005592841163310962,0.0,0.0044742729306487695,0.03691275167785235,0.040268456375838924,0.03803131991051454,0.0011185682326621924,0.03131991051454139,0.0,0.0,0.0,0.0436241610738255,0.03243847874720358,0.007829977628635347,0.039149888143176735,0.03691275167785235,0.03691275167785235,0.005592841163310962,0.021252796420581657,0.007829977628635347,0.03355704697986577,0.003355704697986577,0.0145413870246085,0.035794183445190156,0.006711409395973154,0.035794183445190156,0.0,0.03691275167785235,0.03803131991051454,0.042505592841163314,0.0447427293064877,0.005592841163310962,0.0,0.04586129753914989,0.0,0.0436241610738255
F6,0.008602150537634409,0.0,0.023655913978494623,0.03870967741935484,0.030107526881720432,0.0,0.03870967741935484,0.021505376344086023,0.0,0.03225806451612903,0.004301075268817204,0.0,0.0,0.03225806451612903,0.02795698924731183,0.012903225806451613,0.012903225806451613,0.0064516129032258064,0.03655913978494624,0.0064516129032258064,0.03870967741935484,0.015053763440860216,0.0,0.0,0.015053763440860216,0.015053763440860216,0.01935483870967742,0.030107526881720432,0.03870967741935484,0.0064516129032258064,0.0,0.002150537634408602,0.021505376344086023,0.0,0.03225806451612903,0.0,0.012903225806451613,0.01935483870967742,0.010752688172043012,0.002150537634408602,0.030107526881720432,0.03870967741935484,0.0,0.0,0.0,0.03870967741935484,0.0,0.03870967741935484,0.0,0.03655913978494624,0.023655913978494623,0.0,0.03870967741935484,0.0,0.025806451612903226,0.02795698924731183,0.0,0.0,0.0064516129032258064,0.03655913978494624,0.0,0.015053763440860216,0.02795698924731183,0.002150537634408602
AF8,0.021834061135371178,0.015283842794759825,0.0,0.0,0.0,0.0,0.026200873362445413,0.034934497816593885,0.010917030567685589,0.03275109170305677,0.034934497816593885,0.034934497816593885,0.0,0.034934497816593885,0.034934497816593885,0.034934497816593885,0.0,0.034934497816593885,0.034934497816593885,0.0,0.0,0.034934497816593885,0.004366812227074236,0.026200873362445413,0.034934497816593885,0.034934497816593885,0.034934497816593885,0.034934497816593885,0.026200873362445413,0.034934497816593885,0.0,0.0,0.0,0.0,0.034934497816593885,0.0,0.034934497816593885,0.034934497816593885,0.034934497816593885,0.0,0.0,0.015283842794759825,0.0,0.0,0.0,0.028384279475982533,0.0,0.008733624454148471,0.0,0.034934497816593885,0.0,0.0,0.026200873362445413,0.0,0.026200873362445413,0.0,0.0,0.0,0.0,0.0,0.03275109170305677,0.0,0.034934497816593885,0.0
AF4,0.0,0.002066115702479339,0.006198347107438017,0.012396694214876033,0.014462809917355372,0.03305785123966942,0.010330578512396695,0.0,0.008264462809917356,0.005165289256198347,0.0,0.0,0.027892561983471075,0.005165289256198347,0.0030991735537190084,0.0,0.045454545454545456,0.0,0.007231404958677686,0.040289256198347105,0.014462809917355372,0.0,0.0010330578512396695,0.0,0.0,0.0,0.0,0.004132231404958678,0.009297520661157025,0.0,0.004132231404958678,0.03202479338842975,0.04442148760330578,0.03305785123966942,0.005165289256198347,0.026859504132231406,0.0,0.0,0.0,0.040289256198347105,0.0371900826446281,0.011363636363636364,0.03409090909090909,0.03202479338842975,0.03202479338842975,0.009297520661157025,0.01756198347107438,0.011363636363636364,0.028925619834710745,0.007231404958677686,0.01756198347107438,0.030991735537190084,0.010330578512396695,0.030991735537190084,0.002066115702479339,0.04132231404958678,0.03305785123966942,0.03925619834710744,0.03925619834710744,0.009297520661157025,0.0,0.04648760330578512,0.0030991735537190084,0.03925619834710744
F2,0.016281062553556127,0.006855184233076264,0.005998286203941731,0.012853470437017995,0.006855184233076264,0.0,0.031705227077977724,0.03598971722365039,0.005141388174807198,0.03513281919451585,0.028277634961439587,0.016281062553556127,0.0,0.037703513281919454,0.037703513281919454,0.032562125107112254,0.0,0.02056555269922879,0.03684661525278492,0.0,0.010282776349614395,0.033419023136246784,0.002570694087403599,0.011139674378748929,0.033419023136246784,0.033419023136246784,0.03513281919451585,0.037703513281919454,0.030848329048843187,0.02913453299057412,0.0,0.0,0.003427592116538132,0.0,0.037703513281919454,0.0,0.032562125107112254,0.02570694087403599,0.031705227077977724,0.0,0.006855184233076264,0.02056555269922879,0.0,0.0,0.0,0.03427592116538132,0.000856898029134533,0.017994858611825194,0.0,0.03684661525278492,0.004284490145672665,0.0,0.032562125107112254,0.0,0.024850042844901457,0.005998286203941731,0.0,0.0,0.0,0.009425878320479864,0.013710368466152529,0.000856898029134533,0.03598971722365039,0.0
FCz,0.0,0.0058309037900874635,0.0,0.0058309037900874635,0.007774538386783284,0.037900874635568516,0.003887269193391642,0.0,0.014577259475218658,0.0,0.0009718172983479105,0.001943634596695821,0.03304178814382896,0.0,0.0,0.0,0.04081632653061224,0.0,0.0009718172983479105,0.04178814382896016,0.007774538386783284,0.0,0.0009718172983479105,0.0,0.0,0.0,0.0,0.0,0.0029154518950437317,0.0,0.003887269193391642,0.03206997084548105,0.03498542274052478,0.04470359572400389,0.0,0.03206997084548105,0.0,0.0,0.0,0.05830903790087463,0.028182701652089408,0.004859086491739553,0.047619047619047616,0.0369290573372206,0.0369290573372206,0.0029154518950437317,0.023323615160349854,0.004859086491739553,0.037900874635568516,0.0009718172983479105,0.010689990281827016,0.03595724003887269,0.003887269193391642,0.03595724003887269,0.0,0.03206997084548105,0.04859086491739553,0.057337220602526724,0.038872691933916424,0.0029154518950437317,0.0,0.03984450923226433,0.0,0.056365403304178816
