,bankssts-lh,bankssts-rh,caudalanteriorcingulate-lh,caudalanteriorcingulate-rh,caudalmiddlefrontal-lh,caudalmiddlefrontal-rh,cuneus-lh,cuneus-rh,entorhinal-lh,entorhinal-rh,frontalpole-lh,frontalpole-rh,fusiform-lh,fusiform-rh,inferiorparietal-lh,inferiorparietal-rh,inferiortemporal-lh,inferiortemporal-rh,insula-lh,insula-rh,isthmuscingulate-lh,isthmuscingulate-rh,lateraloccipital-lh,lateraloccipital-rh,lateralorbitofrontal-lh,lateralorbitofrontal-rh,lingual-lh,lingual-rh,medialorbitofrontal-lh,medialorbitofrontal-rh,middletemporal-lh,middletemporal-rh,paracentral-lh,paracentral-rh,parahippocampal-lh,parahippocampal-rh,parsopercularis-lh,parsopercularis-rh,parsorbitalis-lh,parsorbitalis-rh,parstriangularis-lh,parstriangularis-rh,pericalcarine-lh,pericalcarine-rh,postcentral-lh,postcentral-rh,posteriorcingulate-lh,posteriorcingulate-rh,precentral-lh,precentral-rh,precuneus-lh,precuneus-rh,rostralanteriorcingulate-lh,rostralanteriorcingulate-rh,rostralmiddlefrontal-lh,rostralmiddlefrontal-rh,superiorfrontal-lh,superiorfrontal-rh,superiorparietal-lh,superiorparietal-rh,superiortemporal-lh,superiortemporal-rh,supramarginal-lh,supramarginal-rh,temporalpole-lh,temporalpole-rh,transversetemporal-lh,transversetemporal-rh
bankssts-lh,0.15352697095435686,0.0,0.008298755186721992,0.0,0.0,0.02074688796680498,0.022821576763485476,0.03319502074688797,0.0,0.0,0.0,0.0,0.0,0.0,0.12240663900414937,0.03734439834024896,0.008298755186721992,0.0,0.0,0.0,0.0,0.035269709543568464,0.06224066390041494,0.014522821576763486,0.0,0.0,0.04149377593360996,0.0,0.0,0.0,0.043568464730290454,0.0,0.0,0.0,0.016597510373443983,0.0,0.0,0.0,0.002074688796680498,0.0,0.0,0.0,0.0,0.012448132780082987,0.0,0.08298755186721991,0.0,0.035269709543568464,0.0,0.022821576763485476,0.029045643153526972,0.035269709543568464,0.014522821576763486,0.0,0.0,0.024896265560165973,0.0,0.0,0.0,0.0,0.07883817427385892,0.0,0.002074688796680498,0.03941908713692946,0.0,0.0,0.0,0.0
bankssts-rh,0.0,0.0,0.0,0.0,0.0,0.0,0.0,0.0,0.0,0.0,0.0,0.0,0.0,0.0,0.0,0.0,0.0,0.0,0.0,0.0,0.0,0.0,0.0,0.0,0.0,0.0,0.0,0.0,0.0,0.0,0.0,0.0,0.0,0.0,0.0,0.0,0.0,0.0,0.0,0.0,0.0,0.0,0.0,0.0,0.0,0.0,0.0,0.0,0.0,0.0,0.0,0.0,0.0,0.0,0.0,0.0,0.0,0.0,0.0,0.0,0.0,0.0,0.0,0.0,0.0,0.0,0.0,0.0
caudalanteriorcingulate-lh,0.008241758241758242,0.0,0.10714285714285714,0.0,0.0,0.0,0.07692307692307693,0.054945054945054944,0.0,0.0,0.019230769230769232,0.0,0.013736263736263736,0.0,0.054945054945054944,0.019230769230769232,0.016483516483516484,0.0,0.0,0.0,0.013736263736263736,0.024725274725274724,0.0027472527472527475,0.038461538461538464,0.04395604395604396,0.0,0.0027472527472527475,0.0,0.04395604395604396,0.0,0.0027472527472527475,0.0,0.0,0.0,0.024725274725274724,0.0,0.0,0.0,0.03021978021978022,0.0,0.04395604395604396,0.0,0.03021978021978022,0.024725274725274724,0.0,0.03571428571428571,0.0,0.0,0.0,0.0,0.0521978021978022,0.024725274725274724,0.0,0.02197802197802198,0.04120879120879121,0.038461538461538464,0.0,0.03021978021978022,0.0,0.005494505494505495,0.019230769230769232,0.0,0.0,0.019230769230769232,0.0,0.0,0.0,0.013736263736263736
caudalanteriorcingulate-rh,0.0,0.0,0.0392156862745098,0.17647058823529413,0.0,0.0,0.0,0.0,0.0,0.0,0.0,0.0,0.0,0.0,0.0,0.0,0.058823529411764705,0.0,0.0,0.0,0.0,0.0,0.0,0.19607843137254902,0.0,0.0,0.0,0.0,0.1568627450980392,0.0,0.0,0.0,0.0,0.0,0.0,0.0,0.0,0.0,0.0,0.0,0.0,0.0,0.09803921568627451,0.0,0.0,0.0392156862745098,0.0,0.09803921568627451,0.0,0.0,0.0,0.0,0.0,0.0,0.0,0.0,0.0,0.0,0.0,0.0,0.0,0.0,0.0,0.13725490196078433,0.0,0.0,0.0,0.0
caudalmiddlefrontal-lh,0.0,0.0,0.0,0.0,0.3888888888888889,0.0,0.0,0.0,0.0,0.0,0.06349206349206349,0.0,0.0,0.0,0.0,0.0,0.0,0.0,0.0,0.0,0.0,0.0,0.0,0.0,0.0,0.007936507936507936,0.0,0.0,0.015873015873015872,0.0,0.0,0.0,0.0,0.0,0.0,0.0,0.07142857142857142,0.04365079365079365,0.03571428571428571,0.07539682539682539,0.10317460317460317,0.0,0.0,0.0,0.0,0.0,0.0,0.0,0.0,0.0,0.0,0.0,0.10317460317460317,0.03571428571428571,0.023809523809523808,0.0,0.003968253968253968,0.0,0.0,0.0,0.0,0.0,0.0,0.0,0.0,0.0,0.027777777777777776,0.0
caudalmiddlefrontal-rh,0.10666666666666667,0.0,0.02666666666666667,0.0,0.0,0.13333333333333333,0.06666666666666667,0.013333333333333334,0.0,0.0,0.0,0.0,0.0,0.0,0.14666666666666667,0.0,0.0,0.0,0.0,0.0,0.0,0.0,0.0,0.0,0.0,0.0,0.0,0.0,0.0,0.0,0.0,0.0,0.0,0.0,0.0,0.0,0.0,0.0,0.0,0.0,0.0,0.0,0.0,0.0,0.0,0.10666666666666667,0.0,0.0,0.0,0.0,0.13333333333333333,0.0,0.0,0.0,0.0,0.02666666666666667,0.0,0.0,0.0,0.0,0.13333333333333333,0.0,0.0,0.10666666666666667,0.0,0.0,0.0,0.0
cuneus-lh,0.009198423127463863,0.0,0.03416557161629435,0.0,0.0,0.003942181340341655,0.10512483574244415,0.08278580814717477,0.0,0.0,0.018396846254927726,0.0,0.03942181340341656,0.0,0.04204993429697766,0.051248357424441525,0.026281208935611037,0.0,0.0,0.00788436268068331,0.02890932982917214,0.04467805519053877,0.0,0.052562417871222074,0.01971090670170828,0.0,0.013140604467805518,0.0,0.001314060446780552,0.0,0.0,0.0,0.0,0.010512483574244415,0.018396846254927726,0.0,0.0,0.0,0.01971090670170828,0.0,0.011826544021024968,0.0,0.00788436268068331,0.04336399474375821,0.0,0.010512483574244415,0.0,0.0,0.0,0.006570302233902759,0.03810775295663601,0.06176084099868594,0.00788436268068331,0.022339027595269383,0.01971090670170828,0.040735873850197106,0.0,0.01971090670170828,0.0,0.022339027595269383,0.018396846254927726,0.0,0.0,0.01445466491458607,0.0,0.0,0.0,0.024967148488830485
cuneus-rh,0.015463917525773196,0.0,0.01752577319587629,0.0,0.0,0.0,0.06494845360824743,0.13917525773195877,0.0,0.0,0.0,0.0,0.029896907216494847,0.0,0.03814432989690722,0.05360824742268041,0.018556701030927835,0.0,0.0,0.01134020618556701,0.03608247422680412,0.042268041237113405,0.006185567010309278,0.07628865979381444,0.009278350515463918,0.0,0.01958762886597938,0.0010309278350515464,0.0,0.002061855670103093,0.004123711340206186,0.0,0.0,0.009278350515463918,0.015463917525773196,0.0,0.0,0.005154639175257732,0.0,0.0,0.0,0.0,0.006185567010309278,0.06494845360824743,0.0,0.010309278350515464,0.0,0.0,0.0,0.003092783505154639,0.02577319587628866,0.0979381443298969,0.0,0.007216494845360825,0.0,0.03505154639175258,0.0,0.015463917525773196,0.0,0.0711340206185567,0.015463917525773196,0.0,0.0,0.010309278350515464,0.0,0.0,0.0,0.021649484536082474
entorhinal-lh,0.0,0.0,0.0,0.0,0.0,0.0,0.0,0.0,0.38461538461538464,0.0,0.0,0.0,0.0,0.0,0.0,0.0,0.0,0.0,0.0,0.0,0.0,0.0,0.0,0.0,0.0,0.0,0.0,0.15384615384615385,0.0,0.0,0.0,0.0,0.0,0.0,0.0,0.0,0.0,0.0,0.0,0.0,0.0,0.0,0.0,0.0,0.0,0.0,0.0,0.0,0.0,0.0,0.46153846153846156,0.0,0.0,0.0,0.0,0.0,0.0,0.0,0.0,0.0,0.0,0.0,0.0,0.0,0.0,0.0,0.0,0.0
entorhinal-rh,0.0,0.0,0.0,0.0,0.0,0.0,0.0,0.0,0.0,0.5333333333333333,0.0,0.0,0.0,0.0,0.0,0.0,0.0,0.0,0.0,0.0,0.0,0.0,0.0,0.0,0.0,0.0,0.0,0.0,0.0,0.0,0.0,0.0,0.0,0.0,0.0,0.0,0.0,0.0,0.0,0.0,0.0,0.0,0.0,0.0,0.0,0.0,0.0,0.0,0.4666666666666667,0.0,0.0,0.0,0.0,0.0,0.0,0.0,0.0,0.0,0.0,0.0,0.0,0.0,0.0,0.0,0.0,0.0,0.0,0.0
frontalpole-lh,0.0037174721189591076,0.0,0.01858736059479554,0.0,0.06691449814126393,0.0,0.04460966542750929,0.0,0.0,0.0,0.15985130111524162,0.0,0.0,0.0,0.0,0.0,0.0,0.0,0.0,0.0,0.0,0.0,0.0,0.0,0.048327137546468404,0.0,0.0,0.0,0.01486988847583643,0.0,0.0,0.0,0.0,0.0,0.0,0.0,0.01486988847583643,0.0,0.1412639405204461,0.02973977695167286,0.11152416356877323,0.0,0.0,0.0,0.0,0.0,0.0,0.0,0.0,0.0,0.0,0.0,0.08550185873605948,0.1412639405204461,0.11895910780669144,0.0,0.0,0.0,0.0,0.0,0.0,0.0,0.0,0.0,0.0,0.0,0.0,0.0
frontalpole-rh,0.0,0.0,0.0,0.0,0.015625,0.0,0.0,0.0,0.0,0.0,0.0,0.125,0.0,0.0,0.0,0.0,0.0,0.0,0.0,0.0,0.0,0.0,0.0,0.0,0.109375,0.140625,0.0,0.0,0.0,0.140625,0.0,0.0,0.0,0.0,0.0,0.0,0.0,0.0,0.0,0.09375,0.0,0.0,0.0,0.0,0.0,0.0,0.0,0.0,0.0,0.0,0.0,0.0,0.140625,0.125,0.0,0.0,0.109375,0.0,0.0,0.0,0.0,0.0,0.0,0.0,0.0,0.0,0.0,0.0
fusiform-lh,0.0,0.0,0.008571428571428572,0.0,0.0,0.0,0.08285714285714285,0.07714285714285714,0.0,0.0,0.0,0.0,0.08,0.0,0.025714285714285714,0.06571428571428571,0.05142857142857143,0.0,0.0,0.0,0.05142857142857143,0.054285714285714284,0.0,0.08,0.0,0.0,0.02857142857142857,0.0,0.0,0.0,0.0,0.0,0.0,0.022857142857142857,0.014285714285714285,0.0,0.0,0.0,0.0,0.0,0.0,0.0,0.0,0.06571428571428571,0.0,0.0,0.0,0.0,0.0,0.014285714285714285,0.02,0.08571428571428572,0.0,0.0,0.0,0.025714285714285714,0.0,0.04285714285714286,0.0,0.045714285714285714,0.0,0.0,0.0,0.005714285714285714,0.0,0.0,0.0,0.05142857142857143
fusiform-rh,0.0,0.0,0.0,0.0,0.0,0.0,0.0,0.0,0.0,0.0,0.0,0.0,0.0,0.0,0.0,0.0,0.0,0.0,0.0,0.0,0.0,0.0,0.0,0.0,0.0,0.0,0.0,0.0,0.0,0.0,0.0,0.0,0.0,0.0,0.0,0.0,0.0,0.0,0.0,0.0,0.0,0.0,0.0,0.0,0.0,0.0,0.0,0.0,0.0,0.0,0.0,0.0,0.0,0.0,0.0,0.0,0.0,0.0,0.0,0.0,0.0,0.0,0.0,0.0,0.0,0.0,0.0,0.0
inferiorparietal-lh,0.08245877061469266,0.0,0.02848575712143928,0.0,0.0,0.01649175412293853,0.053973013493253376,0.05997001499250375,0.0,0.0,0.0,0.0,0.01649175412293853,0.0,0.1184407796101949,0.047976011994003,0.0239880059970015,0.0,0.0,0.0,0.01649175412293853,0.035982008995502246,0.020989505247376312,0.02848575712143928,0.0,0.0,0.03298350824587706,0.0,0.0,0.0,0.010494752623688156,0.0,0.0,0.0,0.022488755622188907,0.0,0.0,0.0,0.0,0.0,0.0,0.0,0.008995502248875561,0.026986506746626688,0.0,0.038980509745127435,0.0,0.0029985007496251873,0.0,0.01649175412293853,0.05247376311844078,0.04047976011994003,0.005997001499250375,0.0,0.0,0.050974512743628186,0.0,0.014992503748125937,0.0,0.01199400299850075,0.06446776611694154,0.0,0.0,0.031484257871064465,0.0,0.0,0.0,0.01649175412293853
inferiorparietal-rh,0.018564356435643563,0.0,0.006188118811881188,0.0,0.0,0.0,0.04084158415841584,0.05693069306930693,0.0,0.0,0.0,0.0,0.02599009900990099,0.0,0.03217821782178218,0.12376237623762376,0.04084158415841584,0.0,0.0,0.019801980198019802,0.06930693069306931,0.022277227722772276,0.0,0.04455445544554455,0.013613861386138614,0.0,0.054455445544554455,0.01608910891089109,0.0,0.007425742574257425,0.0037128712871287127,0.0,0.0,0.034653465346534656,0.008663366336633664,0.0,0.0,0.011138613861386138,0.0,0.0,0.0,0.0,0.0,0.06188118811881188,0.0,0.0,0.0,0.0049504950495049506,0.0,0.024752475247524754,0.011138613861386138,0.04579207920792079,0.0,0.013613861386138614,0.0,0.04702970297029703,0.0,0.018564356435643563,0.0,0.06064356435643564,0.022277227722772276,0.0,0.0,0.008663366336633664,0.0,0.0,0.0,0.0297029702970297
inferiortemporal-lh,0.005494505494505495,0.0,0.01098901098901099,0.013736263736263736,0.0,0.0,0.04945054945054945,0.04395604395604396,0.0,0.0,0.0,0.0,0.04945054945054945,0.0,0.03296703296703297,0.08516483516483517,0.0989010989010989,0.0,0.0,0.0,0.057692307692307696,0.02197802197802198,0.0,0.06318681318681318,0.0,0.0,0.03296703296703297,0.0,0.005494505494505495,0.0,0.0,0.0,0.0,0.027472527472527472,0.016483516483516484,0.0,0.0,0.0,0.0,0.0,0.0,0.0,0.0,0.057692307692307696,0.0,0.0,0.0,0.019230769230769232,0.0,0.019230769230769232,0.02197802197802198,0.0521978021978022,0.0,0.0,0.0,0.024725274725274724,0.0,0.04120879120879121,0.0,0.04945054945054945,0.013736263736263736,0.0,0.0,0.03296703296703297,0.0,0.0,0.0,0.0521978021978022
inferiortemporal-rh,0.0,0.0,0.0,0.0,0.0,0.0,0.0,0.0,0.0,0.0,0.0,0.0,0.0,0.0,0.0,0.0,0.0,0.0,0.0,0.0,0.0,0.0,0.0,0.0,0.0,0.0,0.0,0.0,0.0,0.0,0.0,0.0,0.0,0.0,0.0,0.0,0.0,0.0,0.0,0.0,0.0,0.0,0.0,0.0,0.0,0.0,0.0,0.0,0.0,0.0,0.0,0.0,0.0,0.0,0.0,0.0,0.0,0.0,0.0,0.0,0.0,0.0,0.0,0.0,0.0,0.0,0.0,0.0
insula-lh,0.0,0.0,0.0,0.0,0.0,0.0,0.0,0.0,0.0,0.0,0.0,0.0,0.0,0.0,0.0,0.0,0.0,0.0,0.0,0.0,0.0,0.0,0.0,0.0,0.0,0.0,0.0,0.0,0.0,0.0,0.0,0.0,0.0,0.0,0.0,0.0,0.0,0.0,0.0,0.0,0.0,0.0,0.0,0.0,0.0,0.0,0.0,0.0,0.0,0.0,0.0,0.0,0.0,0.0,0.0,0.0,0.0,0.0,0.0,0.0,0.0,0.0,0.0,0.0,0.0,0.0,0.0,0.0
insula-rh,0.0,0.0,0.0,0.0,0.0,0.0,0.02127659574468085,0.047872340425531915,0.0,0.0,0.0,0.0,0.0,0.0,0.0,0.06914893617021277,0.0,0.0,0.0,0.1276595744680851,0.047872340425531915,0.0,0.047872340425531915,0.0,0.05851063829787234,0.0,0.05319148936170213,0.0,0.0,0.03723404255319149,0.05851063829787234,0.0,0.0,0.047872340425531915,0.0,0.0,0.0,0.05319148936170213,0.0,0.0,0.0,0.0,0.0,0.005319148936170213,0.0,0.0,0.0,0.03723404255319149,0.0,0.02127659574468085,0.0,0.026595744680851064,0.0,0.06382978723404255,0.0,0.06382978723404255,0.0,0.0,0.0,0.0797872340425532,0.0,0.0,0.031914893617021274,0.0,0.0,0.0,0.0,0.0
isthmuscingulate-lh,0.0,0.0,0.005154639175257732,0.0,0.0,0.0,0.029209621993127148,0.04982817869415808,0.0,0.0,0.0,0.0,0.029209621993127148,0.0,0.015463917525773196,0.08934707903780069,0.03264604810996564,0.0,0.0,0.018900343642611683,0.09621993127147767,0.01718213058419244,0.001718213058419244,0.048109965635738834,0.013745704467353952,0.0,0.06357388316151202,0.029209621993127148,0.0,0.00859106529209622,0.013745704467353952,0.0,0.0,0.05670103092783505,0.00859106529209622,0.0,0.0,0.013745704467353952,0.0,0.0,0.0,0.0,0.0,0.07388316151202749,0.0,0.0,0.0,0.012027491408934709,0.0,0.018900343642611683,0.012027491408934709,0.048109965635738834,0.0,0.015463917525773196,0.0,0.029209621993127148,0.0,0.02577319587628866,0.0,0.08934707903780069,0.0,0.0,0.0,0.003436426116838488,0.0,0.0,0.0,0.030927835051546393
isthmuscingulate-rh,0.03171247357293869,0.0,0.019027484143763214,0.0,0.0,0.0,0.07610993657505286,0.09513742071881606,0.0,0.0,0.0,0.0,0.04439746300211417,0.0,0.05496828752642706,0.046511627906976744,0.021141649048625793,0.0,0.0,0.0,0.02959830866807611,0.10782241014799154,0.019027484143763214,0.07610993657505286,0.0,0.0,0.0,0.0,0.0,0.0,0.008456659619450317,0.0,0.0,0.0,0.03171247357293869,0.0,0.0,0.0,0.0,0.0,0.0,0.0,0.0,0.05708245243128964,0.0,0.03382663847780127,0.0,0.0,0.0,0.0,0.03171247357293869,0.10359408033826638,0.0,0.0,0.0,0.016913319238900635,0.0,0.016913319238900635,0.0,0.023255813953488372,0.014799154334038054,0.0,0.0,0.021141649048625793,0.0,0.0,0.0,0.019027484143763214
lateraloccipital-lh,0.11705685618729098,0.0,0.0,0.0,0.0,0.006688963210702341,0.006688963210702341,0.030100334448160536,0.0,0.0,0.0,0.0,0.0,0.0,0.06354515050167224,0.0,0.0,0.0,0.0,0.023411371237458192,0.0,0.03678929765886288,0.1605351170568562,0.0033444816053511705,0.0,0.0,0.046822742474916385,0.013377926421404682,0.0,0.0,0.13043478260869565,0.0,0.0,0.030100334448160536,0.006688963210702341,0.0,0.0,0.0,0.0,0.0,0.0,0.0,0.0,0.0,0.0,0.0903010033444816,0.0,0.11371237458193979,0.0,0.0033444816053511705,0.0,0.03678929765886288,0.0,0.0,0.0,0.0,0.0,0.0,0.0,0.020066889632107024,0.013377926421404682,0.0,0.026755852842809364,0.020066889632107024,0.0,0.0,0.0,0.0
lateraloccipital-rh,0.006150061500615006,0.0,0.01968019680196802,0.012300123001230012,0.0,0.0,0.046740467404674045,0.0910209102091021,0.0,0.0,0.0,0.0,0.03567035670356704,0.0,0.020910209102091022,0.04920049200492005,0.028290282902829027,0.0,0.0,0.0,0.03936039360393604,0.03936039360393604,0.0,0.12915129151291513,0.0,0.0,0.020910209102091022,0.004920049200492005,0.015990159901599015,0.0,0.0,0.0,0.0,0.015990159901599015,0.015990159901599015,0.0,0.0,0.0,0.0,0.0,0.0,0.0,0.01107011070110701,0.08856088560885608,0.0,0.015990159901599015,0.0,0.007380073800738007,0.0,0.004920049200492005,0.01845018450184502,0.1008610086100861,0.0,0.0,0.0,0.01107011070110701,0.0,0.020910209102091022,0.0,0.07749077490774908,0.007380073800738007,0.0,0.0,0.02214022140221402,0.0,0.0,0.0,0.02214022140221402
lateralorbitofrontal-lh,0.0,0.0,0.030501089324618737,0.0,0.0,0.0,0.032679738562091505,0.015250544662309368,0.0,0.0,0.037037037037037035,0.0196078431372549,0.0,0.0,0.0,0.023965141612200435,0.0,0.0,0.0,0.023965141612200435,0.0196078431372549,0.0,0.0,0.0,0.18518518518518517,0.017429193899782137,0.0,0.0,0.05010893246187364,0.054466230936819175,0.0,0.0,0.0,0.0,0.0,0.0,0.0,0.017429193899782137,0.08061002178649238,0.010893246187363835,0.05664488017429194,0.0,0.0,0.0,0.0,0.004357298474945534,0.0,0.0,0.02832244008714597,0.0,0.0,0.010893246187363835,0.026143790849673203,0.1111111111111111,0.06971677559912855,0.0457516339869281,0.013071895424836602,0.006535947712418301,0.0,0.008714596949891068,0.0,0.0,0.0,0.0,0.0,0.0,0.0,0.0
lateralorbitofrontal-rh,0.0,0.0,0.0,0.0,0.031007751937984496,0.0,0.0,0.0,0.0,0.0,0.007751937984496124,0.05426356589147287,0.0,0.0,0.0,0.0,0.0,0.0,0.0,0.0,0.0,0.0,0.0,0.0,0.046511627906976744,0.15503875968992248,0.0,0.0,0.0,0.13178294573643412,0.015503875968992248,0.0,0.0,0.0,0.0,0.0,0.0,0.0,0.0,0.15503875968992248,0.0,0.0,0.0,0.0,0.0,0.0,0.0,0.0,0.0,0.0,0.0,0.0,0.17054263565891473,0.10852713178294573,0.0,0.0,0.06201550387596899,0.0,0.0,0.06201550387596899,0.0,0.0,0.0,0.0,0.0,0.0,0.0,0.0
lingual-lh,0.039399624765478425,0.0,0.0,0.0,0.0,0.0,0.0150093808630394,0.02626641651031895,0.0,0.0,0.0,0.0,0.0150093808630394,0.0,0.039399624765478425,0.07879924953095685,0.020637898686679174,0.0,0.0,0.020637898686679174,0.06191369606003752,0.0,0.03189493433395872,0.024390243902439025,0.0,0.0,0.12570356472795496,0.039399624765478425,0.0,0.0,0.04878048780487805,0.0,0.0,0.0825515947467167,0.0,0.0,0.0,0.0,0.0,0.0,0.0,0.0,0.0,0.0525328330206379,0.0,0.0,0.0,0.03377110694183865,0.0,0.04690431519699812,0.0,0.016885553470919325,0.0,0.0,0.0,0.0225140712945591,0.0,0.01125703564727955,0.0,0.08067542213883677,0.0375234521575985,0.0,0.01125703564727955,0.0,0.0,0.0,0.0,0.016885553470919325
lingual-rh,0.0,0.0,0.0,0.0,0.0,0.0,0.0,0.0,0.023529411764705882,0.0,0.0,0.0,0.0,0.0,0.0,0.06470588235294118,0.0,0.0,0.0,0.0,0.08823529411764706,0.0,0.03529411764705882,0.011764705882352941,0.0,0.0,0.11176470588235295,0.2235294117647059,0.0,0.0,0.058823529411764705,0.0,0.0,0.11176470588235295,0.0,0.0,0.0,0.0,0.0,0.0,0.0,0.0,0.0,0.052941176470588235,0.0,0.0,0.0,0.07058823529411765,0.0,0.0,0.052941176470588235,0.0,0.0,0.0,0.0,0.0,0.0,0.0,0.0,0.09411764705882353,0.0,0.0,0.0,0.0,0.0,0.0,0.0,0.0
medialorbitofrontal-lh,0.0,0.0,0.06451612903225806,0.021505376344086023,0.007168458781362007,0.0,0.010752688172043012,0.0,0.0,0.0,0.025089605734767026,0.0,0.0,0.0,0.0,0.0,0.0,0.0,0.0,0.0,0.0,0.0,0.0,0.03942652329749104,0.1003584229390681,0.0,0.0,0.0,0.24731182795698925,0.0,0.0,0.0,0.0,0.0,0.0,0.0,0.017921146953405017,0.0,0.05017921146953405,0.0,0.12186379928315412,0.0,0.03225806451612903,0.0,0.0,0.03942652329749104,0.017921146953405017,0.007168458781362007,0.017921146953405017,0.0,0.0,0.0,0.007168458781362007,0.025089605734767026,0.07885304659498207,0.02867383512544803,0.0,0.025089605734767026,0.0,0.0,0.0,0.0,0.0,0.014336917562724014,0.0,0.0,0.0,0.0
medialorbitofrontal-rh,0.0,0.0,0.0,0.0,0.008547008547008548,0.0,0.0,0.0,0.0,0.0,0.0,0.038461538461538464,0.0,0.0,0.0,0.017094017094017096,0.0,0.0,0.0,0.021367521367521368,0.01282051282051282,0.0,0.0,0.0,0.08974358974358974,0.08974358974358974,0.0,0.0,0.0,0.17094017094017094,0.004273504273504274,0.0,0.0,0.0,0.0,0.0,0.0,0.029914529914529916,0.03418803418803419,0.07692307692307693,0.0,0.0,0.0,0.0,0.0,0.0,0.0,0.0,0.0,0.0,0.0,0.0,0.09401709401709402,0.1581196581196581,0.0,0.038461538461538464,0.03418803418803419,0.0,0.0,0.0811965811965812,0.0,0.0,0.0,0.0,0.0,0.0,0.0,0.0
middletemporal-lh,0.08783783783783784,0.0,0.0,0.0,0.0,0.0,0.0,0.016891891891891893,0.0,0.0,0.0,0.0,0.0,0.0,0.033783783783783786,0.0,0.0,0.0,0.0,0.037162162162162164,0.013513513513513514,0.02027027027027027,0.14189189189189189,0.0,0.0,0.0,0.0777027027027027,0.02702702702702703,0.0,0.0,0.16216216216216217,0.0,0.0,0.057432432432432436,0.0,0.0,0.0,0.0,0.0,0.006756756756756757,0.0,0.0,0.0,0.006756756756756757,0.0,0.057432432432432436,0.0,0.11824324324324324,0.0,0.016891891891891893,0.0,0.02027027027027027,0.006756756756756757,0.0,0.0,0.0,0.0,0.0,0.0,0.0472972972972973,0.013513513513513514,0.0,0.02702702702702703,0.0033783783783783786,0.0,0.0,0.0,0.0
middletemporal-rh,0.0,0.0,0.0,0.0,0.0,0.0,0.0,0.0,0.0,0.0,0.0,0.0,0.0,0.0,0.0,0.0,0.0,0.0,0.0,0.0,0.0,0.0,0.0,0.0,0.0,0.0,0.0,0.0,0.0,0.0,0.0,0.0,0.0,0.0,0.0,0.0,0.0,0.0,0.0,0.0,0.0,0.0,0.0,0.0,0.0,0.0,0.0,0.0,0.0,0.0,0.0,0.0,0.0,0.0,0.0,0.0,0.0,0.0,0.0,0.0,0.0,0.0,0.0,0.0,0.0,0.0,0.0,0.0
paracentral-lh,0.0,0.0,0.0,0.0,0.0,0.0,0.0,0.0,0.0,0.0,0.0,0.0,0.0,0.0,0.0,0.0,0.0,0.0,0.0,0.0,0.0,0.0,0.0,0.0,0.0,0.0,0.0,0.0,0.0,0.0,0.0,0.0,0.0,0.0,0.0,0.0,0.0,0.0,0.0,0.0,0.0,0.0,0.0,0.0,0.0,0.0,0.0,0.0,0.0,0.0,0.0,0.0,0.0,0.0,0.0,0.0,0.0,0.0,0.0,0.0,0.0,0.0,0.0,0.0,0.0,0.0,0.0,0.0
paracentral-rh,0.0,0.0,0.0,0.0,0.0,0.0,0.016901408450704224,0.014084507042253521,0.0,0.0,0.0,0.0,0.016901408450704224,0.0,0.0,0.0676056338028169,0.022535211267605635,0.0,0.0,0.030985915492957747,0.08169014084507042,0.0,0.036619718309859155,0.02535211267605634,0.0,0.0,0.12112676056338029,0.059154929577464786,0.0,0.0,0.059154929577464786,0.0,0.0,0.11830985915492957,0.0,0.0,0.0,0.0,0.0,0.0,0.0,0.0,0.0,0.0676056338028169,0.0,0.0,0.0,0.04788732394366197,0.0,0.03943661971830986,0.0,0.01971830985915493,0.0,0.0,0.0,0.0,0.0,0.011267605633802818,0.0,0.10985915492957747,0.0,0.0,0.014084507042253521,0.0,0.0,0.0,0.0,0.01971830985915493
parahippocampal-lh,0.02666666666666667,0.0,0.04,0.0,0.0,0.0,0.06666666666666667,0.06666666666666667,0.0,0.0,0.0,0.0,0.03111111111111111,0.0,0.06666666666666667,0.04,0.035555555555555556,0.0,0.0,0.0,0.03111111111111111,0.06666666666666667,0.0,0.06666666666666667,0.0,0.0,0.0,0.0,0.0,0.0,0.0,0.0,0.0,0.0,0.06222222222222222,0.0,0.0,0.0,0.0,0.0,0.0,0.0,0.0,0.06222222222222222,0.0,0.03111111111111111,0.0,0.0,0.0,0.0,0.06222222222222222,0.06666666666666667,0.0,0.0,0.0,0.02666666666666667,0.0,0.02666666666666667,0.0,0.017777777777777778,0.03111111111111111,0.0,0.0,0.044444444444444446,0.0,0.0,0.0,0.03111111111111111
parahippocampal-rh,0.0,0.0,0.0,0.0,0.0,0.0,0.0,0.0,0.0,0.0,0.0,0.0,0.0,0.0,0.0,0.0,0.0,0.0,0.0,0.0,0.0,0.0,0.0,0.0,0.0,0.0,0.0,0.0,0.0,0.0,0.0,0.0,0.0,0.0,0.0,0.0,0.0,0.0,0.0,0.0,0.0,0.0,0.0,0.0,0.0,0.0,0.0,0.0,0.0,0.0,0.0,0.0,0.0,0.0,0.0,0.0,0.0,0.0,0.0,0.0,0.0,0.0,0.0,0.0,0.0,0.0,0.0,0.0
parsopercularis-lh,0.0,0.0,0.0,0.0,0.1588785046728972,0.0,0.0,0.0,0.0,0.0,0.018691588785046728,0.0,0.0,0.0,0.0,0.0,0.0,0.0,0.0,0.0,0.0,0.0,0.0,0.0,0.0,0.0,0.0,0.0,0.08411214953271028,0.0,0.0,0.0,0.0,0.0,0.0,0.0,0.24299065420560748,0.0,0.0,0.037383177570093455,0.2523364485981308,0.0,0.0,0.0,0.0,0.0,0.0,0.0,0.0,0.0,0.0,0.0,0.14018691588785046,0.0,0.0,0.0,0.0,0.0,0.0,0.0,0.0,0.0,0.0,0.0,0.0,0.0,0.06542056074766354,0.0
parsopercularis-rh,0.0,0.0,0.0,0.0,0.09,0.0,0.0,0.03,0.0,0.02,0.0,0.0,0.0,0.0,0.0,0.07,0.0,0.0,0.0,0.08,0.06,0.0,0.0,0.0,0.06,0.0,0.0,0.0,0.0,0.09,0.0,0.0,0.0,0.0,0.0,0.0,0.0,0.23,0.0,0.0,0.0,0.0,0.0,0.0,0.0,0.0,0.0,0.0,0.0,0.0,0.0,0.02,0.0,0.11,0.0,0.06,0.0,0.0,0.0,0.08,0.0,0.0,0.0,0.0,0.0,0.0,0.0,0.0
parsorbitalis-lh,0.008645533141210375,0.0,0.025936599423631124,0.0,0.03170028818443804,0.0,0.043227665706051875,0.0,0.0,0.0,0.10951008645533142,0.0,0.0,0.0,0.0,0.0,0.0,0.0,0.0,0.0,0.0,0.0,0.0,0.0,0.10086455331412104,0.0,0.0,0.0,0.02881844380403458,0.02881844380403458,0.0,0.0,0.0,0.0,0.0,0.0,0.0,0.0,0.17579250720461095,0.0,0.0893371757925072,0.0,0.0,0.0,0.0,0.0,0.0,0.0,0.0,0.0,0.0,0.0,0.05187319884726225,0.15561959654178675,0.11239193083573487,0.037463976945244955,0.0,0.0,0.0,0.0,0.0,0.0,0.0,0.0,0.0,0.0,0.0,0.0
parsorbitalis-rh,0.0,0.0,0.0,0.0,0.12568306010928962,0.0,0.0,0.0,0.0,0.0,0.04371584699453552,0.02185792349726776,0.0,0.0,0.0,0.0,0.0,0.0,0.0,0.0,0.0,0.0,0.0,0.0,0.01639344262295082,0.09289617486338798,0.0,0.0,0.0,0.07650273224043716,0.01092896174863388,0.0,0.0,0.0,0.0,0.0,0.03278688524590164,0.0,0.0,0.22404371584699453,0.04371584699453552,0.0,0.0,0.0,0.0,0.0,0.0,0.0,0.0,0.0,0.0,0.0,0.17486338797814208,0.060109289617486336,0.0,0.0,0.03278688524590164,0.0,0.0,0.04371584699453552,0.0,0.0,0.0,0.0,0.0,0.0,0.0,0.0
parstriangularis-lh,0.0,0.0,0.035443037974683546,0.0,0.06835443037974684,0.0,0.027848101265822784,0.0,0.0,0.0,0.0810126582278481,0.0,0.0,0.0,0.0,0.0,0.0,0.0,0.0,0.0,0.0,0.0,0.0,0.0,0.06329113924050633,0.0,0.0,0.0,0.0810126582278481,0.0,0.0,0.0,0.0,0.0,0.0,0.0,0.07088607594936709,0.0,0.08860759493670886,0.015189873417721518,0.19240506329113924,0.0,0.0,0.0,0.0,0.005063291139240506,0.0,0.0,0.0,0.0,0.0,0.0,0.05569620253164557,0.07088607594936709,0.09620253164556962,0.02278481012658228,0.0,0.007594936708860759,0.0,0.0,0.0,0.0,0.0,0.0,0.0,0.0,0.017721518987341773,0.0
parstriangularis-rh,0.0,0.0,0.0,0.0,0.0,0.0,0.0,0.0,0.0,0.0,0.0,0.0,0.0,0.0,0.0,0.0,0.0,0.0,0.0,0.0,0.0,0.0,0.0,0.0,0.0,0.0,0.0,0.0,0.0,0.0,0.0,0.0,0.0,0.0,0.0,0.0,0.0,0.0,0.0,0.0,0.0,0.0,0.0,0.0,0.0,0.0,0.0,0.0,0.0,0.0,0.0,0.0,0.0,0.0,0.0,0.0,0.0,0.0,0.0,0.0,0.0,0.0,0.0,0.0,0.0,0.0,0.0,0.0
pericalcarine-lh,0.0,0.0,0.1411764705882353,0.03529411764705882,0.0,0.0,0.07058823529411765,0.07058823529411765,0.0,0.0,0.0,0.0,0.0,0.0,0.07058823529411765,0.0,0.0,0.0,0.0,0.0,0.0,0.0,0.0,0.09411764705882353,0.0,0.0,0.0,0.0,0.10588235294117647,0.0,0.0,0.0,0.0,0.0,0.0,0.0,0.0,0.0,0.0,0.0,0.0,0.0,0.15294117647058825,0.0,0.0,0.08235294117647059,0.0,0.0,0.0,0.0,0.07058823529411765,0.0,0.0,0.0,0.0,0.07058823529411765,0.0,0.023529411764705882,0.0,0.0,0.0,0.0,0.0,0.011764705882352941,0.0,0.0,0.0,0.0
pericalcarine-rh,0.005082592121982211,0.0,0.011435832274459974,0.0,0.0,0.0,0.036848792884371026,0.07623888182973317,0.0,0.0,0.0,0.0,0.026683608640406607,0.0,0.020330368487928845,0.06480304955527319,0.026683608640406607,0.0,0.0,0.0038119440914866584,0.05717916137229987,0.029224904701397714,0.0,0.08640406607369759,0.0,0.0,0.04066073697585769,0.01397712833545108,0.0,0.0,0.005082592121982211,0.0,0.0,0.035578144853875476,0.015247776365946633,0.0,0.0,0.0,0.0,0.0,0.0,0.0,0.0,0.13214739517153748,0.0,0.0063532401524777635,0.0,0.0012706480304955528,0.0,0.015247776365946633,0.017789072426937738,0.09148665819567979,0.0,0.0,0.0,0.011435832274459974,0.0,0.01905972045743329,0.0,0.10800508259212198,0.0063532401524777635,0.0,0.0,0.011435832274459974,0.0,0.0,0.0,0.0241423125794155
postcentral-lh,0.0,0.0,0.0,0.0,0.0,0.0,0.0,0.0,0.0,0.0,0.0,0.0,0.0,0.0,0.0,0.0,0.0,0.0,0.0,0.0,0.0,0.0,0.0,0.0,0.0,0.0,0.0,0.0,0.0,0.0,0.0,0.0,0.0,0.0,0.0,0.0,0.0,0.0,0.0,0.0,0.0,0.0,0.0,0.0,1.0,0.0,0.0,0.0,0.0,0.0,0.0,0.0,0.0,0.0,0.0,0.0,0.0,0.0,0.0,0.0,0.0,0.0,0.0,0.0,0.0,0.0,0.0,0.0
postcentral-rh,0.10109289617486339,0.0,0.04371584699453552,0.0,0.0,0.0273224043715847,0.03278688524590164,0.03278688524590164,0.0,0.0,0.0,0.0,0.0,0.0,0.08196721311475409,0.00546448087431694,0.00273224043715847,0.0,0.0,0.0,0.0,0.04918032786885246,0.06284153005464481,0.03551912568306011,0.01092896174863388,0.0,0.0,0.0,0.030054644808743168,0.0,0.03551912568306011,0.0,0.0,0.0,0.02459016393442623,0.0,0.0,0.0,0.0,0.0,0.01092896174863388,0.0,0.01366120218579235,0.01912568306010929,0.0,0.13114754098360656,0.0,0.03551912568306011,0.0,0.0,0.040983606557377046,0.04918032786885246,0.0,0.0,0.00819672131147541,0.0,0.0,0.01912568306010929,0.0,0.0,0.040983606557377046,0.0,0.0,0.0546448087431694,0.0,0.0,0.0,0.0
posteriorcingulate-lh,0.0,0.0,0.0,0.0,0.0,0.0,0.0,0.0,0.0,0.0,0.0,0.0,0.0,0.0,0.0,0.0,0.0,0.0,0.0,0.0,0.0,0.0,0.0,0.0,0.0,0.0,0.0,0.0,0.2692307692307692,0.0,0.0,0.0,0.0,0.0,0.0,0.0,0.0,0.0,0.0,0.0,0.0,0.0,0.0,0.0,0.0,0.0,0.5384615384615384,0.0,0.0,0.0,0.0,0.0,0.0,0.0,0.0,0.19230769230769232,0.0,0.0,0.0,0.0,0.0,0.0,0.0,0.0,0.0,0.0,0.0,0.0
posteriorcingulate-rh,0.07806691449814127,0.0,0.0,0.026022304832713755,0.0,0.0037174721189591076,0.0,0.0,0.0,0.0,0.0,0.0,0.0,0.0,0.01858736059479554,0.0037174721189591076,0.01858736059479554,0.0,0.0,0.01858736059479554,0.01858736059479554,0.007434944237918215,0.13382899628252787,0.02973977695167286,0.0,0.0,0.05204460966542751,0.03717472118959108,0.01486988847583643,0.0,0.13011152416356878,0.0,0.0,0.048327137546468404,0.0,0.0,0.0,0.0,0.0,0.0,0.0,0.0,0.0037174721189591076,0.0,0.0,0.06319702602230483,0.0,0.17100371747211895,0.0,0.0,0.0,0.007434944237918215,0.0,0.0,0.0,0.0,0.0,0.0,0.0,0.03717472118959108,0.0,0.0,0.02973977695167286,0.048327137546468404,0.0,0.0,0.0,0.0
precentral-lh,0.0,0.0,0.0,0.0,0.0,0.0,0.0,0.0,0.0,0.10638297872340426,0.0,0.0,0.0,0.0,0.0,0.0,0.0,0.0,0.0,0.0,0.0,0.0,0.0,0.0,0.3191489361702128,0.0,0.0,0.0,0.06382978723404255,0.0,0.0,0.0,0.0,0.0,0.0,0.0,0.0,0.0,0.0,0.0,0.0,0.0,0.0,0.0,0.0,0.0,0.0,0.0,0.5106382978723404,0.0,0.0,0.0,0.0,0.0,0.0,0.0,0.0,0.0,0.0,0.0,0.0,0.0,0.0,0.0,0.0,0.0,0.0,0.0
precentral-rh,0.05555555555555555,0.0,0.0,0.0,0.0,0.0,0.015151515151515152,0.005050505050505051,0.0,0.0,0.0,0.0,0.015151515151515152,0.0,0.05555555555555555,0.09595959595959595,0.025252525252525252,0.0,0.0,0.030303030303030304,0.045454545454545456,0.0,0.015151515151515152,0.010101010101010102,0.0,0.0,0.12626262626262627,0.0,0.0,0.0,0.03535353535353535,0.0,0.0,0.0707070707070707,0.0,0.0,0.0,0.0,0.0,0.0,0.0,0.0,0.0,0.050505050505050504,0.0,0.0,0.0,0.005050505050505051,0.0,0.11616161616161616,0.0,0.020202020202020204,0.0,0.0,0.0,0.05555555555555555,0.0,0.005050505050505051,0.0,0.0707070707070707,0.05555555555555555,0.0,0.0,0.0,0.0,0.0,0.0,0.020202020202020204
precuneus-lh,0.023980815347721823,0.0,0.045563549160671464,0.0,0.0,0.019184652278177457,0.07434052757793765,0.06474820143884892,0.014388489208633094,0.0,0.0,0.0,0.02158273381294964,0.0,0.0815347721822542,0.03117505995203837,0.023980815347721823,0.0,0.0,0.0,0.02158273381294964,0.03836930455635491,0.0,0.03597122302158273,0.0,0.0,0.0,0.016786570743405275,0.0,0.0,0.0,0.0,0.0,0.0,0.02877697841726619,0.0,0.0,0.0,0.0,0.0,0.0,0.0,0.014388489208633094,0.03597122302158273,0.0,0.026378896882494004,0.0,0.0,0.0,0.0,0.1630695443645084,0.03597122302158273,0.0,0.0,0.0,0.050359712230215826,0.0,0.019184652278177457,0.0,0.014388489208633094,0.0407673860911271,0.0,0.0,0.03597122302158273,0.0,0.0,0.0,0.02158273381294964
precuneus-rh,0.016968325791855202,0.0,0.010180995475113122,0.0,0.0,0.0,0.049773755656108594,0.11085972850678733,0.0,0.0,0.0,0.0,0.033936651583710405,0.0,0.030542986425339366,0.04638009049773756,0.023755656108597284,0.0,0.0,0.005656108597285068,0.03733031674208145,0.05203619909502263,0.010180995475113122,0.09502262443438914,0.005656108597285068,0.0,0.014705882352941176,0.0,0.0,0.0011312217194570137,0.004524886877828055,0.0,0.0,0.010180995475113122,0.016968325791855202,0.0,0.0,0.004524886877828055,0.0,0.0,0.0,0.0,0.0,0.08823529411764706,0.0,0.01809954751131222,0.0,0.0,0.0,0.006787330316742082,0.016968325791855202,0.1414027149321267,0.0,0.005656108597285068,0.0,0.01583710407239819,0.0,0.016968325791855202,0.0,0.06900452488687783,0.007918552036199095,0.0,0.0,0.011312217194570135,0.0,0.0,0.0,0.021493212669683258
rostralanteriorcingulate-lh,0.026392961876832845,0.0,0.0,0.0,0.08211143695014662,0.0,0.011730205278592375,0.0,0.0,0.0,0.05571847507331378,0.02346041055718475,0.0,0.0,0.017595307917888565,0.0,0.0,0.0,0.0,0.0,0.0,0.0,0.0,0.0,0.02346041055718475,0.06158357771260997,0.0,0.0,0.011730205278592375,0.05278592375366569,0.005865102639296188,0.0,0.0,0.0,0.0,0.0,0.05571847507331378,0.0,0.04105571847507331,0.09090909090909091,0.06744868035190615,0.0,0.0,0.0,0.0,0.0,0.0,0.0,0.0,0.0,0.0,0.0,0.21994134897360704,0.08211143695014662,0.020527859237536656,0.0,0.02346041055718475,0.0,0.0,0.02346041055718475,0.0,0.0,0.0,0.0,0.0,0.0,0.002932551319648094,0.0
rostralanteriorcingulate-rh,0.003875968992248062,0.0,0.011627906976744186,0.0,0.023255813953488372,0.0,0.025193798449612403,0.009689922480620155,0.0,0.0,0.06976744186046512,0.01744186046511628,0.0,0.0,0.0,0.01744186046511628,0.0,0.0,0.0,0.01937984496124031,0.015503875968992248,0.0,0.0,0.0,0.08333333333333333,0.03488372093023256,0.0,0.0,0.005813953488372093,0.07945736434108527,0.0,0.0,0.0,0.0,0.0,0.0,0.0,0.02131782945736434,0.09883720930232558,0.029069767441860465,0.046511627906976744,0.0,0.0,0.0,0.0,0.0,0.0,0.0,0.0,0.0,0.0,0.007751937984496124,0.06976744186046512,0.16279069767441862,0.06201550387596899,0.03488372093023256,0.013565891472868217,0.0,0.0,0.03682170542635659,0.0,0.0,0.0,0.0,0.0,0.0,0.0,0.0
rostralmiddlefrontal-lh,0.0,0.0,0.04406779661016949,0.0,0.02711864406779661,0.0,0.05084745762711865,0.0,0.0,0.0,0.12203389830508475,0.0,0.0,0.0,0.0,0.0,0.0,0.0,0.0,0.0,0.0,0.0,0.0,0.0,0.09491525423728814,0.0,0.0,0.0,0.061016949152542375,0.0,0.0,0.0,0.0,0.0,0.0,0.0,0.0,0.0,0.14576271186440679,0.0,0.12542372881355932,0.0,0.0,0.0,0.0,0.003389830508474576,0.0,0.0,0.0,0.0,0.0,0.0,0.03728813559322034,0.12203389830508475,0.15932203389830507,0.0,0.0,0.006779661016949152,0.0,0.0,0.0,0.0,0.0,0.0,0.0,0.0,0.0,0.0
rostralmiddlefrontal-rh,0.023166023166023165,0.0,0.021235521235521235,0.0,0.0,0.0,0.055984555984555984,0.06563706563706563,0.0,0.0,0.0,0.0,0.017374517374517374,0.0,0.059845559845559844,0.07722007722007722,0.019305019305019305,0.0,0.0,0.02702702702702703,0.03474903474903475,0.011583011583011582,0.0,0.017374517374517374,0.04633204633204633,0.0,0.025096525096525095,0.0,0.011583011583011582,0.025096525096525095,0.0,0.0,0.0,0.0,0.007722007722007722,0.0,0.0,0.015444015444015444,0.02895752895752896,0.0,0.013513513513513514,0.0,0.011583011583011582,0.017374517374517374,0.0,0.0,0.009652509652509652,0.0,0.0,0.017374517374517374,0.032818532818532815,0.02702702702702703,0.0,0.04247104247104247,0.0,0.14671814671814673,0.0,0.017374517374517374,0.0,0.023166023166023165,0.03088803088803089,0.0,0.0,0.0019305019305019305,0.0,0.0,0.0,0.017374517374517374
superiorfrontal-lh,0.0,0.0,0.0,0.0,0.05555555555555555,0.0,0.0,0.0,0.0,0.0,0.0,0.09259259259259259,0.0,0.0,0.0,0.0,0.0,0.0,0.0,0.0,0.0,0.0,0.0,0.0,0.07407407407407407,0.14814814814814814,0.0,0.0,0.0,0.1111111111111111,0.0,0.0,0.0,0.0,0.0,0.0,0.0,0.0,0.0,0.14814814814814814,0.0,0.0,0.0,0.0,0.0,0.0,0.0,0.0,0.0,0.0,0.0,0.0,0.14814814814814814,0.09259259259259259,0.0,0.0,0.12962962962962962,0.0,0.0,0.0,0.0,0.0,0.0,0.0,0.0,0.0,0.0,0.0
superiorfrontal-rh,0.0,0.0,0.033582089552238806,0.0,0.0,0.0,0.055970149253731345,0.05223880597014925,0.0,0.0,0.0,0.0,0.055970149253731345,0.0,0.029850746268656716,0.055970149253731345,0.055970149253731345,0.0,0.0,0.0,0.055970149253731345,0.022388059701492536,0.0,0.055970149253731345,0.018656716417910446,0.0,0.029850746268656716,0.0,0.026119402985074626,0.0,0.0,0.0,0.0,0.022388059701492536,0.014925373134328358,0.0,0.0,0.0,0.0,0.0,0.018656716417910446,0.0,0.0,0.055970149253731345,0.0,0.018656716417910446,0.0,0.0,0.0,0.011194029850746268,0.022388059701492536,0.055970149253731345,0.0,0.0,0.014925373134328358,0.029850746268656716,0.0,0.07462686567164178,0.0,0.05223880597014925,0.0,0.0,0.0,0.0037313432835820895,0.0,0.0,0.0,0.055970149253731345
superiorparietal-lh,0.0,0.0,0.0,0.0,0.0,0.0,0.0,0.0,0.0,0.0,0.0,0.0,0.0,0.0,0.0,0.0,0.0,0.0,0.0,0.0,0.0,0.0,0.0,0.0,0.0,0.0,0.0,0.0,0.0,0.0,0.0,0.0,0.0,0.0,0.0,0.0,0.0,0.0,0.0,0.0,0.0,0.0,0.0,0.0,0.0,0.0,0.0,0.0,0.0,0.0,0.0,0.0,0.0,0.0,0.0,0.0,0.0,0.0,0.0,0.0,0.0,0.0,0.0,0.0,0.0,0.0,0.0,0.0
superiorparietal-rh,0.0,0.0,0.0,0.0,0.0,0.0,0.016587677725118485,0.07582938388625593,0.0,0.0,0.0,0.0,0.016587677725118485,0.0,0.0071090047393364926,0.0509478672985782,0.018957345971563982,0.0,0.0,0.017772511848341232,0.05568720379146919,0.008293838862559242,0.011848341232227487,0.06516587677725119,0.002369668246445498,0.011848341232227487,0.05568720379146919,0.023696682464454975,0.0,0.022511848341232227,0.02132701421800948,0.0,0.0,0.04976303317535545,0.002369668246445498,0.0,0.0,0.0071090047393364926,0.0,0.011848341232227487,0.0,0.0,0.0,0.09123222748815166,0.001184834123222749,0.0,0.0,0.016587677725118485,0.0,0.016587677725118485,0.004739336492890996,0.06279620853080568,0.011848341232227487,0.02014218009478673,0.0,0.009478672985781991,0.0,0.014218009478672985,0.0,0.1670616113744076,0.0,0.0,0.005924170616113744,0.0,0.0,0.0,0.0,0.024881516587677725
superiortemporal-lh,0.09785932721712538,0.0,0.03363914373088685,0.0,0.0,0.024464831804281346,0.04892966360856269,0.045871559633027525,0.0,0.0,0.0,0.0,0.0,0.0,0.12538226299694188,0.0672782874617737,0.024464831804281346,0.0,0.0,0.0,0.0,0.021406727828746176,0.0030581039755351682,0.021406727828746176,0.0,0.0,0.05504587155963303,0.0,0.0,0.0,0.0061162079510703364,0.0,0.0,0.0,0.021406727828746176,0.0,0.0,0.0,0.0,0.0,0.0,0.0,0.0061162079510703364,0.021406727828746176,0.0,0.03669724770642202,0.0,0.0,0.0,0.03363914373088685,0.06116207951070336,0.021406727828746176,0.0,0.0,0.0,0.05504587155963303,0.0,0.0,0.0,0.0,0.12844036697247707,0.0,0.0,0.039755351681957186,0.0,0.0,0.0,0.0
superiortemporal-rh,0.0,0.0,0.0,0.0,0.0,0.0,0.0,0.0,0.0,0.0,0.0,0.0,0.0,0.0,0.0,0.0,0.0,0.0,0.0,0.0,0.0,0.0,0.0,0.0,0.0,0.0,0.0,0.0,0.0,0.0,0.0,0.0,0.0,0.0,0.0,0.0,0.0,0.0,0.0,0.0,0.0,0.0,0.0,0.0,0.0,0.0,0.0,0.0,0.0,0.0,0.0,0.0,0.0,0.0,0.0,0.0,0.0,0.0,0.0,0.0,0.0,0.0,0.0,0.0,0.0,0.0,0.0,0.0
supramarginal-lh,0.061224489795918366,0.0,0.0,0.0,0.0,0.0,0.0,0.0,0.0,0.0,0.0,0.0,0.0,0.0,0.0,0.0,0.0,0.0,0.0,0.08163265306122448,0.0,0.0,0.16326530612244897,0.0,0.0,0.0,0.08163265306122448,0.0,0.0,0.0,0.16326530612244897,0.0,0.0,0.061224489795918366,0.0,0.0,0.0,0.0,0.0,0.0,0.0,0.0,0.0,0.0,0.0,0.02040816326530612,0.0,0.16326530612244897,0.0,0.0,0.0,0.0,0.0,0.0,0.0,0.0,0.0,0.0,0.0,0.061224489795918366,0.0,0.0,0.14285714285714285,0.0,0.0,0.0,0.0,0.0
supramarginal-rh,0.0547945205479452,0.0,0.030821917808219176,0.030821917808219176,0.0,0.03424657534246575,0.04452054794520548,0.03424657534246575,0.0,0.0,0.0,0.0,0.0136986301369863,0.0,0.07876712328767123,0.023972602739726026,0.0410958904109589,0.0,0.0,0.0,0.0136986301369863,0.03424657534246575,0.0136986301369863,0.0684931506849315,0.0,0.0,0.0,0.0,0.02054794520547945,0.0,0.0,0.0,0.0,0.0,0.03424657534246575,0.0,0.0,0.0,0.0,0.0,0.0,0.0,0.010273972602739725,0.03424657534246575,0.0,0.05821917808219178,0.0,0.03767123287671233,0.0,0.0,0.06164383561643835,0.03424657534246575,0.0,0.0,0.0,0.010273972602739725,0.0,0.010273972602739725,0.0,0.003424657534246575,0.04452054794520548,0.0,0.0,0.1095890410958904,0.0,0.0,0.0,0.0136986301369863
temporalpole-lh,0.0,0.0,0.0,0.0,0.0,0.0,0.0,0.0,0.0,0.0,0.0,0.0,0.0,0.0,0.0,0.0,0.0,0.0,0.0,0.0,0.0,0.0,0.0,0.0,0.0,0.0,0.0,0.0,0.0,0.0,0.0,0.0,0.0,0.0,0.0,0.0,0.0,0.0,0.0,0.0,0.0,0.0,0.0,0.0,0.0,0.0,0.0,0.0,0.0,0.0,0.0,0.0,0.0,0.0,0.0,0.0,0.0,0.0,0.0,0.0,0.0,0.0,0.0,0.0,0.0,0.0,0.0,0.0
temporalpole-rh,0.0,0.0,0.0,0.0,0.0,0.0,0.0,0.0,0.0,0.0,0.0,0.0,0.0,0.0,0.0,0.0,0.0,0.0,0.0,0.0,0.0,0.0,0.0,0.0,0.0,0.0,0.0,0.0,0.0,0.0,0.0,0.0,0.0,0.0,0.0,0.0,0.0,0.0,0.0,0.0,0.0,0.0,0.0,0.0,0.0,0.0,0.0,0.0,0.0,0.0,0.0,0.0,0.0,0.0,0.0,0.0,0.0,0.0,0.0,0.0,0.0,0.0,0.0,0.0,0.0,0.0,0.0,0.0
transversetemporal-lh,0.0,0.0,0.0,0.0,0.25,0.0,0.0,0.0,0.0,0.0,0.0,0.0,0.0,0.0,0.0,0.0,0.0,0.0,0.0,0.0,0.0,0.0,0.0,0.0,0.0,0.0,0.0,0.0,0.03571428571428571,0.0,0.0,0.0,0.0,0.0,0.0,0.0,0.25,0.0,0.0,0.0,0.25,0.0,0.0,0.0,0.0,0.0,0.0,0.0,0.0,0.0,0.0,0.0,0.0,0.0,0.0,0.0,0.0,0.0,0.0,0.0,0.0,0.0,0.0,0.0,0.0,0.0,0.21428571428571427,0.0
transversetemporal-rh,0.0,0.0,0.009868421052631578,0.0,0.0,0.0,0.05592105263157895,0.05592105263157895,0.0,0.0,0.0,0.0,0.05592105263157895,0.0,0.029605263157894735,0.08552631578947369,0.0625,0.0,0.0,0.0,0.0625,0.023026315789473683,0.0,0.05263157894736842,0.0,0.0,0.03618421052631579,0.0,0.0,0.0,0.0,0.0,0.0,0.029605263157894735,0.01644736842105263,0.0,0.0,0.0,0.0,0.0,0.0,0.0,0.0,0.0625,0.0,0.0,0.0,0.0,0.0,0.019736842105263157,0.023026315789473683,0.05921052631578947,0.0,0.0,0.0,0.029605263157894735,0.0,0.049342105263157895,0.0,0.06907894736842106,0.0,0.0,0.0,0.006578947368421052,0.0,0.0,0.0,0.10526315789473684
