,S1_D1 hbo,S1_D3 hbo,S2_D1 hbo,S2_D2 hbo,S2_D4 hbo,S3_D1 hbo,S3_D3 hbo,S3_D4 hbo,S3_D5 hbo,S4_D2 hbo,S4_D4 hbo,S4_D6 hbo,S4_D11 hbo,S5_D3 hbo,S5_D5 hbo,S5_D7 hbo,S6_D4 hbo,S6_D5 hbo,S6_D6 hbo,S6_D8 hbo,S7_D5 hbo,S7_D7 hbo,S7_D8 hbo,S8_D6 hbo,S8_D8 hbo,S8_D15 hbo,S9_D2 hbo,S9_D9 hbo,S9_D11 hbo,S10_D9 hbo,S10_D10 hbo,S10_D12 hbo,S11_D9 hbo,S11_D11 hbo,S11_D12 hbo,S11_D13 hbo,S12_D10 hbo,S12_D12 hbo,S12_D14 hbo,S13_D6 hbo,S13_D11 hbo,S13_D13 hbo,S13_D15 hbo,S14_D12 hbo,S14_D13 hbo,S14_D14 hbo,S14_D16 hbo,S15_D13 hbo,S15_D15 hbo,S15_D16 hbo,S16_D14 hbo,S16_D16 hbo
S1_D1 hbo,0.043478260869565216,0.0,0.05434782608695652,0.03260869565217391,0.05434782608695652,0.05434782608695652,0.0,0.05434782608695652,0.05434782608695652,0.0,0.0,0.0,0.0,0.0,0.0,0.0,0.05434782608695652,0.0,0.0,0.0,0.0,0.0,0.0,0.0,0.0,0.0,0.0,0.05434782608695652,0.0,0.05434782608695652,0.0,0.021739130434782608,0.05434782608695652,0.05434782608695652,0.05434782608695652,0.05434782608695652,0.0,0.0,0.0,0.0,0.0,0.0,0.0,0.021739130434782608,0.0,0.010869565217391304,0.05434782608695652,0.0,0.05434782608695652,0.05434782608695652,0.0,0.05434782608695652
S1_D3 hbo,0.0,0.0,0.0,0.0,0.0,0.0,0.0,0.0,0.0,0.0,0.0,0.0,0.0,0.0,0.0,0.0,0.0,0.0,0.0,0.0,0.0,0.0,0.0,0.0,0.0,0.0,0.0,0.0,0.0,0.0,0.0,0.0,0.0,0.0,0.0,0.0,0.0,0.0,0.0,0.0,0.0,0.0,0.0,0.0,0.0,0.0,0.0,0.0,0.0,0.0,0.0,0.0
S2_D1 hbo,0.024844720496894408,0.0,0.055900621118012424,0.018633540372670808,0.062111801242236024,0.062111801242236024,0.0,0.062111801242236024,0.043478260869565216,0.0,0.0,0.0,0.0,0.0,0.0,0.0,0.062111801242236024,0.0,0.0,0.0,0.0,0.0,0.0,0.0,0.0,0.0,0.0,0.062111801242236024,0.0,0.062111801242236024,0.0,0.012422360248447204,0.062111801242236024,0.062111801242236024,0.062111801242236024,0.062111801242236024,0.0,0.0,0.0,0.0,0.0,0.0,0.0,0.012422360248447204,0.0,0.006211180124223602,0.062111801242236024,0.0,0.043478260869565216,0.049689440993788817,0.0,0.049689440993788817
S2_D2 hbo,0.05263157894736842,0.0,0.05263157894736842,0.039473684210526314,0.05263157894736842,0.05263157894736842,0.0,0.05263157894736842,0.05263157894736842,0.0,0.0,0.0,0.0,0.0,0.0,0.0,0.05263157894736842,0.0,0.0,0.0,0.0,0.0,0.0,0.0,0.0,0.0,0.0,0.05263157894736842,0.0,0.05263157894736842,0.0,0.02631578947368421,0.05263157894736842,0.05263157894736842,0.05263157894736842,0.05263157894736842,0.0,0.0,0.0,0.0,0.0,0.0,0.0,0.02631578947368421,0.0,0.013157894736842105,0.05263157894736842,0.0,0.05263157894736842,0.05263157894736842,0.0,0.05263157894736842
S2_D4 hbo,0.02030456852791878,0.0,0.04568527918781726,0.015228426395939087,0.07106598984771574,0.06091370558375635,0.0,0.07614213197969544,0.03553299492385787,0.0,0.0,0.0,0.0,0.0,0.0,0.0,0.06091370558375635,0.0,0.0,0.0,0.0,0.0,0.0,0.0,0.0,0.0,0.0,0.06598984771573604,0.0,0.06598984771573604,0.0,0.01015228426395939,0.07614213197969544,0.07106598984771574,0.07106598984771574,0.06598984771573604,0.0,0.0,0.0,0.0,0.0,0.0,0.0,0.01015228426395939,0.0,0.005076142131979695,0.05583756345177665,0.0,0.03553299492385787,0.04060913705583756,0.0,0.04060913705583756
S3_D1 hbo,0.021052631578947368,0.0,0.04736842105263158,0.015789473684210527,0.06842105263157895,0.06315789473684211,0.0,0.06842105263157895,0.03684210526315789,0.0,0.0,0.0,0.0,0.0,0.0,0.0,0.06315789473684211,0.0,0.0,0.0,0.0,0.0,0.0,0.0,0.0,0.0,0.0,0.06842105263157895,0.0,0.06842105263157895,0.0,0.010526315789473684,0.06842105263157895,0.06842105263157895,0.06842105263157895,0.06842105263157895,0.0,0.0,0.0,0.0,0.0,0.0,0.0,0.010526315789473684,0.0,0.005263157894736842,0.05789473684210526,0.0,0.03684210526315789,0.042105263157894736,0.0,0.042105263157894736
S3_D3 hbo,0.0,0.0,0.0,0.0,0.0,0.0,0.0,0.0,0.0,0.0,0.0,0.0,0.0,0.0,0.0,0.0,0.0,0.0,0.0,0.0,0.0,0.0,0.0,0.0,0.0,0.0,0.0,0.0,0.0,0.0,0.0,0.0,0.0,0.0,0.0,0.0,0.0,0.0,0.0,0.0,0.0,0.0,0.0,0.0,0.0,0.0,0.0,0.0,0.0,0.0,0.0,0.0
S3_D4 hbo,0.020202020202020204,0.0,0.045454545454545456,0.015151515151515152,0.0707070707070707,0.06060606060606061,0.0,0.07575757575757576,0.03535353535353535,0.0,0.0,0.0,0.0,0.0,0.0,0.0,0.06060606060606061,0.0,0.0,0.0,0.0,0.0,0.0,0.0,0.0,0.0,0.0,0.06565656565656566,0.0,0.06565656565656566,0.0,0.010101010101010102,0.08080808080808081,0.0707070707070707,0.0707070707070707,0.06565656565656566,0.0,0.0,0.0,0.0,0.0,0.0,0.0,0.010101010101010102,0.0,0.005050505050505051,0.05555555555555555,0.0,0.03535353535353535,0.04040404040404041,0.0,0.04040404040404041
S3_D5 hbo,0.028985507246376812,0.0,0.057971014492753624,0.021739130434782608,0.057971014492753624,0.057971014492753624,0.0,0.057971014492753624,0.050724637681159424,0.0,0.0,0.0,0.0,0.0,0.0,0.0,0.057971014492753624,0.0,0.0,0.0,0.0,0.0,0.0,0.0,0.0,0.0,0.0,0.057971014492753624,0.0,0.057971014492753624,0.0,0.014492753623188406,0.057971014492753624,0.057971014492753624,0.057971014492753624,0.057971014492753624,0.0,0.0,0.0,0.0,0.0,0.0,0.0,0.014492753623188406,0.0,0.007246376811594203,0.057971014492753624,0.0,0.050724637681159424,0.057971014492753624,0.0,0.057971014492753624
S4_D2 hbo,0.0,0.0,0.0,0.0,0.0,0.0,0.0,0.0,0.0,0.0,0.0,0.0,0.0,0.0,0.0,0.0,0.0,0.0,0.0,0.0,0.0,0.0,0.0,0.0,0.0,0.0,0.0,0.0,0.0,0.0,0.0,0.0,0.0,0.0,0.0,0.0,0.0,0.0,0.0,0.0,0.0,0.0,0.0,0.0,0.0,0.0,0.0,0.0,0.0,0.0,0.0,0.0
S4_D4 hbo,0.0,0.0,0.0,0.0,0.0,0.0,0.0,0.0,0.0,0.0,0.0,0.0,0.0,0.0,0.0,0.0,0.0,0.0,0.0,0.0,0.0,0.0,0.0,0.0,0.0,0.0,0.0,0.0,0.0,0.0,0.0,0.0,0.0,0.0,0.0,0.0,0.0,0.0,0.0,0.0,0.0,0.0,0.0,0.0,0.0,0.0,0.0,0.0,0.0,0.0,0.0,0.0
S4_D6 hbo,0.0,0.0,0.0,0.0,0.0,0.0,0.0,0.0,0.0,0.0,0.0,0.0,0.0,0.0,0.0,0.0,0.0,0.0,0.0,0.0,0.0,0.0,0.0,0.0,0.0,0.0,0.0,0.0,0.0,0.0,0.0,0.0,0.0,0.0,0.0,0.0,0.0,0.0,0.0,0.0,0.0,0.0,0.0,0.0,0.0,0.0,0.0,0.0,0.0,0.0,0.0,0.0
S4_D11 hbo,0.0,0.0,0.0,0.0,0.0,0.0,0.0,0.0,0.0,0.0,0.0,0.0,0.0,0.0,0.0,0.0,0.0,0.0,0.0,0.0,0.0,0.0,0.0,0.0,0.0,0.0,0.0,0.0,0.0,0.0,0.0,0.0,0.0,0.0,0.0,0.0,0.0,0.0,0.0,0.0,0.0,0.0,0.0,0.0,0.0,0.0,0.0,0.0,0.0,0.0,0.0,0.0
S5_D3 hbo,0.0,0.0,0.0,0.0,0.0,0.0,0.0,0.0,0.0,0.0,0.0,0.0,0.0,0.0,0.0,0.0,0.0,0.0,0.0,0.0,0.0,0.0,0.0,0.0,0.0,0.0,0.0,0.0,0.0,0.0,0.0,0.0,0.0,0.0,0.0,0.0,0.0,0.0,0.0,0.0,0.0,0.0,0.0,0.0,0.0,0.0,0.0,0.0,0.0,0.0,0.0,0.0
S5_D5 hbo,0.0,0.0,0.0,0.0,0.0,0.0,0.0,0.0,0.0,0.0,0.0,0.0,0.0,0.0,0.0,0.0,0.0,0.0,0.0,0.0,0.0,0.0,0.0,0.0,0.0,0.0,0.0,0.0,0.0,0.0,0.0,0.0,0.0,0.0,0.0,0.0,0.0,0.0,0.0,0.0,0.0,0.0,0.0,0.0,0.0,0.0,0.0,0.0,0.0,0.0,0.0,0.0
S5_D7 hbo,0.0,0.0,0.0,0.0,0.0,0.0,0.0,0.0,0.0,0.0,0.0,0.0,0.0,0.0,0.0,0.0,0.0,0.0,0.0,0.0,0.0,0.0,0.0,0.0,0.0,0.0,0.0,0.0,0.0,0.0,0.0,0.0,0.0,0.0,0.0,0.0,0.0,0.0,0.0,0.0,0.0,0.0,0.0,0.0,0.0,0.0,0.0,0.0,0.0,0.0,0.0,0.0
S6_D4 hbo,0.021052631578947368,0.0,0.04736842105263158,0.015789473684210527,0.06842105263157895,0.06315789473684211,0.0,0.06842105263157895,0.03684210526315789,0.0,0.0,0.0,0.0,0.0,0.0,0.0,0.06315789473684211,0.0,0.0,0.0,0.0,0.0,0.0,0.0,0.0,0.0,0.0,0.06842105263157895,0.0,0.06842105263157895,0.0,0.010526315789473684,0.06842105263157895,0.06842105263157895,0.06842105263157895,0.06842105263157895,0.0,0.0,0.0,0.0,0.0,0.0,0.0,0.010526315789473684,0.0,0.005263157894736842,0.05789473684210526,0.0,0.03684210526315789,0.042105263157894736,0.0,0.042105263157894736
S6_D5 hbo,0.0,0.0,0.0,0.0,0.0,0.0,0.0,0.0,0.0,0.0,0.0,0.0,0.0,0.0,0.0,0.0,0.0,0.0,0.0,0.0,0.0,0.0,0.0,0.0,0.0,0.0,0.0,0.0,0.0,0.0,0.0,0.0,0.0,0.0,0.0,0.0,0.0,0.0,0.0,0.0,0.0,0.0,0.0,0.0,0.0,0.0,0.0,0.0,0.0,0.0,0.0,0.0
S6_D6 hbo,0.0,0.0,0.0,0.0,0.0,0.0,0.0,0.0,0.0,0.0,0.0,0.0,0.0,0.0,0.0,0.0,0.0,0.0,0.0,0.0,0.0,0.0,0.0,0.0,0.0,0.0,0.0,0.0,0.0,0.0,0.0,0.0,0.0,0.0,0.0,0.0,0.0,0.0,0.0,0.0,0.0,0.0,0.0,0.0,0.0,0.0,0.0,0.0,0.0,0.0,0.0,0.0
S6_D8 hbo,0.0,0.0,0.0,0.0,0.0,0.0,0.0,0.0,0.0,0.0,0.0,0.0,0.0,0.0,0.0,0.0,0.0,0.0,0.0,0.0,0.0,0.0,0.0,0.0,0.0,0.0,0.0,0.0,0.0,0.0,0.0,0.0,0.0,0.0,0.0,0.0,0.0,0.0,0.0,0.0,0.0,0.0,0.0,0.0,0.0,0.0,0.0,0.0,0.0,0.0,0.0,0.0
S7_D5 hbo,0.0,0.0,0.0,0.0,0.0,0.0,0.0,0.0,0.0,0.0,0.0,0.0,0.0,0.0,0.0,0.0,0.0,0.0,0.0,0.0,0.0,0.0,0.0,0.0,0.0,0.0,0.0,0.0,0.0,0.0,0.0,0.0,0.0,0.0,0.0,0.0,0.0,0.0,0.0,0.0,0.0,0.0,0.0,0.0,0.0,0.0,0.0,0.0,0.0,0.0,0.0,0.0
S7_D7 hbo,0.0,0.0,0.0,0.0,0.0,0.0,0.0,0.0,0.0,0.0,0.0,0.0,0.0,0.0,0.0,0.0,0.0,0.0,0.0,0.0,0.0,0.0,0.0,0.0,0.0,0.0,0.0,0.0,0.0,0.0,0.0,0.0,0.0,0.0,0.0,0.0,0.0,0.0,0.0,0.0,0.0,0.0,0.0,0.0,0.0,0.0,0.0,0.0,0.0,0.0,0.0,0.0
S7_D8 hbo,0.0,0.0,0.0,0.0,0.0,0.0,0.0,0.0,0.0,0.0,0.0,0.0,0.0,0.0,0.0,0.0,0.0,0.0,0.0,0.0,0.0,0.0,0.0,0.0,0.0,0.0,0.0,0.0,0.0,0.0,0.0,0.0,0.0,0.0,0.0,0.0,0.0,0.0,0.0,0.0,0.0,0.0,0.0,0.0,0.0,0.0,0.0,0.0,0.0,0.0,0.0,0.0
S8_D6 hbo,0.0,0.0,0.0,0.0,0.0,0.0,0.0,0.0,0.0,0.0,0.0,0.0,0.0,0.0,0.0,0.0,0.0,0.0,0.0,0.0,0.0,0.0,0.0,0.0,0.0,0.0,0.0,0.0,0.0,0.0,0.0,0.0,0.0,0.0,0.0,0.0,0.0,0.0,0.0,0.0,0.0,0.0,0.0,0.0,0.0,0.0,0.0,0.0,0.0,0.0,0.0,0.0
S8_D8 hbo,0.0,0.0,0.0,0.0,0.0,0.0,0.0,0.0,0.0,0.0,0.0,0.0,0.0,0.0,0.0,0.0,0.0,0.0,0.0,0.0,0.0,0.0,0.0,0.0,0.0,0.0,0.0,0.0,0.0,0.0,0.0,0.0,0.0,0.0,0.0,0.0,0.0,0.0,0.0,0.0,0.0,0.0,0.0,0.0,0.0,0.0,0.0,0.0,0.0,0.0,0.0,0.0
S8_D15 hbo,0.0,0.0,0.0,0.0,0.0,0.0,0.0,0.0,0.0,0.0,0.0,0.0,0.0,0.0,0.0,0.0,0.0,0.0,0.0,0.0,0.0,0.0,0.0,0.0,0.0,0.0,0.0,0.0,0.0,0.0,0.0,0.0,0.0,0.0,0.0,0.0,0.0,0.0,0.0,0.0,0.0,0.0,0.0,0.0,0.0,0.0,0.0,0.0,0.0,0.0,0.0,0.0
S9_D2 hbo,0.0,0.0,0.0,0.0,0.0,0.0,0.0,0.0,0.0,0.0,0.0,0.0,0.0,0.0,0.0,0.0,0.0,0.0,0.0,0.0,0.0,0.0,0.0,0.0,0.0,0.0,0.0,0.0,0.0,0.0,0.0,0.0,0.0,0.0,0.0,0.0,0.0,0.0,0.0,0.0,0.0,0.0,0.0,0.0,0.0,0.0,0.0,0.0,0.0,0.0,0.0,0.0
S9_D9 hbo,0.020512820512820513,0.0,0.046153846153846156,0.015384615384615385,0.07179487179487179,0.06153846153846154,0.0,0.07179487179487179,0.035897435897435895,0.0,0.0,0.0,0.0,0.0,0.0,0.0,0.06153846153846154,0.0,0.0,0.0,0.0,0.0,0.0,0.0,0.0,0.0,0.0,0.06666666666666667,0.0,0.06666666666666667,0.0,0.010256410256410256,0.07179487179487179,0.07179487179487179,0.07179487179487179,0.06666666666666667,0.0,0.0,0.0,0.0,0.0,0.0,0.0,0.010256410256410256,0.0,0.005128205128205128,0.05641025641025641,0.0,0.035897435897435895,0.041025641025641026,0.0,0.041025641025641026
S9_D11 hbo,0.0,0.0,0.0,0.0,0.0,0.0,0.0,0.0,0.0,0.0,0.0,0.0,0.0,0.0,0.0,0.0,0.0,0.0,0.0,0.0,0.0,0.0,0.0,0.0,0.0,0.0,0.0,0.0,0.0,0.0,0.0,0.0,0.0,0.0,0.0,0.0,0.0,0.0,0.0,0.0,0.0,0.0,0.0,0.0,0.0,0.0,0.0,0.0,0.0,0.0,0.0,0.0
S10_D9 hbo,0.020512820512820513,0.0,0.046153846153846156,0.015384615384615385,0.07179487179487179,0.06153846153846154,0.0,0.07179487179487179,0.035897435897435895,0.0,0.0,0.0,0.0,0.0,0.0,0.0,0.06153846153846154,0.0,0.0,0.0,0.0,0.0,0.0,0.0,0.0,0.0,0.0,0.06666666666666667,0.0,0.06666666666666667,0.0,0.010256410256410256,0.07179487179487179,0.07179487179487179,0.07179487179487179,0.06666666666666667,0.0,0.0,0.0,0.0,0.0,0.0,0.0,0.010256410256410256,0.0,0.005128205128205128,0.05641025641025641,0.0,0.035897435897435895,0.041025641025641026,0.0,0.041025641025641026
S10_D10 hbo,0.047619047619047616,0.0,0.047619047619047616,0.047619047619047616,0.047619047619047616,0.047619047619047616,0.0,0.047619047619047616,0.047619047619047616,0.0,0.0,0.0,0.0,0.0,0.0,0.0,0.047619047619047616,0.0,0.0,0.0,0.0,0.0,0.0,0.0,0.0,0.0,0.0,0.047619047619047616,0.0,0.047619047619047616,0.0,0.047619047619047616,0.047619047619047616,0.047619047619047616,0.047619047619047616,0.047619047619047616,0.0,0.0,0.0,0.0,0.0,0.0,0.0,0.047619047619047616,0.0,0.047619047619047616,0.047619047619047616,0.0,0.047619047619047616,0.047619047619047616,0.0,0.047619047619047616
S10_D12 hbo,0.05084745762711865,0.0,0.05084745762711865,0.05084745762711865,0.05084745762711865,0.05084745762711865,0.0,0.05084745762711865,0.05084745762711865,0.0,0.0,0.0,0.0,0.0,0.0,0.0,0.05084745762711865,0.0,0.0,0.0,0.0,0.0,0.0,0.0,0.0,0.0,0.0,0.05084745762711865,0.0,0.05084745762711865,0.0,0.03389830508474576,0.05084745762711865,0.05084745762711865,0.05084745762711865,0.05084745762711865,0.0,0.0,0.0,0.0,0.0,0.0,0.0,0.03389830508474576,0.0,0.01694915254237288,0.05084745762711865,0.0,0.05084745762711865,0.05084745762711865,0.0,0.05084745762711865
S11_D9 hbo,0.020100502512562814,0.0,0.04522613065326633,0.01507537688442211,0.07035175879396985,0.06030150753768844,0.0,0.07537688442211055,0.035175879396984924,0.0,0.0,0.0,0.0,0.0,0.0,0.0,0.06030150753768844,0.0,0.0,0.0,0.0,0.0,0.0,0.0,0.0,0.0,0.0,0.06532663316582915,0.0,0.06532663316582915,0.0,0.010050251256281407,0.08542713567839195,0.07035175879396985,0.07035175879396985,0.06532663316582915,0.0,0.0,0.0,0.0,0.0,0.0,0.0,0.010050251256281407,0.0,0.005025125628140704,0.05527638190954774,0.0,0.035175879396984924,0.04020100502512563,0.0,0.04020100502512563
S11_D11 hbo,0.02030456852791878,0.0,0.04568527918781726,0.015228426395939087,0.07106598984771574,0.06091370558375635,0.0,0.07614213197969544,0.03553299492385787,0.0,0.0,0.0,0.0,0.0,0.0,0.0,0.06091370558375635,0.0,0.0,0.0,0.0,0.0,0.0,0.0,0.0,0.0,0.0,0.06598984771573604,0.0,0.06598984771573604,0.0,0.01015228426395939,0.07614213197969544,0.07106598984771574,0.07106598984771574,0.06598984771573604,0.0,0.0,0.0,0.0,0.0,0.0,0.0,0.01015228426395939,0.0,0.005076142131979695,0.05583756345177665,0.0,0.03553299492385787,0.04060913705583756,0.0,0.04060913705583756
S11_D12 hbo,0.02030456852791878,0.0,0.04568527918781726,0.015228426395939087,0.07106598984771574,0.06091370558375635,0.0,0.07614213197969544,0.03553299492385787,0.0,0.0,0.0,0.0,0.0,0.0,0.0,0.06091370558375635,0.0,0.0,0.0,0.0,0.0,0.0,0.0,0.0,0.0,0.0,0.06598984771573604,0.0,0.06598984771573604,0.0,0.01015228426395939,0.07614213197969544,0.07106598984771574,0.07106598984771574,0.06598984771573604,0.0,0.0,0.0,0.0,0.0,0.0,0.0,0.01015228426395939,0.0,0.005076142131979695,0.05583756345177665,0.0,0.03553299492385787,0.04060913705583756,0.0,0.04060913705583756
S11_D13 hbo,0.020512820512820513,0.0,0.046153846153846156,0.015384615384615385,0.07179487179487179,0.06153846153846154,0.0,0.07179487179487179,0.035897435897435895,0.0,0.0,0.0,0.0,0.0,0.0,0.0,0.06153846153846154,0.0,0.0,0.0,0.0,0.0,0.0,0.0,0.0,0.0,0.0,0.06666666666666667,0.0,0.06666666666666667,0.0,0.010256410256410256,0.07179487179487179,0.07179487179487179,0.07179487179487179,0.06666666666666667,0.0,0.0,0.0,0.0,0.0,0.0,0.0,0.010256410256410256,0.0,0.005128205128205128,0.05641025641025641,0.0,0.035897435897435895,0.041025641025641026,0.0,0.041025641025641026
S12_D10 hbo,0.0,0.0,0.0,0.0,0.0,0.0,0.0,0.0,0.0,0.0,0.0,0.0,0.0,0.0,0.0,0.0,0.0,0.0,0.0,0.0,0.0,0.0,0.0,0.0,0.0,0.0,0.0,0.0,0.0,0.0,0.0,0.0,0.0,0.0,0.0,0.0,0.0,0.0,0.0,0.0,0.0,0.0,0.0,0.0,0.0,0.0,0.0,0.0,0.0,0.0,0.0,0.0
S12_D12 hbo,0.0,0.0,0.0,0.0,0.0,0.0,0.0,0.0,0.0,0.0,0.0,0.0,0.0,0.0,0.0,0.0,0.0,0.0,0.0,0.0,0.0,0.0,0.0,0.0,0.0,0.0,0.0,0.0,0.0,0.0,0.0,0.0,0.0,0.0,0.0,0.0,0.0,0.0,0.0,0.0,0.0,0.0,0.0,0.0,0.0,0.0,0.0,0.0,0.0,0.0,0.0,0.0
S12_D14 hbo,0.0,0.0,0.0,0.0,0.0,0.0,0.0,0.0,0.0,0.0,0.0,0.0,0.0,0.0,0.0,0.0,0.0,0.0,0.0,0.0,0.0,0.0,0.0,0.0,0.0,0.0,0.0,0.0,0.0,0.0,0.0,0.0,0.0,0.0,0.0,0.0,0.0,0.0,0.0,0.0,0.0,0.0,0.0,0.0,0.0,0.0,0.0,0.0,0.0,0.0,0.0,0.0
S13_D6 hbo,0.0,0.0,0.0,0.0,0.0,0.0,0.0,0.0,0.0,0.0,0.0,0.0,0.0,0.0,0.0,0.0,0.0,0.0,0.0,0.0,0.0,0.0,0.0,0.0,0.0,0.0,0.0,0.0,0.0,0.0,0.0,0.0,0.0,0.0,0.0,0.0,0.0,0.0,0.0,0.0,0.0,0.0,0.0,0.0,0.0,0.0,0.0,0.0,0.0,0.0,0.0,0.0
S13_D11 hbo,0.0,0.0,0.0,0.0,0.0,0.0,0.0,0.0,0.0,0.0,0.0,0.0,0.0,0.0,0.0,0.0,0.0,0.0,0.0,0.0,0.0,0.0,0.0,0.0,0.0,0.0,0.0,0.0,0.0,0.0,0.0,0.0,0.0,0.0,0.0,0.0,0.0,0.0,0.0,0.0,0.0,0.0,0.0,0.0,0.0,0.0,0.0,0.0,0.0,0.0,0.0,0.0
S13_D13 hbo,0.0,0.0,0.0,0.0,0.0,0.0,0.0,0.0,0.0,0.0,0.0,0.0,0.0,0.0,0.0,0.0,0.0,0.0,0.0,0.0,0.0,0.0,0.0,0.0,0.0,0.0,0.0,0.0,0.0,0.0,0.0,0.0,0.0,0.0,0.0,0.0,0.0,0.0,0.0,0.0,0.0,0.0,0.0,0.0,0.0,0.0,0.0,0.0,0.0,0.0,0.0,0.0
S13_D15 hbo,0.0,0.0,0.0,0.0,0.0,0.0,0.0,0.0,0.0,0.0,0.0,0.0,0.0,0.0,0.0,0.0,0.0,0.0,0.0,0.0,0.0,0.0,0.0,0.0,0.0,0.0,0.0,0.0,0.0,0.0,0.0,0.0,0.0,0.0,0.0,0.0,0.0,0.0,0.0,0.0,0.0,0.0,0.0,0.0,0.0,0.0,0.0,0.0,0.0,0.0,0.0,0.0
S14_D12 hbo,0.05084745762711865,0.0,0.05084745762711865,0.05084745762711865,0.05084745762711865,0.05084745762711865,0.0,0.05084745762711865,0.05084745762711865,0.0,0.0,0.0,0.0,0.0,0.0,0.0,0.05084745762711865,0.0,0.0,0.0,0.0,0.0,0.0,0.0,0.0,0.0,0.0,0.05084745762711865,0.0,0.05084745762711865,0.0,0.03389830508474576,0.05084745762711865,0.05084745762711865,0.05084745762711865,0.05084745762711865,0.0,0.0,0.0,0.0,0.0,0.0,0.0,0.03389830508474576,0.0,0.01694915254237288,0.05084745762711865,0.0,0.05084745762711865,0.05084745762711865,0.0,0.05084745762711865
S14_D13 hbo,0.0,0.0,0.0,0.0,0.0,0.0,0.0,0.0,0.0,0.0,0.0,0.0,0.0,0.0,0.0,0.0,0.0,0.0,0.0,0.0,0.0,0.0,0.0,0.0,0.0,0.0,0.0,0.0,0.0,0.0,0.0,0.0,0.0,0.0,0.0,0.0,0.0,0.0,0.0,0.0,0.0,0.0,0.0,0.0,0.0,0.0,0.0,0.0,0.0,0.0,0.0,0.0
S14_D14 hbo,0.04878048780487805,0.0,0.04878048780487805,0.04878048780487805,0.04878048780487805,0.04878048780487805,0.0,0.04878048780487805,0.04878048780487805,0.0,0.0,0.0,0.0,0.0,0.0,0.0,0.04878048780487805,0.0,0.0,0.0,0.0,0.0,0.0,0.0,0.0,0.0,0.0,0.04878048780487805,0.0,0.04878048780487805,0.0,0.04878048780487805,0.04878048780487805,0.04878048780487805,0.04878048780487805,0.04878048780487805,0.0,0.0,0.0,0.0,0.0,0.0,0.0,0.04878048780487805,0.0,0.024390243902439025,0.04878048780487805,0.0,0.04878048780487805,0.04878048780487805,0.0,0.04878048780487805
S14_D16 hbo,0.02197802197802198,0.0,0.04945054945054945,0.016483516483516484,0.06593406593406594,0.06593406593406594,0.0,0.06593406593406594,0.038461538461538464,0.0,0.0,0.0,0.0,0.0,0.0,0.0,0.06593406593406594,0.0,0.0,0.0,0.0,0.0,0.0,0.0,0.0,0.0,0.0,0.06593406593406594,0.0,0.06593406593406594,0.0,0.01098901098901099,0.06593406593406594,0.06593406593406594,0.06593406593406594,0.06593406593406594,0.0,0.0,0.0,0.0,0.0,0.0,0.0,0.01098901098901099,0.0,0.005494505494505495,0.06043956043956044,0.0,0.038461538461538464,0.04395604395604396,0.0,0.04395604395604396
S15_D13 hbo,0.0,0.0,0.0,0.0,0.0,0.0,0.0,0.0,0.0,0.0,0.0,0.0,0.0,0.0,0.0,0.0,0.0,0.0,0.0,0.0,0.0,0.0,0.0,0.0,0.0,0.0,0.0,0.0,0.0,0.0,0.0,0.0,0.0,0.0,0.0,0.0,0.0,0.0,0.0,0.0,0.0,0.0,0.0,0.0,0.0,0.0,0.0,0.0,0.0,0.0,0.0,0.0
S15_D15 hbo,0.028985507246376812,0.0,0.057971014492753624,0.021739130434782608,0.057971014492753624,0.057971014492753624,0.0,0.057971014492753624,0.050724637681159424,0.0,0.0,0.0,0.0,0.0,0.0,0.0,0.057971014492753624,0.0,0.0,0.0,0.0,0.0,0.0,0.0,0.0,0.0,0.0,0.057971014492753624,0.0,0.057971014492753624,0.0,0.014492753623188406,0.057971014492753624,0.057971014492753624,0.057971014492753624,0.057971014492753624,0.0,0.0,0.0,0.0,0.0,0.0,0.0,0.014492753623188406,0.0,0.007246376811594203,0.057971014492753624,0.0,0.050724637681159424,0.057971014492753624,0.0,0.057971014492753624
S15_D16 hbo,0.02666666666666667,0.0,0.06,0.02,0.06,0.06,0.0,0.06,0.04666666666666667,0.0,0.0,0.0,0.0,0.0,0.0,0.0,0.06,0.0,0.0,0.0,0.0,0.0,0.0,0.0,0.0,0.0,0.0,0.06,0.0,0.06,0.0,0.013333333333333334,0.06,0.06,0.06,0.06,0.0,0.0,0.0,0.0,0.0,0.0,0.0,0.013333333333333334,0.0,0.006666666666666667,0.06,0.0,0.04666666666666667,0.05333333333333334,0.0,0.05333333333333334
S16_D14 hbo,0.0,0.0,0.0,0.0,0.0,0.0,0.0,0.0,0.0,0.0,0.0,0.0,0.0,0.0,0.0,0.0,0.0,0.0,0.0,0.0,0.0,0.0,0.0,0.0,0.0,0.0,0.0,0.0,0.0,0.0,0.0,0.0,0.0,0.0,0.0,0.0,0.0,0.0,0.0,0.0,0.0,0.0,0.0,0.0,0.0,0.0,0.0,0.0,0.0,0.0,0.0,0.0
S16_D16 hbo,0.02666666666666667,0.0,0.06,0.02,0.06,0.06,0.0,0.06,0.04666666666666667,0.0,0.0,0.0,0.0,0.0,0.0,0.0,0.06,0.0,0.0,0.0,0.0,0.0,0.0,0.0,0.0,0.0,0.0,0.06,0.0,0.06,0.0,0.013333333333333334,0.06,0.06,0.06,0.06,0.0,0.0,0.0,0.0,0.0,0.0,0.0,0.013333333333333334,0.0,0.006666666666666667,0.06,0.0,0.04666666666666667,0.05333333333333334,0.0,0.05333333333333334
