,Fp1,Fz,F3,F7,FT9,FC5,FC1,C3,T7,TP9,CP5,CP1,Pz,P3,P7,O1,Oz,O2,P4,P8,TP10,CP6,CP2,Cz,C4,T8,FT10,FC6,FC2,F4,F8,Fp2,AF7,AF3,AFz,F1,F5,FT7,FC3,C1,C5,TP7,CP3,P1,P5,PO7,PO3,POz,PO4,PO8,P6,P2,CPz,CP4,TP8,C6,C2,FC4,FT8,F6,AF8,AF4,F2,FCz
Fp1,0.04,0.024,0.0,0.0,0.032,0.02,0.024,0.036,0.036,0.0,0.036,0.0,0.044,0.0,0.004,0.012,0.0,0.028,0.0,0.036,0.012,0.0,0.032,0.0,0.02,0.008,0.044,0.0,0.0,0.0,0.02,0.004,0.0,0.0,0.0,0.0,0.028,0.016,0.0,0.016,0.0,0.016,0.0,0.044,0.036,0.008,0.044,0.0,0.0,0.004,0.04,0.02,0.032,0.008,0.044,0.032,0.0,0.036,0.028,0.0,0.0,0.0,0.0,0.036
Fz,0.004640371229698376,0.037122969837587005,0.016241299303944315,0.0,0.002320185614849188,0.0382830626450116,0.0,0.033642691415313224,0.03596287703016241,0.009280742459396751,0.03480278422273782,0.01160092807424594,0.016241299303944315,0.02668213457076566,0.0,0.03596287703016241,0.0,0.001160092807424594,0.0,0.0034802784222737818,0.03596287703016241,0.0,0.002320185614849188,0.0,0.0382830626450116,0.0,0.00580046403712297,0.015081206496519721,0.024361948955916472,0.0,0.0,0.0,0.0,0.022041763341067284,0.0,0.03248259860788863,0.001160092807424594,0.0,0.004640371229698376,0.037122969837587005,0.008120649651972157,0.0,0.03248259860788863,0.02088167053364269,0.0034802784222737818,0.0,0.010440835266821345,0.0,0.02668213457076566,0.033642691415313224,0.024361948955916472,0.0382830626450116,0.030162412993039442,0.03480278422273782,0.019721577726218097,0.03596287703016241,0.031322505800464036,0.016241299303944315,0.0382830626450116,0.010440835266821345,0.0,0.02320185614849188,0.031322505800464036,0.0034802784222737818
F3,0.0,0.022181146025878003,0.04066543438077634,0.0,0.0,0.029574861367837338,0.0,0.0166358595194085,0.02033271719038817,0.033271719038817,0.018484288354898338,0.036968576709796676,0.0,0.04251386321626617,0.0,0.03512014787430684,0.0,0.0,0.009242144177449169,0.0,0.024029574861367836,0.011090573012939002,0.0,0.0,0.03512014787430684,0.0018484288354898336,0.0,0.04251386321626617,0.04066543438077634,0.0036968576709796672,0.0,0.0,0.0,0.04066543438077634,0.0018484288354898336,0.038817005545286505,0.0,0.0,0.025878003696857672,0.024029574861367836,0.031423290203327174,0.0,0.03512014787430684,0.0,0.0,0.0,0.0,0.0,0.031423290203327174,0.036968576709796676,0.0018484288354898336,0.03512014787430684,0.011090573012939002,0.038817005545286505,0.0,0.02033271719038817,0.038817005545286505,0.0,0.029574861367837338,0.031423290203327174,0.0,0.029574861367837338,0.033271719038817,0.0
F7,0.0,0.0,0.0,0.0,0.0,0.0,0.0,0.0,0.0,0.0,0.0,0.0,0.0,0.0,0.0,0.0,0.0,0.0,0.0,0.0,0.0,0.0,0.0,0.0,0.0,0.0,0.0,0.0,0.0,0.0,0.0,0.0,0.0,0.0,0.0,0.0,0.0,0.0,0.0,0.0,0.0,0.0,0.0,0.0,0.0,0.0,0.0,0.0,0.0,0.0,0.0,0.0,0.0,0.0,0.0,0.0,0.0,0.0,0.0,0.0,0.0,0.0,0.0,0.0
FT9,0.015698587127158554,0.006279434850863423,0.0,0.0,0.05337519623233909,0.004709576138147566,0.05180533751962323,0.01098901098901099,0.01098901098901099,0.0,0.01098901098901099,0.0,0.01726844583987441,0.0,0.0282574568288854,0.0015698587127158557,0.0,0.05337519623233909,0.007849293563579277,0.04552590266875981,0.0015698587127158557,0.026687598116169546,0.054945054945054944,0.0,0.004709576138147566,0.03924646781789639,0.03767660910518053,0.0,0.0,0.02197802197802198,0.05023547880690738,0.012558869701726845,0.0,0.0,0.0141287284144427,0.0,0.023547880690737835,0.04709576138147567,0.0015698587127158557,0.0031397174254317113,0.007849293563579277,0.04866562009419152,0.0,0.015698587127158554,0.0565149136577708,0.03296703296703297,0.05180533751962323,0.0,0.0,0.0,0.012558869701726845,0.004709576138147566,0.009419152276295133,0.0,0.01726844583987441,0.009419152276295133,0.0,0.01098901098901099,0.007849293563579277,0.0,0.0,0.0,0.0,0.0565149136577708
FC5,0.002843601895734597,0.029383886255924172,0.017061611374407582,0.0,0.0009478672985781991,0.04170616113744076,0.0,0.029383886255924172,0.03601895734597156,0.011374407582938388,0.03317535545023697,0.013270142180094787,0.012322274881516588,0.035071090047393366,0.0,0.04265402843601896,0.0,0.0,0.0,0.0018957345971563982,0.029383886255924172,0.0,0.0009478672985781991,0.0,0.043601895734597156,0.0,0.0037914691943127963,0.016113744075829384,0.02843601895734597,0.0,0.0,0.0,0.0,0.021800947867298578,0.0,0.03981042654028436,0.0,0.0,0.007582938388625593,0.03033175355450237,0.01042654028436019,0.0,0.03317535545023697,0.016113744075829384,0.0018957345971563982,0.0,0.007582938388625593,0.0,0.025592417061611375,0.04075829383886256,0.018957345971563982,0.043601895734597156,0.023696682464454975,0.04170616113744076,0.015165876777251185,0.03317535545023697,0.03886255924170616,0.012322274881516588,0.04265402843601896,0.012322274881516588,0.0,0.021800947867298578,0.029383886255924172,0.0018957345971563982
FC1,0.010554089709762533,0.002638522427440633,0.0,0.0,0.044854881266490766,0.0013192612137203166,0.06728232189973615,0.006596306068601583,0.006596306068601583,0.0,0.006596306068601583,0.00395778364116095,0.011873350923482849,0.0,0.0316622691292876,0.0,0.0,0.0712401055408971,0.014511873350923483,0.03562005277044855,0.0,0.030343007915567283,0.0712401055408971,0.0,0.0013192612137203166,0.040897097625329816,0.029023746701846966,0.0,0.0,0.026385224274406333,0.05408970976253298,0.010554089709762533,0.0,0.0,0.01978891820580475,0.0,0.01978891820580475,0.047493403693931395,0.005277044854881266,0.0,0.014511873350923483,0.048812664907651716,0.0,0.010554089709762533,0.048812664907651716,0.03562005277044855,0.048812664907651716,0.0,0.0,0.0,0.0079155672823219,0.0013192612137203166,0.005277044854881266,0.0,0.01978891820580475,0.005277044854881266,0.0,0.006596306068601583,0.00395778364116095,0.0,0.0,0.0,0.0,0.0712401055408971
C3,0.007306889352818371,0.032359081419624215,0.011482254697286013,0.0,0.005219206680584551,0.03653444676409186,0.003131524008350731,0.04175365344467641,0.04384133611691023,0.005219206680584551,0.04384133611691023,0.007306889352818371,0.017745302713987474,0.026096033402922755,0.0,0.037578288100208766,0.0,0.0041753653444676405,0.0,0.006263048016701462,0.029227557411273485,0.0,0.005219206680584551,0.0,0.0407098121085595,0.0,0.008350730688935281,0.010438413361169102,0.018789144050104383,0.0,0.0020876826722338203,0.0,0.0,0.016701461377870562,0.0,0.033402922755741124,0.0041753653444676405,0.0010438413361169101,0.0010438413361169101,0.030271398747390398,0.0041753653444676405,0.0010438413361169101,0.026096033402922755,0.021920668058455117,0.006263048016701462,0.0,0.012526096033402923,0.0,0.020876826722338204,0.03444676409185804,0.025052192066805846,0.0407098121085595,0.030271398747390398,0.037578288100208766,0.020876826722338204,0.04175365344467641,0.029227557411273485,0.017745302713987474,0.04279749478079332,0.006263048016701462,0.0,0.017745302713987474,0.025052192066805846,0.006263048016701462
T7,0.00641025641025641,0.03021978021978022,0.011904761904761904,0.0,0.004578754578754579,0.038461538461538464,0.0027472527472527475,0.037545787545787544,0.047619047619047616,0.00641025641025641,0.04395604395604396,0.008241758241758242,0.015567765567765568,0.029304029304029304,0.0,0.039377289377289376,0.0,0.003663003663003663,0.0,0.005494505494505495,0.027472527472527472,0.0,0.004578754578754579,0.0,0.04304029304029304,0.0,0.007326007326007326,0.01098901098901099,0.02197802197802198,0.0,0.0018315018315018315,0.0,0.0,0.016483516483516484,0.0,0.03571428571428571,0.003663003663003663,0.0009157509157509158,0.0027472527472527475,0.028388278388278388,0.005494505494505495,0.0009157509157509158,0.027472527472527472,0.019230769230769232,0.005494505494505495,0.0,0.01098901098901099,0.0,0.020146520146520148,0.03663003663003663,0.02197802197802198,0.04395604395604396,0.026556776556776556,0.039377289377289376,0.018315018315018316,0.038461538461538464,0.03205128205128205,0.015567765567765568,0.046703296703296704,0.007326007326007326,0.0,0.0173992673992674,0.023809523809523808,0.005494505494505495
TP9,0.0,0.013986013986013986,0.037296037296037296,0.0,0.0,0.023310023310023312,0.002331002331002331,0.006993006993006993,0.011655011655011656,0.046620046620046623,0.009324009324009324,0.04895104895104895,0.0,0.04195804195804196,0.002331002331002331,0.030303030303030304,0.0,0.004662004662004662,0.02097902097902098,0.0,0.016317016317016316,0.023310023310023312,0.002331002331002331,0.0,0.030303030303030304,0.011655011655011656,0.0,0.039627039627039624,0.037296037296037296,0.013986013986013986,0.004662004662004662,0.0,0.0,0.037296037296037296,0.011655011655011656,0.03496503496503497,0.0,0.006993006993006993,0.04195804195804196,0.016317016317016316,0.04895104895104895,0.009324009324009324,0.030303030303030304,0.0,0.0,0.002331002331002331,0.0,0.0,0.02564102564102564,0.03263403263403263,0.0,0.030303030303030304,0.0,0.03496503496503497,0.0,0.011655011655011656,0.03496503496503497,0.0,0.023310023310023312,0.03496503496503497,0.0,0.023310023310023312,0.027972027972027972,0.0
CP5,0.00674373795761079,0.030828516377649325,0.011560693641618497,0.0,0.004816955684007707,0.03757225433526012,0.002890173410404624,0.0394990366088632,0.04720616570327553,0.005780346820809248,0.04527938342967245,0.007707129094412331,0.016377649325626204,0.027938342967244702,0.0,0.038535645472061654,0.0,0.0038535645472061657,0.0,0.005780346820809248,0.027938342967244702,0.0,0.004816955684007707,0.0,0.04238921001926782,0.0,0.007707129094412331,0.010597302504816955,0.02023121387283237,0.0,0.0019267822736030828,0.0,0.0,0.016377649325626204,0.0,0.03468208092485549,0.0038535645472061657,0.0009633911368015414,0.0019267822736030828,0.028901734104046242,0.004816955684007707,0.0009633911368015414,0.02601156069364162,0.02023121387283237,0.005780346820809248,0.0,0.011560693641618497,0.0,0.02023121387283237,0.03564547206165703,0.023121387283236993,0.04335260115606936,0.027938342967244702,0.038535645472061654,0.019267822736030827,0.04046242774566474,0.030828516377649325,0.016377649325626204,0.046242774566473986,0.00674373795761079,0.0,0.017341040462427744,0.024084778420038536,0.005780346820809248
CP1,0.0,0.013937282229965157,0.0313588850174216,0.0,0.0017421602787456446,0.020905923344947737,0.010452961672473868,0.008710801393728223,0.012195121951219513,0.036585365853658534,0.010452961672473868,0.04529616724738676,0.0,0.03484320557491289,0.010452961672473868,0.02613240418118467,0.0,0.012195121951219513,0.024390243902439025,0.0017421602787456446,0.0156794425087108,0.02613240418118467,0.010452961672473868,0.0,0.02613240418118467,0.017421602787456445,0.0017421602787456446,0.033101045296167246,0.0313588850174216,0.01916376306620209,0.012195121951219513,0.0,0.0,0.0313588850174216,0.017421602787456445,0.029616724738675958,0.0017421602787456446,0.013937282229965157,0.03832752613240418,0.0156794425087108,0.04529616724738676,0.0156794425087108,0.02613240418118467,0.0,0.0017421602787456446,0.010452961672473868,0.0017421602787456446,0.0,0.02264808362369338,0.027874564459930314,0.0,0.02613240418118467,0.003484320557491289,0.029616724738675958,0.0,0.012195121951219513,0.029616724738675958,0.0,0.020905923344947737,0.029616724738675958,0.0,0.020905923344947737,0.024390243902439025,0.008710801393728223
Pz,0.020872865275142316,0.030360531309297913,0.0,0.0,0.017077798861480076,0.028462998102466792,0.013282732447817837,0.036053130929791274,0.036053130929791274,0.0,0.036053130929791274,0.0,0.03984819734345351,0.009487666034155597,0.003795066413662239,0.024667931688804556,0.0,0.015180265654648957,0.0,0.018975332068311195,0.024667931688804556,0.0,0.017077798861480076,0.0,0.028462998102466792,0.0056925996204933585,0.022770398481973434,0.0,0.0056925996204933585,0.0,0.011385199240986717,0.003795066413662239,0.0,0.0018975332068311196,0.0,0.018975332068311195,0.015180265654648957,0.009487666034155597,0.0,0.026565464895635674,0.0,0.009487666034155597,0.018975332068311195,0.04174573055028463,0.018975332068311195,0.0056925996204933585,0.030360531309297913,0.0,0.009487666034155597,0.020872865275142316,0.03795066413662239,0.028462998102466792,0.03415559772296015,0.022770398481973434,0.04174573055028463,0.03415559772296015,0.017077798861480076,0.03415559772296015,0.03225806451612903,0.0,0.0,0.003795066413662239,0.017077798861480076,0.018975332068311195
P3,0.0,0.020710059171597635,0.022682445759368838,0.0,0.0,0.03353057199211045,0.0,0.020710059171597635,0.027613412228796843,0.01972386587771203,0.02465483234714004,0.021696252465483234,0.0029585798816568047,0.055226824457593686,0.0,0.04437869822485207,0.0,0.0,0.006903353057199211,0.0,0.021696252465483234,0.007889546351084813,0.0,0.0,0.04437869822485207,0.0029585798816568047,0.0,0.022682445759368838,0.04043392504930966,0.0039447731755424065,0.0,0.0,0.0,0.027613412228796843,0.0029585798816568047,0.05029585798816568,0.0,0.0009861932938856016,0.015779092702169626,0.021696252465483234,0.01873767258382643,0.0019723865877712033,0.03057199211045365,0.006903353057199211,0.0,0.0,0.0,0.0,0.02564102564102564,0.046351084812623275,0.009861932938856016,0.045364891518737675,0.014792899408284023,0.05029585798816568,0.005917159763313609,0.02465483234714004,0.047337278106508875,0.0029585798816568047,0.038461538461538464,0.016765285996055226,0.0,0.022682445759368838,0.026627218934911243,0.0
P7,0.00646551724137931,0.0,0.0,0.0,0.04525862068965517,0.0,0.05603448275862069,0.0,0.0,0.0,0.0,0.00646551724137931,0.008620689655172414,0.0,0.05172413793103448,0.0,0.0,0.05603448275862069,0.023706896551724137,0.034482758620689655,0.0,0.04956896551724138,0.05603448275862069,0.0,0.0,0.05603448275862069,0.023706896551724137,0.0,0.0,0.04310344827586207,0.05603448275862069,0.017241379310344827,0.0,0.0,0.032327586206896554,0.0,0.021551724137931036,0.05603448275862069,0.008620689655172414,0.0,0.023706896551724137,0.05603448275862069,0.0,0.00646551724137931,0.04525862068965517,0.05603448275862069,0.036637931034482756,0.0,0.0,0.0,0.0021551724137931034,0.0,0.0,0.0,0.008620689655172414,0.0,0.0,0.0,0.0,0.0,0.0,0.0,0.0,0.05603448275862069
O1,0.0008547008547008547,0.024786324786324785,0.017948717948717947,0.0,0.0,0.03675213675213675,0.0,0.02735042735042735,0.03333333333333333,0.01282051282051282,0.03076923076923077,0.01452991452991453,0.009401709401709401,0.04188034188034188,0.0,0.04786324786324787,0.0,0.0,0.0017094017094017094,0.0,0.02564102564102564,0.002564102564102564,0.0,0.0,0.04786324786324787,0.0,0.0017094017094017094,0.017094017094017096,0.03333333333333333,0.0,0.0,0.0,0.0,0.022222222222222223,0.0,0.04786324786324787,0.0,0.0,0.009401709401709401,0.02564102564102564,0.011965811965811967,0.0,0.03162393162393162,0.01282051282051282,0.0,0.0,0.005128205128205128,0.0,0.023076923076923078,0.04871794871794872,0.015384615384615385,0.04871794871794872,0.019658119658119658,0.04957264957264957,0.011965811965811967,0.03076923076923077,0.044444444444444446,0.009401709401709401,0.042735042735042736,0.013675213675213675,0.0,0.019658119658119658,0.02735042735042735,0.0
Oz,0.0,0.0,0.0,0.0,0.0,0.0,0.0,0.0,0.0,0.0,0.0,0.0,0.0,0.0,0.0,0.0,0.0,0.0,0.0,0.0,0.0,0.0,0.0,0.0,0.0,0.0,0.0,0.0,0.0,0.0,0.0,0.0,0.0,0.0,0.0,0.0,0.0,0.0,0.0,0.0,0.0,0.0,0.0,0.0,0.0,0.0,0.0,0.0,0.0,0.0,0.0,0.0,0.0,0.0,0.0,0.0,0.0,0.0,0.0,0.0,0.0,0.0,0.0,0.0
O2,0.010922330097087379,0.0036407766990291263,0.0,0.0,0.04247572815533981,0.0024271844660194173,0.06432038834951456,0.007281553398058253,0.007281553398058253,0.0,0.007281553398058253,0.0048543689320388345,0.012135922330097087,0.0,0.03033980582524272,0.0,0.0,0.08131067961165049,0.014563106796116505,0.03398058252427184,0.0,0.02912621359223301,0.07402912621359223,0.0,0.0024271844660194173,0.038834951456310676,0.027912621359223302,0.0,0.0,0.025485436893203883,0.050970873786407765,0.009708737864077669,0.0,0.0,0.019417475728155338,0.0,0.01820388349514563,0.044902912621359224,0.006067961165048544,0.0012135922330097086,0.014563106796116505,0.04611650485436893,0.0,0.010922330097087379,0.04611650485436893,0.03398058252427184,0.04733009708737864,0.0,0.0,0.0,0.00849514563106796,0.0024271844660194173,0.006067961165048544,0.0,0.02063106796116505,0.006067961165048544,0.0,0.007281553398058253,0.0048543689320388345,0.0,0.0,0.0,0.0,0.07402912621359223
P4,0.0,0.0,0.008746355685131196,0.0,0.023323615160349854,0.0,0.04081632653061224,0.0,0.0,0.02040816326530612,0.0,0.03206997084548105,0.0,0.014577259475218658,0.04081632653061224,0.0,0.0,0.043731778425655975,0.05539358600583091,0.014577259475218658,0.0,0.061224489795918366,0.04081632653061224,0.0,0.0,0.052478134110787174,0.014577259475218658,0.011661807580174927,0.008746355685131196,0.05539358600583091,0.043731778425655975,0.011661807580174927,0.0,0.008746355685131196,0.052478134110787174,0.0058309037900874635,0.014577259475218658,0.04664723032069971,0.03498542274052478,0.0,0.05539358600583091,0.04956268221574344,0.0,0.0,0.023323615160349854,0.04081632653061224,0.014577259475218658,0.0,0.0,0.0029154518950437317,0.0,0.0,0.0,0.0058309037900874635,0.0,0.0,0.0058309037900874635,0.0,0.0,0.0058309037900874635,0.0,0.0,0.0,0.037900874635568516
P8,0.019572953736654804,0.008896797153024912,0.0,0.0,0.0498220640569395,0.0071174377224199285,0.046263345195729534,0.014234875444839857,0.014234875444839857,0.0,0.014234875444839857,0.0,0.021352313167259787,0.0,0.023131672597864767,0.0035587188612099642,0.0,0.04804270462633452,0.0071174377224199285,0.0498220640569395,0.0035587188612099642,0.021352313167259787,0.0498220640569395,0.0,0.0071174377224199285,0.03558718861209965,0.04448398576512456,0.0,0.0,0.01601423487544484,0.04448398576512456,0.014234875444839857,0.0,0.0,0.010676156583629894,0.0,0.026690391459074734,0.042704626334519574,0.0017793594306049821,0.005338078291814947,0.005338078291814947,0.042704626334519574,0.0,0.019572953736654804,0.051601423487544484,0.028469750889679714,0.05338078291814947,0.0,0.0,0.0,0.01601423487544484,0.0071174377224199285,0.012455516014234875,0.0017793594306049821,0.021352313167259787,0.012455516014234875,0.0,0.014234875444839857,0.010676156583629894,0.0,0.0,0.0,0.0,0.051601423487544484
TP10,0.0012315270935960591,0.03571428571428571,0.01847290640394089,0.0,0.0,0.038177339901477834,0.0,0.03201970443349754,0.034482758620689655,0.011083743842364532,0.0332512315270936,0.013546798029556651,0.013546798029556651,0.029556650246305417,0.0,0.038177339901477834,0.0,0.0,0.0,0.0,0.03694581280788178,0.0,0.0,0.0,0.038177339901477834,0.0,0.0024630541871921183,0.017241379310344827,0.027093596059113302,0.0,0.0,0.0,0.0,0.024630541871921183,0.0,0.03571428571428571,0.0,0.0,0.006157635467980296,0.03694581280788178,0.009852216748768473,0.0,0.03571428571428571,0.01847290640394089,0.0,0.0,0.007389162561576354,0.0,0.029556650246305417,0.03694581280788178,0.022167487684729065,0.038177339901477834,0.02832512315270936,0.038177339901477834,0.017241379310344827,0.034482758620689655,0.034482758620689655,0.013546798029556651,0.038177339901477834,0.012315270935960592,0.0,0.02586206896551724,0.034482758620689655,0.0
CP6,0.0017793594306049821,0.0,0.0071174377224199285,0.0,0.03558718861209965,0.0,0.046263345195729534,0.0,0.0,0.014234875444839857,0.0,0.021352313167259787,0.0035587188612099642,0.010676156583629894,0.042704626334519574,0.0017793594306049821,0.0,0.04804270462633452,0.03558718861209965,0.026690391459074734,0.0,0.05693950177935943,0.046263345195729534,0.0,0.0017793594306049821,0.05338078291814947,0.017793594306049824,0.008896797153024912,0.0071174377224199285,0.046263345195729534,0.04804270462633452,0.012455516014234875,0.0,0.0071174377224199285,0.03558718861209965,0.005338078291814947,0.014234875444839857,0.0498220640569395,0.023131672597864767,0.0,0.03558718861209965,0.051601423487544484,0.0017793594306049821,0.0017793594306049821,0.03558718861209965,0.046263345195729534,0.028469750889679714,0.0,0.0,0.0035587188612099642,0.0,0.0017793594306049821,0.0,0.005338078291814947,0.0035587188612099642,0.0,0.005338078291814947,0.0,0.0,0.005338078291814947,0.0,0.0,0.0,0.04448398576512456
CP2,0.012135922330097087,0.0048543689320388345,0.0,0.0,0.04247572815533981,0.0036407766990291263,0.06310679611650485,0.00849514563106796,0.00849514563106796,0.0,0.00849514563106796,0.0036407766990291263,0.013349514563106795,0.0,0.02912621359223301,0.0012135922330097086,0.0,0.07160194174757281,0.013349514563106795,0.03519417475728155,0.0012135922330097086,0.027912621359223302,0.07160194174757281,0.0,0.0036407766990291263,0.03762135922330097,0.02912621359223301,0.0,0.0,0.024271844660194174,0.04975728155339806,0.009708737864077669,0.0,0.0,0.01820388349514563,0.0,0.01820388349514563,0.043689320388349516,0.0048543689320388345,0.0024271844660194173,0.013349514563106795,0.044902912621359224,0.0,0.012135922330097087,0.04733009708737864,0.032766990291262135,0.04854368932038835,0.0,0.0,0.0,0.009708737864077669,0.0036407766990291263,0.007281553398058253,0.0,0.021844660194174758,0.007281553398058253,0.0,0.00849514563106796,0.006067961165048544,0.0,0.0,0.0,0.0,0.07524271844660194
Cz,0.0,0.0,0.0,0.0,0.0,0.0,0.0,0.0,0.0,0.0,0.0,0.0,0.0,0.0,0.0,0.0,0.0,0.0,0.0,0.0,0.0,0.0,0.0,0.0,0.0,0.0,0.0,0.0,0.0,0.0,0.0,0.0,0.0,0.0,0.0,0.0,0.0,0.0,0.0,0.0,0.0,0.0,0.0,0.0,0.0,0.0,0.0,0.0,0.0,0.0,0.0,0.0,0.0,0.0,0.0,0.0,0.0,0.0,0.0,0.0,0.0,0.0,0.0,0.0
C4,0.0024330900243309003,0.025141930251419302,0.0170316301703163,0.0,0.0008110300081103001,0.0364963503649635,0.0,0.029197080291970802,0.034874290348742905,0.012165450121654502,0.032441200324412,0.013787510137875101,0.010543390105433901,0.039740470397404706,0.0,0.047039740470397405,0.0,0.0,0.0016220600162206002,0.0016220600162206002,0.025141930251419302,0.0024330900243309003,0.0008110300081103001,0.0,0.04866180048661801,0.0,0.0032441200324412004,0.016220600162206,0.031630170316301706,0.0,0.0,0.0,0.0,0.021086780210867802,0.0,0.0454176804541768,0.0,0.0,0.008921330089213302,0.025952960259529603,0.0113544201135442,0.0,0.030008110300081103,0.013787510137875101,0.0016220600162206002,0.0,0.006488240064882401,0.0,0.021897810218978103,0.046228710462287104,0.016220600162206,0.0494728304947283,0.0202757502027575,0.04866180048661801,0.012976480129764802,0.030819140308191405,0.042173560421735604,0.010543390105433901,0.043795620437956206,0.012976480129764802,0.0,0.0186536901865369,0.025952960259529603,0.0016220600162206002
T8,0.0065040650406504065,0.0,0.0,0.0,0.04552845528455285,0.0,0.055284552845528454,0.0016260162601626016,0.0016260162601626016,0.004878048780487805,0.0016260162601626016,0.011382113821138212,0.008130081300813009,0.0016260162601626016,0.04065040650406504,0.0,0.0,0.056910569105691054,0.024390243902439025,0.03739837398373984,0.0,0.04390243902439024,0.055284552845528454,0.0,0.0,0.056910569105691054,0.02926829268292683,0.0,0.0,0.03902439024390244,0.056910569105691054,0.013008130081300813,0.0,0.0,0.030894308943089432,0.0,0.01788617886178862,0.05853658536585366,0.013008130081300813,0.0,0.024390243902439025,0.06016260162601626,0.0,0.0065040650406504065,0.04552845528455285,0.04552845528455285,0.03902439024390244,0.0,0.0,0.0,0.0032520325203252032,0.0,0.0,0.0,0.008130081300813009,0.0,0.0,0.0016260162601626016,0.0,0.0,0.0,0.0,0.0,0.05365853658536585
FT10,0.020754716981132074,0.013207547169811321,0.0,0.0,0.04339622641509434,0.011320754716981131,0.03962264150943396,0.018867924528301886,0.018867924528301886,0.0,0.018867924528301886,0.0,0.026415094339622643,0.0,0.016981132075471698,0.007547169811320755,0.0,0.04150943396226415,0.007547169811320755,0.04339622641509434,0.007547169811320755,0.013207547169811321,0.04339622641509434,0.0,0.011320754716981131,0.02830188679245283,0.04716981132075472,0.0,0.0,0.013207547169811321,0.03773584905660377,0.01509433962264151,0.0,0.0,0.011320754716981131,0.0018867924528301887,0.02830188679245283,0.035849056603773584,0.0018867924528301887,0.009433962264150943,0.005660377358490566,0.035849056603773584,0.0018867924528301887,0.024528301886792454,0.045283018867924525,0.020754716981132074,0.0509433962264151,0.0,0.0,0.0037735849056603774,0.020754716981132074,0.011320754716981131,0.016981132075471698,0.005660377358490566,0.026415094339622643,0.016981132075471698,0.0,0.018867924528301886,0.01509433962264151,0.0,0.0,0.0,0.0,0.045283018867924525
FC6,0.0,0.02095238095238095,0.04,0.0,0.0,0.02857142857142857,0.0,0.015238095238095238,0.01904761904761905,0.03619047619047619,0.017142857142857144,0.04,0.0,0.04380952380952381,0.0,0.03428571428571429,0.0,0.0,0.011428571428571429,0.0,0.022857142857142857,0.013333333333333334,0.0,0.0,0.03428571428571429,0.0038095238095238095,0.0,0.0419047619047619,0.04,0.005714285714285714,0.0,0.0,0.0,0.04,0.0038095238095238095,0.0380952380952381,0.0,0.0,0.02857142857142857,0.022857142857142857,0.03428571428571429,0.0019047619047619048,0.03428571428571429,0.0,0.0,0.0,0.0,0.0,0.030476190476190476,0.03619047619047619,0.0,0.03428571428571429,0.009523809523809525,0.0380952380952381,0.0,0.01904761904761905,0.0380952380952381,0.0,0.02857142857142857,0.03238095238095238,0.0,0.02857142857142857,0.03238095238095238,0.0
FC2,0.0,0.022592152199762187,0.027348394768133173,0.0,0.0,0.030915576694411414,0.0,0.019024970273483946,0.023781212841854936,0.02140309155766944,0.020214030915576695,0.023781212841854936,0.0011890606420927466,0.04875148632580262,0.0,0.04399524375743163,0.0,0.0,0.005945303210463734,0.0,0.023781212841854936,0.007134363852556481,0.0,0.0,0.04399524375743163,0.0011890606420927466,0.0,0.027348394768133173,0.04637336504161712,0.0023781212841854932,0.0,0.0,0.0,0.03329369797859691,0.0011890606420927466,0.04637336504161712,0.0,0.0,0.016646848989298454,0.023781212841854936,0.020214030915576695,0.0,0.034482758620689655,0.005945303210463734,0.0,0.0,0.0,0.0,0.028537455410225922,0.04518430439952437,0.009512485136741973,0.04399524375743163,0.015457788347205707,0.04637336504161712,0.0047562425683709865,0.02140309155766944,0.04637336504161712,0.0011890606420927466,0.036860879904875146,0.020214030915576695,0.0,0.027348394768133173,0.029726516052318668,0.0
F4,0.002197802197802198,0.0,0.0,0.0,0.03736263736263736,0.0,0.05054945054945055,0.0,0.0,0.008791208791208791,0.0,0.017582417582417582,0.004395604395604396,0.004395604395604396,0.05054945054945055,0.0,0.0,0.05274725274725275,0.035164835164835165,0.026373626373626374,0.0,0.05714285714285714,0.05054945054945055,0.0,0.0,0.05934065934065934,0.017582417582417582,0.002197802197802198,0.0,0.054945054945054944,0.05274725274725275,0.015384615384615385,0.0,0.0,0.04395604395604396,0.0,0.017582417582417582,0.054945054945054944,0.01978021978021978,0.0,0.035164835164835165,0.05714285714285714,0.0,0.002197802197802198,0.03736263736263736,0.05054945054945055,0.02857142857142857,0.0,0.0,0.0,0.0,0.0,0.0,0.0,0.004395604395604396,0.0,0.0,0.0,0.0,0.0,0.0,0.0,0.0,0.04835164835164835
F8,0.009900990099009901,0.0014144271570014145,0.0,0.0,0.04667609618104668,0.0,0.06223479490806223,0.005657708628005658,0.005657708628005658,0.0,0.005657708628005658,0.005657708628005658,0.011315417256011316,0.0,0.03536067892503536,0.0,0.0,0.06223479490806223,0.016973125884016973,0.036775106082036775,0.0,0.033946251768033946,0.06223479490806223,0.0,0.0,0.04526166902404526,0.0297029702970297,0.0,0.0,0.0297029702970297,0.0594059405940594,0.011315417256011316,0.0,0.0,0.02263083451202263,0.0,0.019801980198019802,0.05233380480905234,0.007072135785007072,0.0,0.016973125884016973,0.05374823196605375,0.0,0.009900990099009901,0.05091937765205092,0.039603960396039604,0.04809052333804809,0.0,0.0,0.0,0.007072135785007072,0.0,0.004243281471004243,0.0,0.016973125884016973,0.004243281471004243,0.0,0.005657708628005658,0.002828854314002829,0.0,0.0,0.0,0.0,0.06082036775106082
Fp2,0.018072289156626505,0.0,0.0,0.0,0.04819277108433735,0.0,0.04819277108433735,0.0,0.0,0.0,0.0,0.0,0.024096385542168676,0.0,0.04216867469879518,0.0,0.0,0.04819277108433735,0.012048192771084338,0.04819277108433735,0.0,0.030120481927710843,0.04819277108433735,0.0,0.0,0.04819277108433735,0.04819277108433735,0.0,0.0,0.030120481927710843,0.04819277108433735,0.04216867469879518,0.0,0.0,0.024096385542168676,0.0,0.04819277108433735,0.04819277108433735,0.0,0.0,0.006024096385542169,0.04819277108433735,0.0,0.018072289156626505,0.04819277108433735,0.04819277108433735,0.04819277108433735,0.0,0.0,0.0,0.006024096385542169,0.0,0.0,0.0,0.024096385542168676,0.0,0.0,0.0,0.0,0.0,0.0,0.0,0.0,0.04819277108433735
AF7,0.0,0.0,0.0,0.0,0.0,0.0,0.0,0.0,0.0,0.0,0.0,0.0,0.0,0.0,0.0,0.0,0.0,0.0,0.0,0.0,0.0,0.0,0.0,0.0,0.0,0.0,0.0,0.0,0.0,0.0,0.0,0.0,0.0,0.0,0.0,0.0,0.0,0.0,0.0,0.0,0.0,0.0,0.0,0.0,0.0,0.0,0.0,0.0,0.0,0.0,0.0,0.0,0.0,0.0,0.0,0.0,0.0,0.0,0.0,0.0,0.0,0.0,0.0,0.0
AF3,0.0,0.025297619047619048,0.03422619047619048,0.0,0.0,0.03125,0.0,0.020833333333333332,0.023809523809523808,0.026785714285714284,0.022321428571428572,0.02976190476190476,0.0,0.041666666666666664,0.0,0.03571428571428571,0.0,0.0,0.00744047619047619,0.0,0.026785714285714284,0.008928571428571428,0.0,0.0,0.03571428571428571,0.001488095238095238,0.0,0.03422619047619048,0.04017857142857143,0.002976190476190476,0.0,0.0,0.0,0.04017857142857143,0.001488095238095238,0.03869047619047619,0.0,0.0,0.020833333333333332,0.026785714285714284,0.025297619047619048,0.0,0.03571428571428571,0.004464285714285714,0.0,0.0,0.0,0.0,0.03273809523809524,0.03720238095238095,0.008928571428571428,0.03571428571428571,0.01636904761904762,0.03869047619047619,0.002976190476190476,0.023809523809523808,0.03869047619047619,0.0,0.03125,0.025297619047619048,0.0,0.03125,0.03422619047619048,0.0
AFz,0.0,0.0,0.0,0.0,0.03333333333333333,0.0,0.05,0.0,0.0,0.008333333333333333,0.0,0.019444444444444445,0.002777777777777778,0.002777777777777778,0.05,0.0,0.0,0.05277777777777778,0.041666666666666664,0.019444444444444445,0.0,0.058333333333333334,0.05,0.0,0.0,0.058333333333333334,0.019444444444444445,0.0,0.0,0.058333333333333334,0.05277777777777778,0.016666666666666666,0.0,0.0,0.05277777777777778,0.0,0.019444444444444445,0.05555555555555555,0.022222222222222223,0.0,0.041666666666666664,0.058333333333333334,0.0,0.0,0.03333333333333333,0.05,0.022222222222222223,0.0,0.0,0.0,0.0,0.0,0.0,0.0,0.002777777777777778,0.0,0.0,0.0,0.0,0.0,0.0,0.0,0.0,0.04722222222222222
F1,0.0,0.023029229406554472,0.02037201062887511,0.0,0.0,0.0354295837023915,0.0,0.024800708591674048,0.03100088573959256,0.015057573073516387,0.0283436669619132,0.01682905225863596,0.0070859167404783,0.048715677590788306,0.0,0.046058458813108945,0.0,0.0,0.00354295837023915,0.0,0.023914968999114262,0.0044286979627989375,0.0,0.0,0.046058458813108945,0.0,0.0,0.01948627103631532,0.03631532329495128,0.0008857395925597874,0.0,0.0,0.0,0.024800708591674048,0.0,0.05137289636846767,0.0,0.0,0.011514614703277236,0.023914968999114262,0.0141718334809566,0.0,0.03188662533215235,0.010628875110717449,0.0,0.0,0.002657218777679362,0.0,0.023914968999114262,0.047829937998228524,0.013286093888396812,0.046944198405668734,0.01771479185119575,0.05137289636846767,0.00974313551815766,0.0283436669619132,0.046944198405668734,0.0070859167404783,0.04074402125775022,0.015057573073516387,0.0,0.02037201062887511,0.0283436669619132,0.0
F5,0.02564102564102564,0.008547008547008548,0.0,0.0,0.045584045584045586,0.005698005698005698,0.039886039886039885,0.017094017094017096,0.017094017094017096,0.0,0.017094017094017096,0.0,0.02849002849002849,0.0,0.02564102564102564,0.0,0.0,0.042735042735042736,0.011396011396011397,0.045584045584045586,0.0,0.019943019943019943,0.045584045584045586,0.0,0.005698005698005698,0.02849002849002849,0.045584045584045586,0.0,0.0,0.019943019943019943,0.037037037037037035,0.022792022792022793,0.0,0.0,0.017094017094017096,0.0,0.042735042735042736,0.03418803418803419,0.002849002849002849,0.002849002849002849,0.008547008547008548,0.03418803418803419,0.0,0.02564102564102564,0.045584045584045586,0.02849002849002849,0.045584045584045586,0.0,0.0,0.0,0.019943019943019943,0.005698005698005698,0.014245014245014245,0.0,0.02849002849002849,0.014245014245014245,0.0,0.017094017094017096,0.011396011396011397,0.0,0.0,0.0,0.0,0.045584045584045586
FT7,0.008982035928143712,0.0,0.0,0.0,0.04790419161676647,0.0,0.058383233532934134,0.004491017964071856,0.004491017964071856,0.0014970059880239522,0.004491017964071856,0.0074850299401197605,0.010479041916167664,0.0,0.0374251497005988,0.0,0.0,0.059880239520958084,0.019461077844311378,0.0374251497005988,0.0,0.0374251497005988,0.058383233532934134,0.0,0.0,0.04940119760479042,0.029940119760479042,0.0,0.0,0.03293413173652695,0.059880239520958084,0.011976047904191617,0.0,0.0,0.025449101796407185,0.0,0.019461077844311378,0.05688622754491018,0.008982035928143712,0.0,0.019461077844311378,0.058383233532934134,0.0,0.008982035928143712,0.04940119760479042,0.041916167664670656,0.04341317365269461,0.0,0.0,0.0,0.005988023952095809,0.0,0.0029940119760479044,0.0,0.010479041916167664,0.0029940119760479044,0.0,0.004491017964071856,0.0014970059880239522,0.0,0.0,0.0,0.0,0.05688622754491018
FC3,0.0,0.004728132387706856,0.028368794326241134,0.0,0.004728132387706856,0.014184397163120567,0.016548463356973995,0.0,0.002364066193853428,0.037825059101654845,0.0,0.04728132387706856,0.0,0.03309692671394799,0.016548463356973995,0.02127659574468085,0.0,0.018912529550827423,0.03546099290780142,0.004728132387706856,0.0070921985815602835,0.037825059101654845,0.016548463356973995,0.0,0.02127659574468085,0.026004728132387706,0.004728132387706856,0.030732860520094562,0.028368794326241134,0.028368794326241134,0.018912529550827423,0.002364066193853428,0.0,0.028368794326241134,0.026004728132387706,0.026004728132387706,0.004728132387706856,0.02127659574468085,0.04964539007092199,0.0070921985815602835,0.054373522458628844,0.02364066193853428,0.02127659574468085,0.0,0.004728132387706856,0.016548463356973995,0.004728132387706856,0.0,0.016548463356973995,0.02364066193853428,0.0,0.02127659574468085,0.0,0.026004728132387706,0.0,0.002364066193853428,0.026004728132387706,0.0,0.014184397163120567,0.026004728132387706,0.0,0.014184397163120567,0.018912529550827423,0.014184397163120567
C1,0.0023923444976076554,0.03588516746411483,0.017942583732057416,0.0,0.0,0.03827751196172249,0.0,0.03229665071770335,0.034688995215311005,0.01076555023923445,0.03349282296650718,0.013157894736842105,0.014354066985645933,0.028708133971291867,0.0,0.03827751196172249,0.0,0.0,0.0,0.0011961722488038277,0.03708133971291866,0.0,0.0,0.0,0.03827751196172249,0.0,0.0035885167464114833,0.01674641148325359,0.02631578947368421,0.0,0.0,0.0,0.0,0.023923444976076555,0.0,0.034688995215311005,0.0,0.0,0.005980861244019139,0.03708133971291866,0.009569377990430622,0.0,0.034688995215311005,0.019138755980861243,0.0011961722488038277,0.0,0.008373205741626795,0.0,0.028708133971291867,0.03588516746411483,0.022727272727272728,0.03827751196172249,0.028708133971291867,0.03708133971291866,0.017942583732057416,0.034688995215311005,0.03349282296650718,0.014354066985645933,0.03827751196172249,0.011961722488038277,0.0,0.025119617224880382,0.03349282296650718,0.0011961722488038277
C5,0.0,0.007898894154818325,0.023696682464454975,0.0,0.01263823064770932,0.014218009478672985,0.022116903633491312,0.00315955766192733,0.00631911532385466,0.030015797788309637,0.004739336492890996,0.036334913112164295,0.0,0.026856240126382307,0.022116903633491312,0.018957345971563982,0.0,0.023696682464454975,0.0315955766192733,0.00631911532385466,0.009478672985781991,0.036334913112164295,0.022116903633491312,0.0,0.018957345971563982,0.02843601895734597,0.00631911532385466,0.02527646129541864,0.023696682464454975,0.030015797788309637,0.023696682464454975,0.004739336492890996,0.0,0.023696682464454975,0.02843601895734597,0.022116903633491312,0.00631911532385466,0.02527646129541864,0.03475513428120063,0.009478672985781991,0.04897314375987362,0.026856240126382307,0.018957345971563982,0.0,0.01263823064770932,0.022116903633491312,0.00631911532385466,0.0,0.01579778830963665,0.020537124802527645,0.0,0.018957345971563982,0.0,0.022116903633491312,0.0,0.00631911532385466,0.022116903633491312,0.0,0.014218009478672985,0.022116903633491312,0.0,0.014218009478672985,0.017377567140600316,0.020537124802527645
TP7,0.008733624454148471,0.0,0.0,0.0,0.046579330422125184,0.0,0.05822416302765648,0.004366812227074236,0.004366812227074236,0.002911208151382824,0.004366812227074236,0.008733624454148471,0.010189228529839884,0.0,0.036390101892285295,0.0,0.0,0.05967976710334789,0.020378457059679767,0.036390101892285295,0.0,0.03784570596797671,0.05822416302765648,0.0,0.0,0.049490538573508006,0.02911208151382824,0.0,0.0,0.033478893740902474,0.05967976710334789,0.011644832605531296,0.0,0.0,0.026200873362445413,0.0,0.018922852983988356,0.056768558951965066,0.010189228529839884,0.0,0.020378457059679767,0.05822416302765648,0.0,0.008733624454148471,0.049490538573508006,0.040756914119359534,0.043668122270742356,0.0,0.0,0.0,0.005822416302765648,0.0,0.002911208151382824,0.0,0.011644832605531296,0.002911208151382824,0.0,0.004366812227074236,0.001455604075691412,0.0,0.0,0.0,0.0,0.056768558951965066
CP3,0.0,0.028824833702882482,0.02328159645232816,0.0,0.0,0.03547671840354767,0.0,0.025498891352549888,0.028824833702882482,0.01662971175166297,0.026607538802660754,0.018847006651884702,0.008869179600886918,0.036585365853658534,0.0,0.03991130820399113,0.0,0.0,0.0022172949002217295,0.0,0.02993348115299335,0.0033259423503325942,0.0,0.0,0.03991130820399113,0.0,0.0,0.022172949002217297,0.03436807095343681,0.0,0.0,0.0,0.0,0.028824833702882482,0.0,0.041019955654102,0.0,0.0,0.012195121951219513,0.02993348115299335,0.015521064301552107,0.0,0.038802660753880266,0.013303769401330377,0.0,0.0,0.0033259423503325942,0.0,0.02993348115299335,0.041019955654102,0.01662971175166297,0.03991130820399113,0.022172949002217297,0.041019955654102,0.012195121951219513,0.02771618625277162,0.041019955654102,0.008869179600886918,0.036585365853658534,0.017738359201773836,0.0,0.025498891352549888,0.03547671840354767,0.0
P1,0.016366612111292964,0.03273322422258593,0.0,0.0,0.01309328968903437,0.031096563011456628,0.009819967266775777,0.03764320785597381,0.03764320785597381,0.0,0.03764320785597381,0.0,0.03273322422258593,0.014729950900163666,0.0016366612111292963,0.027823240589198037,0.0,0.011456628477905073,0.0,0.014729950900163666,0.027823240589198037,0.0,0.01309328968903437,0.0,0.031096563011456628,0.0032733224222585926,0.01800327332242226,0.0,0.011456628477905073,0.0,0.008183306055646482,0.0016366612111292963,0.0,0.008183306055646482,0.0,0.022913256955810146,0.011456628477905073,0.006546644844517185,0.0,0.029459901800327332,0.0,0.006546644844517185,0.022913256955810146,0.03927986906710311,0.014729950900163666,0.0032733224222585926,0.024549918166939442,0.0,0.014729950900163666,0.024549918166939442,0.03927986906710311,0.031096563011456628,0.03600654664484452,0.02618657937806874,0.03764320785597381,0.03600654664484452,0.02127659574468085,0.029459901800327332,0.03436988543371522,0.0,0.0,0.009819967266775777,0.02127659574468085,0.014729950900163666
P5,0.016129032258064516,0.007331378299120235,0.0,0.0,0.04985337243401759,0.005865102639296188,0.05278592375366569,0.011730205278592375,0.011730205278592375,0.0,0.011730205278592375,0.0,0.017595307917888565,0.0,0.026392961876832845,0.002932551319648094,0.0,0.054252199413489736,0.007331378299120235,0.04252199413489736,0.002932551319648094,0.024926686217008796,0.05571847507331378,0.0,0.005865102639296188,0.036656891495601175,0.036656891495601175,0.0,0.0,0.020527859237536656,0.051319648093841645,0.011730205278592375,0.0,0.0,0.013196480938416423,0.0,0.021994134897360705,0.04398826979472141,0.001466275659824047,0.004398826979472141,0.007331378299120235,0.045454545454545456,0.0,0.016129032258064516,0.05571847507331378,0.030791788856304986,0.054252199413489736,0.0,0.0,0.0,0.013196480938416423,0.005865102639296188,0.010263929618768328,0.001466275659824047,0.021994134897360705,0.010263929618768328,0.0,0.011730205278592375,0.008797653958944282,0.0,0.0,0.0,0.0,0.05718475073313783
PO7,0.007797270955165692,0.0,0.0,0.0,0.04678362573099415,0.0,0.056530214424951264,0.001949317738791423,0.001949317738791423,0.0,0.001949317738791423,0.005847953216374269,0.009746588693957114,0.0,0.04678362573099415,0.0,0.0,0.056530214424951264,0.021442495126705652,0.037037037037037035,0.0,0.04483430799220273,0.056530214424951264,0.0,0.0,0.05458089668615984,0.02729044834307992,0.0,0.0,0.03898635477582846,0.056530214424951264,0.015594541910331383,0.0,0.0,0.029239766081871343,0.0,0.021442495126705652,0.056530214424951264,0.007797270955165692,0.0,0.021442495126705652,0.056530214424951264,0.0,0.007797270955165692,0.04678362573099415,0.05263157894736842,0.03898635477582846,0.0,0.0,0.0,0.003898635477582846,0.0,0.0,0.0,0.009746588693957114,0.0,0.0,0.001949317738791423,0.0,0.0,0.0,0.0,0.0,0.056530214424951264
PO3,0.013994910941475827,0.013994910941475827,0.0,0.0,0.03816793893129771,0.01272264631043257,0.043256997455470736,0.017811704834605598,0.017811704834605598,0.0,0.017811704834605598,0.0,0.022900763358778626,0.0,0.017811704834605598,0.010178117048346057,0.0,0.04580152671755725,0.005089058524173028,0.03689567430025445,0.010178117048346057,0.01653944020356234,0.047073791348600506,0.0,0.01272264631043257,0.026717557251908396,0.03307888040712468,0.0,0.0,0.01272264631043257,0.039440203562340966,0.010178117048346057,0.0,0.0,0.007633587786259542,0.006361323155216285,0.019083969465648856,0.03307888040712468,0.001272264631043257,0.011450381679389313,0.003816793893129771,0.03435114503816794,0.006361323155216285,0.021628498727735368,0.043256997455470736,0.021628498727735368,0.058524173027989825,0.0,0.0,0.007633587786259542,0.019083969465648856,0.01272264631043257,0.01653944020356234,0.008905852417302799,0.03435114503816794,0.01653944020356234,0.005089058524173028,0.017811704834605598,0.015267175572519083,0.0,0.0,0.0,0.005089058524173028,0.04961832061068702
POz,0.0,0.0,0.0,0.0,0.0,0.0,0.0,0.0,0.0,0.0,0.0,0.0,0.0,0.0,0.0,0.0,0.0,0.0,0.0,0.0,0.0,0.0,0.0,0.0,0.0,0.0,0.0,0.0,0.0,0.0,0.0,0.0,0.0,0.0,0.0,0.0,0.0,0.0,0.0,0.0,0.0,0.0,0.0,0.0,0.0,0.0,0.0,0.0,0.0,0.0,0.0,0.0,0.0,0.0,0.0,0.0,0.0,0.0,0.0,0.0,0.0,0.0,0.0,0.0
PO4,0.0,0.029745042492917848,0.026912181303116147,0.0,0.0,0.03541076487252125,0.0,0.025495750708215296,0.028328611898016998,0.018413597733711047,0.026912181303116147,0.021246458923512748,0.00424929178470255,0.03824362606232295,0.0,0.03824362606232295,0.0,0.0,0.0,0.0,0.031161473087818695,0.00141643059490085,0.0,0.0,0.03824362606232295,0.0,0.0,0.025495750708215296,0.036827195467422094,0.0,0.0,0.0,0.0,0.0339943342776204,0.0,0.03824362606232295,0.0,0.0,0.012747875354107648,0.031161473087818695,0.0169971671388102,0.0,0.03824362606232295,0.009915014164305949,0.0,0.0,0.0,0.0,0.036827195467422094,0.03824362606232295,0.014164305949008499,0.03824362606232295,0.021246458923512748,0.03824362606232295,0.0084985835694051,0.028328611898016998,0.03824362606232295,0.00424929178470255,0.03541076487252125,0.019830028328611898,0.0,0.032577903682719546,0.03824362606232295,0.0
PO8,0.0,0.02383053839364519,0.019417475728155338,0.0,0.0,0.03618711385701677,0.0,0.02559576345984113,0.03177405119152692,0.01412180052956752,0.02912621359223301,0.01588702559576346,0.00794351279788173,0.04501323918799647,0.0,0.04677846425419241,0.0,0.0,0.00264783759929391,0.0,0.02471315092674316,0.00353045013239188,0.0,0.0,0.04677846425419241,0.0,0.0,0.018534863195057368,0.0353045013239188,0.0,0.0,0.0,0.0,0.02383053839364519,0.0,0.05030891438658429,0.0,0.0,0.01059135039717564,0.02471315092674316,0.01323918799646955,0.0,0.03265666372462489,0.01147396293027361,0.0,0.0,0.00353045013239188,0.0,0.02383053839364519,0.04854368932038835,0.01412180052956752,0.04766107678729038,0.018534863195057368,0.05030891438658429,0.01059135039717564,0.02912621359223301,0.04677846425419241,0.00794351279788173,0.04148278905560459,0.01500441306266549,0.0,0.02030008826125331,0.02824360105913504,0.0
P6,0.012326656394453005,0.03543913713405239,0.004622496147919877,0.0,0.009244992295839754,0.03389830508474576,0.0061633281972265025,0.040061633281972264,0.040061633281972264,0.0,0.040061633281972264,0.0,0.02773497688751926,0.01848998459167951,0.0,0.030816640986132512,0.0,0.007704160246533128,0.0,0.01078582434514638,0.030816640986132512,0.0,0.009244992295839754,0.0,0.03389830508474576,0.0,0.01386748844375963,0.0030816640986132513,0.015408320493066256,0.0,0.004622496147919877,0.0,0.0,0.012326656394453005,0.0,0.026194144838212634,0.007704160246533128,0.0030816640986132513,0.0,0.032357473035439135,0.0,0.0030816640986132513,0.026194144838212634,0.03389830508474576,0.01078582434514638,0.0,0.020030816640986132,0.0,0.01848998459167951,0.02773497688751926,0.03852080123266564,0.03389830508474576,0.03852080123266564,0.029275808936825885,0.032357473035439135,0.03852080123266564,0.02465331278890601,0.02773497688751926,0.03697996918335902,0.0,0.0,0.01386748844375963,0.02465331278890601,0.01078582434514638
P2,0.0024154589371980675,0.0249597423510467,0.016908212560386472,0.0,0.0008051529790660225,0.036231884057971016,0.0,0.029790660225442835,0.03542673107890499,0.012077294685990338,0.033011272141706925,0.013687600644122383,0.010466988727858293,0.040257648953301126,0.0,0.04669887278582931,0.0,0.0,0.001610305958132045,0.001610305958132045,0.0249597423510467,0.0024154589371980675,0.0008051529790660225,0.0,0.04911433172302738,0.0,0.00322061191626409,0.01610305958132045,0.03140096618357488,0.0,0.0,0.0,0.0,0.020933977455716585,0.0,0.04589371980676329,0.0,0.0,0.008856682769726247,0.02576489533011272,0.011272141706924315,0.0,0.029790660225442835,0.013687600644122383,0.001610305958132045,0.0,0.00644122383252818,0.0,0.021739130434782608,0.04589371980676329,0.01610305958132045,0.0499194847020934,0.020128824476650563,0.04911433172302738,0.01288244766505636,0.030595813204508857,0.04186795491143317,0.010466988727858293,0.04428341384863124,0.01288244766505636,0.0,0.018518518518518517,0.02576489533011272,0.001610305958132045
CPz,0.008086253369272238,0.03773584905660377,0.01078167115902965,0.0,0.005390835579514825,0.03638814016172507,0.0026954177897574125,0.03908355795148248,0.03908355795148248,0.0026954177897574125,0.03908355795148248,0.005390835579514825,0.0215633423180593,0.022911051212938006,0.0,0.03369272237196765,0.0,0.004043126684636119,0.0,0.006738544474393531,0.03369272237196765,0.0,0.005390835579514825,0.0,0.03638814016172507,0.0,0.009433962264150943,0.009433962264150943,0.02021563342318059,0.0,0.0013477088948787063,0.0,0.0,0.01752021563342318,0.0,0.029649595687331536,0.004043126684636119,0.0,0.0,0.03504043126684636,0.0013477088948787063,0.0,0.029649595687331536,0.026954177897574125,0.006738544474393531,0.0,0.014824797843665768,0.0,0.022911051212938006,0.03099730458221024,0.03099730458221024,0.03638814016172507,0.03773584905660377,0.03234501347708895,0.025606469002695417,0.03908355795148248,0.02830188679245283,0.0215633423180593,0.03908355795148248,0.004043126684636119,0.0,0.018867924528301886,0.02830188679245283,0.006738544474393531
CP4,0.0,0.02347024308466052,0.019279128248113998,0.0,0.0,0.03520536462699078,0.0,0.026823134953897737,0.03269069572506287,0.014249790444258172,0.030176026823134954,0.01592623637887678,0.008382229673093043,0.04610226320201174,0.0,0.04694048616932104,0.0,0.0,0.003352891869237217,0.0,0.024308466051969825,0.004191114836546521,0.0,0.0,0.04694048616932104,0.0,0.0008382229673093043,0.018440905280804692,0.03436714165968147,0.0008382229673093043,0.0,0.0,0.0,0.02347024308466052,0.0,0.050293378038558254,0.0,0.0,0.010896898575020955,0.024308466051969825,0.013411567476948869,0.0,0.03101424979044426,0.01173512154233026,0.0,0.0,0.004191114836546521,0.0,0.022632020117351215,0.04777870913663034,0.014249790444258172,0.04777870913663034,0.018440905280804692,0.051969823973176864,0.010896898575020955,0.02933780385582565,0.04442581726739313,0.008382229673093043,0.041911148365465216,0.014249790444258172,0.0,0.019279128248113998,0.026823134953897737,0.0
TP8,0.01694915254237288,0.029275808936825885,0.0,0.0,0.01386748844375963,0.02773497688751926,0.01694915254237288,0.03389830508474576,0.03697996918335902,0.0,0.03389830508474576,0.0,0.032357473035439135,0.012326656394453005,0.0030816640986132513,0.02465331278890601,0.0,0.020030816640986132,0.0,0.015408320493066256,0.02465331278890601,0.0,0.02157164869029276,0.0,0.02773497688751926,0.004622496147919877,0.01848998459167951,0.0,0.009244992295839754,0.0,0.012326656394453005,0.0030816640986132513,0.0,0.0061633281972265025,0.0,0.020030816640986132,0.012326656394453005,0.007704160246533128,0.0,0.026194144838212634,0.0,0.007704160246533128,0.020030816640986132,0.03852080123266564,0.01694915254237288,0.004622496147919877,0.03543913713405239,0.0,0.012326656394453005,0.02157164869029276,0.03543913713405239,0.02773497688751926,0.032357473035439135,0.023112480739599383,0.05238828967642527,0.032357473035439135,0.01848998459167951,0.02773497688751926,0.030816640986132512,0.0,0.0,0.007704160246533128,0.01848998459167951,0.02465331278890601
C6,0.006072874493927126,0.03340080971659919,0.013157894736842105,0.0,0.004048582995951417,0.039473684210526314,0.0020242914979757085,0.03643724696356275,0.04149797570850203,0.00708502024291498,0.04048582995951417,0.009109311740890687,0.016194331983805668,0.029352226720647773,0.0,0.038461538461538464,0.0,0.003036437246963563,0.0,0.005060728744939271,0.030364372469635626,0.0,0.004048582995951417,0.0,0.04048582995951417,0.0,0.00708502024291498,0.012145748987854251,0.02125506072874494,0.0,0.0010121457489878543,0.0,0.0,0.018218623481781375,0.0,0.0354251012145749,0.003036437246963563,0.0,0.003036437246963563,0.03137651821862348,0.006072874493927126,0.0,0.027327935222672066,0.020242914979757085,0.005060728744939271,0.0,0.011133603238866396,0.0,0.022267206477732792,0.03643724696356275,0.02327935222672065,0.04048582995951417,0.02834008097165992,0.03744939271255061,0.019230769230769232,0.04048582995951417,0.032388663967611336,0.016194331983805668,0.04251012145748988,0.008097165991902834,0.0,0.019230769230769232,0.02631578947368421,0.005060728744939271
C2,0.0,0.023607176581680833,0.021718602455146365,0.0,0.0,0.03493862134088763,0.0,0.0226628895184136,0.02927289896128423,0.016052880075542966,0.02644003777148253,0.01794145420207743,0.0066100094428706326,0.047214353163361665,0.0,0.0453257790368272,0.0,0.0,0.003777148253068933,0.0,0.024551463644948063,0.004721435316336166,0.0,0.0,0.0453257790368272,0.0,0.0,0.02077431539187913,0.03871576959395656,0.0009442870632672333,0.0,0.0,0.0,0.02644003777148253,0.0,0.049102927289896126,0.0,0.0,0.012275731822474031,0.024551463644948063,0.015108593012275733,0.0,0.033050047214353166,0.010387157695939566,0.0,0.0,0.0018885741265344666,0.0,0.025495750708215296,0.047214353163361665,0.013220018885741265,0.04627006610009443,0.01794145420207743,0.049102927289896126,0.009442870632672332,0.02644003777148253,0.04815864022662889,0.0066100094428706326,0.039660056657223795,0.016052880075542966,0.0,0.021718602455146365,0.02927289896128423,0.0
FC4,0.01580135440180587,0.03611738148984198,0.0,0.0,0.011286681715575621,0.033860045146726865,0.006772009029345372,0.040632054176072234,0.040632054176072234,0.0,0.040632054176072234,0.0,0.03837471783295711,0.011286681715575621,0.0,0.029345372460496615,0.0,0.009029345372460496,0.0,0.013544018058690745,0.029345372460496615,0.0,0.011286681715575621,0.0,0.033860045146726865,0.0,0.01805869074492099,0.0,0.006772009029345372,0.0,0.004514672686230248,0.0,0.0,0.002257336343115124,0.0,0.022573363431151242,0.009029345372460496,0.002257336343115124,0.0,0.03160270880361174,0.0,0.002257336343115124,0.022573363431151242,0.040632054176072234,0.013544018058690745,0.0,0.02708803611738149,0.0,0.011286681715575621,0.024830699774266364,0.040632054176072234,0.033860045146726865,0.040632054176072234,0.02708803611738149,0.040632054176072234,0.040632054176072234,0.020316027088036117,0.03837471783295711,0.03837471783295711,0.0,0.0,0.004514672686230248,0.020316027088036117,0.013544018058690745
FT8,0.004125412541254125,0.027227722772277228,0.01485148514851485,0.0,0.0024752475247524753,0.037953795379537955,0.0008250825082508251,0.03217821782178218,0.038778877887788776,0.009900990099009901,0.036303630363036306,0.01155115511551155,0.012376237623762377,0.03547854785478548,0.0,0.04455445544554455,0.0,0.0016501650165016502,0.0,0.0033003300330033004,0.02557755775577558,0.0,0.0024752475247524753,0.0,0.04785478547854786,0.0,0.0049504950495049506,0.014026402640264026,0.028877887788778877,0.0,0.0,0.0,0.0,0.018976897689768978,0.0,0.041254125412541254,0.0016501650165016502,0.0,0.006600660066006601,0.026402640264026403,0.009075907590759076,0.0,0.028877887788778877,0.015676567656765675,0.0033003300330033004,0.0,0.00825082508250825,0.0,0.022277227722772276,0.04207920792079208,0.018151815181518153,0.04867986798679868,0.022277227722772276,0.04455445544554455,0.01485148514851485,0.033003300330033,0.037953795379537955,0.012376237623762377,0.04785478547854786,0.010726072607260726,0.0,0.018976897689768978,0.02557755775577558,0.0033003300330033004
F6,0.0,0.017676767676767676,0.04292929292929293,0.0,0.0,0.027777777777777776,0.0,0.010101010101010102,0.015151515151515152,0.04292929292929293,0.012626262626262626,0.04292929292929293,0.0,0.04292929292929293,0.0,0.03535353535353535,0.0,0.0,0.010101010101010102,0.0,0.020202020202020204,0.012626262626262626,0.0,0.0,0.03535353535353535,0.0,0.0,0.04292929292929293,0.04292929292929293,0.0025252525252525255,0.0,0.0,0.0,0.04292929292929293,0.0,0.04040404040404041,0.0,0.0,0.03282828282828283,0.020202020202020204,0.04040404040404041,0.0,0.03535353535353535,0.0,0.0,0.0,0.0,0.0,0.030303030303030304,0.03787878787878788,0.0,0.03535353535353535,0.0025252525252525255,0.04040404040404041,0.0,0.015151515151515152,0.04040404040404041,0.0,0.027777777777777776,0.04040404040404041,0.0,0.027777777777777776,0.03282828282828283,0.0
AF8,0.0,0.0,0.0,0.0,0.0,0.0,0.0,0.0,0.0,0.0,0.0,0.0,0.0,0.0,0.0,0.0,0.0,0.0,0.0,0.0,0.0,0.0,0.0,0.0,0.0,0.0,0.0,0.0,0.0,0.0,0.0,0.0,0.0,0.0,0.0,0.0,0.0,0.0,0.0,0.0,0.0,0.0,0.0,0.0,0.0,0.0,0.0,0.0,0.0,0.0,0.0,0.0,0.0,0.0,0.0,0.0,0.0,0.0,0.0,0.0,0.0,0.0,0.0,0.0
AF4,0.0,0.02975206611570248,0.02975206611570248,0.0,0.0,0.03636363636363636,0.0,0.024793388429752067,0.02809917355371901,0.019834710743801654,0.026446280991735537,0.023140495867768594,0.0,0.03801652892561983,0.0,0.03801652892561983,0.0,0.0,0.0,0.0,0.03140495867768595,0.0,0.0,0.0,0.03801652892561983,0.0,0.0,0.02809917355371901,0.03801652892561983,0.0,0.0,0.0,0.0,0.03801652892561983,0.0,0.03801652892561983,0.0,0.0,0.013223140495867768,0.03140495867768595,0.01818181818181818,0.0,0.03801652892561983,0.006611570247933884,0.0,0.0,0.0,0.0,0.03801652892561983,0.03801652892561983,0.011570247933884297,0.03801652892561983,0.019834710743801654,0.03801652892561983,0.0049586776859504135,0.02809917355371901,0.03801652892561983,0.0,0.03636363636363636,0.021487603305785124,0.0,0.03636363636363636,0.03801652892561983,0.0
F2,0.0,0.03026634382566586,0.024213075060532687,0.0,0.0,0.035108958837772396,0.0,0.026634382566585957,0.029055690072639227,0.01694915254237288,0.02784503631961259,0.01937046004842615,0.00847457627118644,0.035108958837772396,0.0,0.0387409200968523,0.0,0.0,0.0012106537530266344,0.0,0.031476997578692496,0.002421307506053269,0.0,0.0,0.0387409200968523,0.0,0.0,0.023002421307506054,0.03268765133171913,0.0,0.0,0.0,0.0,0.03026634382566586,0.0,0.0387409200968523,0.0,0.0,0.012106537530266344,0.031476997578692496,0.015738498789346248,0.0,0.0387409200968523,0.013317191283292978,0.0,0.0,0.002421307506053269,0.0,0.03268765133171913,0.0387409200968523,0.01694915254237288,0.0387409200968523,0.023002421307506054,0.0387409200968523,0.012106537530266344,0.029055690072639227,0.0387409200968523,0.00847457627118644,0.035108958837772396,0.018159806295399514,0.0,0.02784503631961259,0.03753026634382567,0.0
FCz,0.013268998793727383,0.006031363088057901,0.0,0.0,0.04221954161640531,0.0048250904704463205,0.061519903498190594,0.009650180940892641,0.009650180940892641,0.0,0.009650180940892641,0.0024125452352231603,0.014475271411338963,0.0,0.027744270205066344,0.0024125452352231603,0.0,0.06996381182147166,0.012062726176115802,0.03498190591073583,0.0024125452352231603,0.026537997587454766,0.06875753920386007,0.0,0.0048250904704463205,0.03618817852834741,0.030156815440289506,0.0,0.0,0.022919179734620022,0.04825090470446321,0.009650180940892641,0.0,0.0,0.016887816646562123,0.0,0.018094089264173704,0.04221954161640531,0.0036188178528347406,0.0036188178528347406,0.012062726176115802,0.04342581423401689,0.0,0.013268998793727383,0.047044632086851626,0.031363088057901084,0.05066344993968637,0.0,0.0,0.0,0.010856453558504222,0.0048250904704463205,0.008443908323281062,0.0012062726176115801,0.024125452352231604,0.008443908323281062,0.0,0.009650180940892641,0.007237635705669481,0.0,0.0,0.0,0.0,0.07237635705669482
