,bankssts-lh,bankssts-rh,caudalanteriorcingulate-lh,caudalanteriorcingulate-rh,caudalmiddlefrontal-lh,caudalmiddlefrontal-rh,cuneus-lh,cuneus-rh,entorhinal-lh,entorhinal-rh,frontalpole-lh,frontalpole-rh,fusiform-lh,fusiform-rh,inferiorparietal-lh,inferiorparietal-rh,inferiortemporal-lh,inferiortemporal-rh,insula-lh,insula-rh,isthmuscingulate-lh,isthmuscingulate-rh,lateraloccipital-lh,lateraloccipital-rh,lateralorbitofrontal-lh,lateralorbitofrontal-rh,lingual-lh,lingual-rh,medialorbitofrontal-lh,medialorbitofrontal-rh,middletemporal-lh,middletemporal-rh,paracentral-lh,paracentral-rh,parahippocampal-lh,parahippocampal-rh,parsopercularis-lh,parsopercularis-rh,parsorbitalis-lh,parsorbitalis-rh,parstriangularis-lh,parstriangularis-rh,pericalcarine-lh,pericalcarine-rh,postcentral-lh,postcentral-rh,posteriorcingulate-lh,posteriorcingulate-rh,precentral-lh,precentral-rh,precuneus-lh,precuneus-rh,rostralanteriorcingulate-lh,rostralanteriorcingulate-rh,rostralmiddlefrontal-lh,rostralmiddlefrontal-rh,superiorfrontal-lh,superiorfrontal-rh,superiorparietal-lh,superiorparietal-rh,superiortemporal-lh,superiortemporal-rh,supramarginal-lh,supramarginal-rh,temporalpole-lh,temporalpole-rh,transversetemporal-lh,transversetemporal-rh
bankssts-lh,0.0,0.0,0.0,0.0,0.0,0.0,0.0,0.0,0.0,0.0,0.0,0.0,0.0,0.0,0.0,0.0,0.0,0.0,0.0,0.0,0.0,0.0,0.0,0.0,0.0,0.0,0.0,0.0,0.0,0.0,0.0,0.0,0.0,0.0,0.0,0.0,0.0,0.0,0.0,0.0,0.0,0.0,0.0,0.0,0.0,0.0,0.0,0.0,0.0,0.0,0.0,0.0,0.0,0.0,0.0,0.0,0.0,0.0,0.0,0.0,0.0,0.0,0.0,0.0,0.0,0.0,0.0,0.0
bankssts-rh,0.0,0.8529411764705882,0.0,0.0,0.0,0.0,0.0,0.0,0.0,0.0,0.0,0.0,0.0,0.0,0.0,0.0,0.0,0.0,0.0,0.0,0.0,0.0,0.0,0.0,0.0,0.0,0.0,0.0,0.0,0.0,0.0,0.0,0.0,0.0,0.0,0.0,0.0,0.049019607843137254,0.0,0.0,0.0,0.0,0.0,0.0,0.0,0.0,0.0,0.0,0.0,0.0,0.0,0.0,0.0,0.0,0.0,0.0,0.0,0.0,0.0,0.0,0.0,0.0,0.0,0.0,0.09803921568627451,0.0,0.0,0.0
caudalanteriorcingulate-lh,0.0,0.0,0.09433962264150944,0.08057113717491075,0.0,0.0,0.0,0.0,0.0,0.021927587965323816,0.09535951045385008,0.08414074451810301,0.0,0.0015298317185109638,0.0,0.0,0.0,0.02702702702702703,0.07598164201937786,0.007649158592554819,0.0,0.0,0.0,0.0,0.0,0.041815400305966345,0.0,0.0,0.04028556858745538,0.0504844467108618,0.0,0.0,0.0,0.0,0.0,0.0,0.0764915859255482,0.0,0.03926568077511474,0.0,0.0,0.0,0.0,0.0,0.0,0.0,0.0,0.0,0.0,0.0,0.03773584905660377,0.0,0.07037225905150434,0.0764915859255482,0.043345232024477306,0.008669046404895462,0.026517083120856707,0.0,0.0,0.0,0.0,0.0,0.0,0.0,0.0,0.0,0.0,0.0
caudalanteriorcingulate-rh,0.0,0.0,0.08562019758507135,0.0867178924259056,0.0,0.0,0.0,0.0,0.0,0.021953896816684963,0.08781558726673985,0.08507135016465422,0.0,0.003293084522502744,0.0,0.0,0.0,0.02469813391877058,0.07189901207464325,0.009879253567508232,0.0,0.0,0.0,0.0,0.0,0.04500548847420417,0.0,0.0,0.04171240395170143,0.052689352360043906,0.0,0.0,0.0,0.0,0.0,0.0,0.07244785949506037,0.0,0.04061470911086718,0.0,0.0,0.0,0.0,0.0,0.0,0.0,0.0,0.0,0.0,0.0,0.03896816684961581,0.0,0.070801317233809,0.07958287596048298,0.04500548847420417,0.009330406147091108,0.02689352360043908,0.0,0.0,0.0,0.0,0.0,0.0,0.0,0.0,0.0,0.0,0.0
caudalmiddlefrontal-lh,0.0,0.0,0.0,0.0,0.0,0.0,0.0,0.0,0.0,0.0,0.0,0.0,0.0,0.0,0.0,0.0,0.0,0.0,0.0,0.0,0.0,0.0,0.0,0.0,0.0,0.0,0.0,0.0,0.0,0.0,0.0,0.0,0.0,0.0,0.0,0.0,0.0,0.0,0.0,0.0,0.0,0.0,0.0,0.0,0.0,0.0,0.0,0.0,0.0,0.0,0.0,0.0,0.0,0.0,0.0,0.0,0.0,0.0,0.0,0.0,0.0,0.0,0.0,0.0,0.0,0.0,0.0,0.0
caudalmiddlefrontal-rh,0.0,0.0,0.0,0.0,0.0,0.0,0.0,0.0,0.0,0.0,0.0,0.0,0.0,0.0,0.0,0.0,0.0,0.0,0.0,0.0,0.0,0.0,0.0,0.0,0.0,0.0,0.0,0.0,0.0,0.0,0.0,0.0,0.0,0.0,0.0,0.0,0.0,0.0,0.0,0.0,0.0,0.0,0.0,0.0,0.0,0.0,0.0,0.0,0.0,0.0,0.0,0.0,0.0,0.0,0.0,0.0,0.0,0.0,0.0,0.0,0.0,0.0,0.0,0.0,0.0,0.0,0.0,0.0
cuneus-lh,0.0,0.0,0.0,0.0,0.0,0.0,0.05555555555555555,0.0,0.0,0.0,0.0,0.0,0.0,0.1111111111111111,0.1111111111111111,0.0,0.0,0.1111111111111111,0.0,0.0,0.1111111111111111,0.1111111111111111,0.0,0.0,0.0,0.0,0.05555555555555555,0.1111111111111111,0.0,0.0,0.0,0.0,0.0,0.0,0.0,0.1111111111111111,0.0,0.0,0.0,0.0,0.0,0.0,0.0,0.1111111111111111,0.0,0.0,0.0,0.0,0.0,0.0,0.0,0.0,0.0,0.0,0.0,0.0,0.0,0.0,0.0,0.0,0.0,0.0,0.0,0.0,0.0,0.0,0.0,0.0
cuneus-rh,0.0,0.0,0.0,0.0,0.0,0.0,0.0,0.0,0.0,0.0,0.0,0.0,0.0,0.0,0.0,0.0,0.0,0.0,0.0,0.0,0.0,0.0,0.0,0.0,0.0,0.0,0.0,0.0,0.0,0.0,0.0,0.0,0.0,0.0,0.0,0.0,0.0,0.0,0.0,0.0,0.0,0.0,0.0,0.0,0.0,0.0,0.0,0.0,0.0,0.0,0.0,0.0,0.0,0.0,0.0,0.0,0.0,0.0,0.0,0.0,0.0,0.0,0.0,0.0,0.0,0.0,0.0,0.0
entorhinal-lh,0.0,0.0,0.0,0.0,0.0,0.0,0.0,0.0,0.0,0.0,0.0,0.0,0.0,0.0,0.0,0.0,0.0,0.0,0.0,0.0,0.0,0.0,0.0,0.0,0.0,0.0,0.0,0.0,0.0,0.0,0.0,0.0,0.0,0.0,0.0,0.0,0.0,0.0,0.0,0.0,0.0,0.0,0.0,0.0,0.0,0.0,0.0,0.0,0.0,0.0,0.0,0.0,0.0,0.0,0.0,0.0,0.0,0.0,0.0,0.0,0.0,0.0,0.0,0.0,0.0,0.0,0.0,0.0
entorhinal-rh,0.0,0.0,0.04534883720930233,0.044186046511627906,0.0,0.0,0.0,0.0,0.0,0.1372093023255814,0.07441860465116279,0.05232558139534884,0.0,0.040697674418604654,0.0,0.0,0.0,0.12674418604651164,0.03837209302325582,0.02558139534883721,0.0,0.0,0.0,0.0,0.0,0.029069767441860465,0.0,0.0,0.015116279069767442,0.03837209302325582,0.0,0.0,0.0,0.0,0.0,0.0,0.07906976744186046,0.0,0.012790697674418604,0.0,0.0,0.03255813953488372,0.0,0.0,0.0,0.0,0.0,0.0,0.0,0.0,0.009302325581395349,0.0,0.09883720930232558,0.04534883720930233,0.022093023255813953,0.03255813953488372,0.0,0.0,0.0,0.0,0.0,0.0,0.0,0.0,0.0,0.0,0.0,0.0
frontalpole-lh,0.0,0.0,0.07964224872231687,0.06814310051107325,0.0,0.0,0.0,0.0,0.0,0.028960817717206135,0.10264054514480409,0.08091993185689948,0.0,0.008091993185689948,0.0,0.0,0.0,0.03321976149914821,0.06473594548551959,0.009369676320272573,0.0,0.0,0.0,0.0,0.0,0.03492333901192504,0.0,0.0,0.044293015332197615,0.05281090289608177,0.0,0.0,0.0,0.0,0.0,0.0,0.07325383304940375,0.0,0.0434412265758092,0.0,0.0,0.005110732538330494,0.0,0.0,0.0,0.0,0.0,0.0,0.0,0.0,0.03534923339011925,0.0,0.06942078364565588,0.075809199318569,0.04088586030664395,0.009369676320272573,0.028960817717206135,0.0,0.0,0.0,0.0,0.0,0.0,0.0,0.010647359454855196,0.0,0.0,0.0
frontalpole-rh,0.0,0.0,0.0785816962146622,0.07331097268806899,0.0,0.0,0.0,0.0,0.0,0.02347867752755151,0.09103977000479156,0.09008145663632007,0.0,0.004312410158121706,0.0,0.0,0.0,0.02827024436990896,0.06516530905606133,0.010062290368950648,0.0,0.0,0.0,0.0,0.0,0.0392908481073311,0.0,0.0,0.04695735505510302,0.05654048873981792,0.0,0.0,0.0,0.0,0.0,0.0,0.06420699568758984,0.0,0.04599904168663153,0.0,0.0,0.0009583133684714902,0.0,0.0,0.0,0.0,0.0,0.0,0.0,0.0,0.039770004791566844,0.0,0.0689985625299473,0.07714422616195496,0.04599904168663153,0.008145663632007666,0.03258265452803066,0.0,0.0,0.0,0.0,0.0,0.0,0.0,0.009103977000479156,0.0,0.0,0.0
fusiform-lh,0.0,0.0,0.0,0.0,0.0,0.0,0.0,0.0,0.0,0.0,0.0,0.0,0.0,0.0,0.0,0.0,0.0,0.0,0.0,0.0,0.0,0.0,0.0,0.0,0.0,0.0,0.0,0.0,0.0,0.0,0.0,0.0,0.0,0.0,0.0,0.0,0.0,0.0,0.0,0.0,0.0,0.0,0.0,0.0,0.0,0.0,0.0,0.0,0.0,0.0,0.0,0.0,0.0,0.0,0.0,0.0,0.0,0.0,0.0,0.0,0.0,0.0,0.0,0.0,0.0,0.0,0.0,0.0
fusiform-rh,0.0,0.0,0.0017730496453900709,0.0070921985815602835,0.0,0.0,0.0017730496453900709,0.0,0.0,0.06028368794326241,0.030141843971631204,0.012411347517730497,0.0,0.1524822695035461,0.026595744680851064,0.0,0.0,0.09929078014184398,0.0,0.015957446808510637,0.044326241134751775,0.08687943262411348,0.0,0.0,0.0,0.0,0.0017730496453900709,0.0549645390070922,0.0,0.0,0.0,0.0,0.0,0.0,0.0,0.0797872340425532,0.06028368794326241,0.0,0.0,0.0,0.0,0.04964539007092199,0.0,0.09397163120567376,0.0,0.0,0.0,0.0,0.0,0.0,0.0,0.0,0.044326241134751775,0.008865248226950355,0.0,0.0,0.0,0.0,0.0,0.0,0.0,0.0,0.0,0.0673758865248227,0.0,0.0,0.0,0.0
inferiorparietal-lh,0.0,0.0,0.0,0.0,0.0,0.0,0.007692307692307693,0.0,0.0,0.0,0.0,0.0,0.0,0.12307692307692308,0.11538461538461539,0.0,0.0,0.12307692307692308,0.0,0.0,0.12307692307692308,0.12307692307692308,0.0,0.0,0.0,0.0,0.007692307692307693,0.12307692307692308,0.0,0.0,0.0,0.0,0.0,0.0,0.0,0.12307692307692308,0.0,0.0,0.0,0.0,0.0,0.0,0.0,0.12307692307692308,0.0,0.0,0.0,0.0,0.0,0.0,0.0,0.0,0.0,0.0,0.0,0.0,0.0,0.0,0.0,0.0,0.0,0.0,0.0,0.007692307692307693,0.0,0.0,0.0,0.0
inferiorparietal-rh,0.0,0.0,0.0,0.0,0.0,0.0,0.0,0.0,0.0,0.0,0.0,0.0,0.0,0.0,0.0,0.5333333333333333,0.0,0.0,0.0,0.0,0.0,0.0,0.0,0.0,0.0,0.0,0.0,0.0,0.0,0.0,0.0,0.0,0.0,0.0,0.0,0.0,0.0,0.0,0.0,0.0,0.0,0.0,0.0,0.0,0.0,0.0,0.0,0.0,0.0,0.0,0.0,0.0,0.0,0.0,0.0,0.0,0.0,0.0,0.0,0.0,0.0,0.0,0.0,0.4666666666666667,0.0,0.0,0.0,0.0
inferiortemporal-lh,0.0,0.0,0.0,0.0,0.0,0.0,0.0,0.0,0.0,0.0,0.0,0.0,0.0,0.0,0.0,0.0,0.0,0.0,0.0,0.0,0.0,0.0,0.0,0.0,0.0,0.0,0.0,0.0,0.0,0.0,0.0,0.0,0.0,0.0,0.0,0.0,0.0,0.0,0.0,0.0,0.0,0.0,0.0,0.0,0.0,0.0,0.0,0.0,0.0,0.0,0.0,0.0,0.0,0.0,0.0,0.0,0.0,0.0,0.0,0.0,0.0,0.0,0.0,0.0,0.0,0.0,0.0,0.0
inferiortemporal-rh,0.0,0.0,0.04541241890639481,0.037998146431881374,0.0,0.0,0.0009267840593141798,0.0,0.0,0.10009267840593142,0.0685820203892493,0.05097312326227989,0.0,0.05375347544022243,0.013901760889712697,0.0,0.0,0.17794253938832252,0.03985171455050973,0.020389249304911955,0.021316033364226137,0.021316033364226137,0.0,0.0,0.0,0.012974976830398516,0.0009267840593141798,0.021316033364226137,0.0018535681186283596,0.020389249304911955,0.0,0.0,0.0,0.0,0.0,0.021316033364226137,0.07136237256719184,0.0,0.0,0.0,0.0,0.025949953660797033,0.0,0.021316033364226137,0.0,0.0,0.0,0.0,0.0,0.0,0.0,0.0,0.08804448563484708,0.025949953660797033,0.0074142724745134385,0.021316033364226137,0.0,0.0,0.0,0.0,0.0,0.0,0.0,0.0074142724745134385,0.0,0.0,0.0,0.0
insula-lh,0.0,0.0,0.09158878504672897,0.08161993769470405,0.0,0.0,0.0,0.0,0.0,0.023052959501557634,0.09470404984423676,0.08473520249221184,0.0,0.0,0.0,0.0,0.0,0.029283489096573207,0.09345794392523364,0.003115264797507788,0.0,0.0,0.0,0.0,0.0,0.044859813084112146,0.0,0.0,0.037383177570093455,0.04548286604361371,0.0,0.0,0.0,0.0,0.0,0.0,0.08099688473520249,0.0,0.03613707165109034,0.0,0.0,0.0,0.0,0.0,0.0,0.0,0.0,0.0,0.0,0.0,0.03426791277258567,0.0,0.07165109034267912,0.07538940809968847,0.041121495327102804,0.01059190031152648,0.020560747663551402,0.0,0.0,0.0,0.0,0.0,0.0,0.0,0.0,0.0,0.0,0.0
insula-rh,0.0,0.0,0.05701754385964912,0.07017543859649122,0.0,0.0,0.0,0.0,0.0,0.09649122807017543,0.09649122807017543,0.08333333333333333,0.0,0.04824561403508772,0.0,0.0,0.0,0.09649122807017543,0.013157894736842105,0.09210526315789473,0.0,0.0,0.0,0.0,0.0,0.013157894736842105,0.0,0.0,0.0,0.04824561403508772,0.0,0.0,0.0,0.0,0.0,0.0,0.09649122807017543,0.0,0.0,0.0,0.0,0.017543859649122806,0.0,0.0,0.0,0.0,0.0,0.0,0.0,0.0,0.0,0.0,0.09649122807017543,0.07456140350877193,0.0,0.0,0.0,0.0,0.0,0.0,0.0,0.0,0.0,0.0,0.0,0.0,0.0,0.0
isthmuscingulate-lh,0.0,0.0,0.0,0.0,0.0,0.0,0.004878048780487805,0.0,0.0,0.0,0.0,0.0,0.0,0.12682926829268293,0.07317073170731707,0.0,0.0,0.1073170731707317,0.0,0.0,0.12195121951219512,0.12682926829268293,0.0,0.0,0.0,0.0,0.004878048780487805,0.12682926829268293,0.0,0.0,0.0,0.0,0.0,0.0,0.0,0.12682926829268293,0.0,0.0,0.0,0.0,0.0,0.0,0.0,0.12682926829268293,0.0,0.0,0.0,0.0,0.0,0.0,0.0,0.0,0.0,0.0,0.0,0.0,0.0,0.0,0.0,0.0,0.0,0.0,0.0,0.05365853658536585,0.0,0.0,0.0,0.0
isthmuscingulate-rh,0.0,0.0,0.0,0.0,0.0,0.0,0.0030864197530864196,0.0,0.0,0.0,0.0,0.0,0.0,0.15432098765432098,0.046296296296296294,0.0,0.0,0.06790123456790123,0.0,0.0,0.07716049382716049,0.15123456790123457,0.0,0.0,0.0,0.0,0.0030864197530864196,0.09567901234567901,0.0,0.0,0.0,0.0,0.0,0.0,0.0,0.1388888888888889,0.0,0.0,0.0,0.0,0.0,0.0,0.0,0.15432098765432098,0.0,0.0,0.0,0.0,0.0,0.0,0.0,0.0,0.0,0.0,0.0,0.0,0.0,0.0,0.0,0.0,0.0,0.0,0.0,0.10802469135802469,0.0,0.0,0.0,0.0
lateraloccipital-lh,0.0,0.0,0.0,0.0,0.0,0.0,0.0,0.0,0.0,0.0,0.0,0.0,0.0,0.0,0.0,0.0,0.0,0.0,0.0,0.0,0.0,0.0,0.0,0.0,0.0,0.0,0.0,0.0,0.0,0.0,0.0,0.0,0.0,0.0,0.0,0.0,0.0,0.0,0.0,0.0,0.0,0.0,0.0,0.0,0.0,0.0,0.0,0.0,0.0,0.0,0.0,0.0,0.0,0.0,0.0,0.0,0.0,0.0,0.0,0.0,0.0,0.0,0.0,0.0,0.0,0.0,0.0,0.0
lateraloccipital-rh,0.0,0.0,0.0,0.0,0.0,0.0,0.0,0.0,0.0,0.0,0.0,0.0,0.0,0.0,0.0,0.0,0.0,0.0,0.0,0.0,0.0,0.0,0.0,0.0,0.0,0.0,0.0,0.0,0.0,0.0,0.0,0.0,0.0,0.0,0.0,0.0,0.0,0.0,0.0,0.0,0.0,0.0,0.0,0.0,0.0,0.0,0.0,0.0,0.0,0.0,0.0,0.0,0.0,0.0,0.0,0.0,0.0,0.0,0.0,0.0,0.0,0.0,0.0,0.0,0.0,0.0,0.0,0.0
lateralorbitofrontal-lh,0.0,0.0,0.0,0.0,0.0,0.0,0.0,0.0,0.0,0.0,0.0,0.0,0.0,0.0,0.0,0.0,0.0,0.0,0.0,0.0,0.0,0.0,0.0,0.0,0.0,0.0,0.0,0.0,0.0,0.0,0.0,0.0,0.0,0.0,0.0,0.0,0.0,0.0,0.0,0.0,0.0,0.0,0.0,0.0,0.0,0.0,0.0,0.0,0.0,0.0,0.0,0.0,0.0,0.0,0.0,0.0,0.0,0.0,0.0,0.0,0.0,0.0,0.0,0.0,0.0,0.0,0.0,0.0
lateralorbitofrontal-rh,0.0,0.0,0.07002561912894961,0.07002561912894961,0.0,0.0,0.0,0.0,0.0,0.02305721605465414,0.07002561912894961,0.07002561912894961,0.0,0.0,0.0,0.0,0.0,0.013663535439795047,0.0623398804440649,0.004269854824935952,0.0,0.0,0.0,0.0,0.0,0.06917164816396243,0.0,0.0,0.05892399658411614,0.07002561912894961,0.0,0.0,0.0,0.0,0.0,0.0,0.05209222886421862,0.0,0.05721605465414176,0.0,0.0,0.0,0.0,0.0,0.0,0.0,0.0,0.0,0.0,0.0,0.05465414175918019,0.0,0.07002561912894961,0.07002561912894961,0.06404782237403928,0.014517506404782237,0.035866780529461996,0.0,0.0,0.0,0.0,0.0,0.0,0.0,0.0,0.0,0.0,0.0
lingual-lh,0.0,0.0,0.0,0.0,0.0,0.0,0.05555555555555555,0.0,0.0,0.0,0.0,0.0,0.0,0.1111111111111111,0.1111111111111111,0.0,0.0,0.1111111111111111,0.0,0.0,0.1111111111111111,0.1111111111111111,0.0,0.0,0.0,0.0,0.05555555555555555,0.1111111111111111,0.0,0.0,0.0,0.0,0.0,0.0,0.0,0.1111111111111111,0.0,0.0,0.0,0.0,0.0,0.0,0.0,0.1111111111111111,0.0,0.0,0.0,0.0,0.0,0.0,0.0,0.0,0.0,0.0,0.0,0.0,0.0,0.0,0.0,0.0,0.0,0.0,0.0,0.0,0.0,0.0,0.0,0.0
lingual-rh,0.0,0.0,0.0,0.0,0.0,0.0,0.004166666666666667,0.0,0.0,0.0,0.0,0.0,0.0,0.13333333333333333,0.0625,0.0,0.0,0.09166666666666666,0.0,0.0,0.10416666666666667,0.13333333333333333,0.0,0.0,0.0,0.0,0.004166666666666667,0.12916666666666668,0.0,0.0,0.0,0.0,0.0,0.0,0.0,0.13333333333333333,0.0,0.0,0.0,0.0,0.0,0.0,0.0,0.13333333333333333,0.0,0.0,0.0,0.0,0.0,0.0,0.0,0.0,0.0,0.0,0.0,0.0,0.0,0.0,0.0,0.0,0.0,0.0,0.0,0.07083333333333333,0.0,0.0,0.0,0.0
medialorbitofrontal-lh,0.0,0.0,0.05895196506550218,0.056768558951965066,0.0,0.0,0.0,0.0,0.0,0.010917030567685589,0.07714701601164484,0.07278020378457059,0.0,0.0,0.0,0.0,0.0,0.002911208151382824,0.04512372634643377,0.0,0.0,0.0,0.0,0.0,0.0,0.05167394468704512,0.0,0.0,0.08005822416302766,0.08078602620087336,0.0,0.0,0.0,0.0,0.0,0.0,0.03566229985443959,0.0,0.07860262008733625,0.0,0.0,0.0,0.0,0.0,0.0,0.0,0.0,0.0,0.0,0.0,0.06040756914119359,0.0,0.056768558951965066,0.08078602620087336,0.06622998544395925,0.012372634643377001,0.049490538573508006,0.0,0.0,0.0,0.0,0.0,0.0,0.0,0.022561863173216887,0.0,0.0,0.0
medialorbitofrontal-rh,0.0,0.0,0.061660561660561664,0.05982905982905983,0.0,0.0,0.0,0.0,0.0,0.021367521367521368,0.07692307692307693,0.07326007326007326,0.0,0.0006105006105006105,0.0,0.0,0.0,0.014652014652014652,0.04456654456654457,0.007936507936507936,0.0,0.0,0.0,0.0,0.0,0.050061050061050064,0.0,0.0,0.06776556776556776,0.08485958485958486,0.0,0.0,0.0,0.0,0.0,0.0,0.04212454212454213,0.0,0.06654456654456654,0.0,0.0,0.0,0.0,0.0,0.0,0.0,0.0,0.0,0.0,0.0,0.05067155067155067,0.0,0.05982905982905983,0.08241758241758242,0.05860805860805861,0.010378510378510378,0.04151404151404151,0.0,0.0,0.0,0.0,0.0,0.0,0.0,0.02442002442002442,0.0,0.0,0.0
middletemporal-lh,0.0,0.0,0.0,0.0,0.0,0.0,0.0,0.0,0.0,0.0,0.0,0.0,0.0,0.0,0.0,0.0,0.0,0.0,0.0,0.0,0.0,0.0,0.0,0.0,0.0,0.0,0.0,0.0,0.0,0.0,0.0,0.0,0.0,0.0,0.0,0.0,0.0,0.0,0.0,0.0,0.0,0.0,0.0,0.0,0.0,0.0,0.0,0.0,0.0,0.0,0.0,0.0,0.0,0.0,0.0,0.0,0.0,0.0,0.0,0.0,0.0,0.0,0.0,0.0,0.0,0.0,0.0,0.0
middletemporal-rh,0.0,0.0,0.0,0.0,0.0,0.0,0.0,0.0,0.0,0.0,0.0,0.0,0.0,0.0,0.0,0.0,0.0,0.0,0.0,0.0,0.0,0.0,0.0,0.0,0.0,0.0,0.0,0.0,0.0,0.0,0.0,0.0,0.0,0.0,0.0,0.0,0.0,0.0,0.0,0.0,0.0,0.0,0.0,0.0,0.0,0.0,0.0,0.0,0.0,0.0,0.0,0.0,0.0,0.0,0.0,0.0,0.0,0.0,0.0,0.0,0.0,0.0,0.0,0.0,0.0,0.0,0.0,0.0
paracentral-lh,0.0,0.0,0.0,0.0,0.0,0.0,0.0,0.0,0.0,0.0,0.0,0.0,0.0,0.0,0.0,0.0,0.0,0.0,0.0,0.0,0.0,0.0,0.0,0.0,0.0,0.0,0.0,0.0,0.0,0.0,0.0,0.0,0.0,0.0,0.0,0.0,0.0,0.0,0.0,0.0,0.0,0.0,0.0,0.0,0.0,0.0,0.0,0.0,0.0,0.0,0.0,0.0,0.0,0.0,0.0,0.0,0.0,0.0,0.0,0.0,0.0,0.0,0.0,0.0,0.0,0.0,0.0,0.0
paracentral-rh,0.0,0.0,0.0,0.0,0.0,0.0,0.0,0.0,0.0,0.0,0.0,0.0,0.0,0.0,0.0,0.0,0.0,0.0,0.0,0.0,0.0,0.0,0.0,0.0,0.0,0.0,0.0,0.0,0.0,0.0,0.0,0.0,0.0,0.0,0.0,0.0,0.0,0.0,0.0,0.0,0.0,0.0,0.0,0.0,0.0,0.0,0.0,0.0,0.0,0.0,0.0,0.0,0.0,0.0,0.0,0.0,0.0,0.0,0.0,0.0,0.0,0.0,0.0,0.0,0.0,0.0,0.0,0.0
parahippocampal-lh,0.0,0.0,0.0,0.0,0.0,0.0,0.0,0.0,0.0,0.0,0.0,0.0,0.0,0.0,0.0,0.0,0.0,0.0,0.0,0.0,0.0,0.0,0.0,0.0,0.0,0.0,0.0,0.0,0.0,0.0,0.0,0.0,0.0,0.0,0.0,0.0,0.0,0.0,0.0,0.0,0.0,0.0,0.0,0.0,0.0,0.0,0.0,0.0,0.0,0.0,0.0,0.0,0.0,0.0,0.0,0.0,0.0,0.0,0.0,0.0,0.0,0.0,0.0,0.0,0.0,0.0,0.0,0.0
parahippocampal-rh,0.0,0.0,0.0,0.0,0.0,0.0,0.003236245954692557,0.0,0.0,0.0,0.0,0.0,0.0,0.1488673139158576,0.04854368932038835,0.0,0.0,0.07119741100323625,0.0,0.0,0.08090614886731391,0.1488673139158576,0.0,0.0,0.0,0.0,0.003236245954692557,0.10032362459546926,0.0,0.0,0.0,0.0,0.0,0.0,0.0,0.14563106796116504,0.0,0.0,0.0,0.0,0.0,0.0,0.0,0.1488673139158576,0.0,0.0,0.0,0.0,0.0,0.0,0.0,0.0,0.0,0.0,0.0,0.0,0.0,0.0,0.0,0.0,0.0,0.0,0.0,0.10032362459546926,0.0,0.0,0.0,0.0
parsopercularis-lh,0.0,0.0,0.08493771234428087,0.07361268403171008,0.0,0.0,0.0,0.0,0.0,0.039637599093997736,0.09739524348810873,0.07587768969422423,0.0,0.019818799546998868,0.0,0.0,0.0,0.045300113250283124,0.07361268403171008,0.01245753114382786,0.0,0.0,0.0,0.0,0.0,0.033408833522083806,0.0,0.0,0.026613816534541337,0.037938844847112116,0.0,0.0,0.0,0.0,0.0,0.0,0.12344280860702152,0.0,0.02548131370328426,0.0,0.0,0.015855039637599093,0.0,0.0,0.0,0.0,0.0,0.0,0.0,0.0,0.02378255945639864,0.0,0.07134767836919592,0.06851642129105323,0.03001132502831257,0.009626274065685165,0.011325028312570781,0.0,0.0,0.0,0.0,0.0,0.0,0.0,0.0,0.0,0.0,0.0
parsopercularis-rh,0.0,0.08974358974358974,0.0,0.0,0.0,0.0,0.0,0.0,0.0,0.0,0.0,0.0,0.0,0.0,0.0,0.0,0.0,0.0,0.0,0.0,0.0,0.0,0.0,0.0,0.0,0.0,0.0,0.0,0.0,0.0,0.0,0.0,0.0,0.0,0.0,0.0,0.0,0.9102564102564102,0.0,0.0,0.0,0.0,0.0,0.0,0.0,0.0,0.0,0.0,0.0,0.0,0.0,0.0,0.0,0.0,0.0,0.0,0.0,0.0,0.0,0.0,0.0,0.0,0.0,0.0,0.0,0.0,0.0,0.0
parsorbitalis-lh,0.0,0.0,0.05864884929472903,0.05642167780252413,0.0,0.0,0.0,0.0,0.0,0.009651076466221232,0.07720861172976985,0.07275426874536006,0.0,0.0,0.0,0.0,0.0,0.0014847809948032665,0.044543429844097995,0.0,0.0,0.0,0.0,0.0,0.0,0.051224944320712694,0.0,0.0,0.08092056421677803,0.08092056421677803,0.0,0.0,0.0,0.0,0.0,0.0,0.034892353377876766,0.0,0.0801781737193764,0.0,0.0,0.0,0.0,0.0,0.0,0.0,0.0,0.0,0.0,0.0,0.06161841128433556,0.0,0.05642167780252413,0.08092056421677803,0.06607275426874536,0.012620638455827766,0.050482553823311065,0.0,0.0,0.0,0.0,0.0,0.0,0.0,0.02301410541945063,0.0,0.0,0.0
parsorbitalis-rh,0.0,0.0,0.0,0.0,0.0,0.0,0.0,0.0,0.0,0.0,0.0,0.0,0.0,0.0,0.0,0.0,0.0,0.0,0.0,0.0,0.0,0.0,0.0,0.0,0.0,0.0,0.0,0.0,0.0,0.0,0.0,0.0,0.0,0.0,0.0,0.0,0.0,0.0,0.0,0.0,0.0,0.0,0.0,0.0,0.0,0.0,0.0,0.0,0.0,0.0,0.0,0.0,0.0,0.0,0.0,0.0,0.0,0.0,0.0,0.0,0.0,0.0,0.0,0.0,0.0,0.0,0.0,0.0
parstriangularis-lh,0.0,0.0,0.0,0.0,0.0,0.0,0.0,0.0,0.0,0.0,0.0,0.0,0.0,0.0,0.0,0.0,0.0,0.0,0.0,0.0,0.0,0.0,0.0,0.0,0.0,0.0,0.0,0.0,0.0,0.0,0.0,0.0,0.0,0.0,0.0,0.0,0.0,0.0,0.0,0.0,0.0,0.0,0.0,0.0,0.0,0.0,0.0,0.0,0.0,0.0,0.0,0.0,0.0,0.0,0.0,0.0,0.0,0.0,0.0,0.0,0.0,0.0,0.0,0.0,0.0,0.0,0.0,0.0
parstriangularis-rh,0.0,0.0,0.0,0.0,0.0,0.0,0.0,0.0,0.0,0.16363636363636364,0.06060606060606061,0.0,0.0,0.16363636363636364,0.0,0.0,0.0,0.16363636363636364,0.0,0.012121212121212121,0.0,0.0,0.0,0.0,0.0,0.0,0.0,0.0,0.0,0.0,0.0,0.0,0.0,0.0,0.0,0.0,0.16363636363636364,0.0,0.0,0.0,0.0,0.16363636363636364,0.0,0.0,0.0,0.0,0.0,0.0,0.0,0.0,0.0,0.0,0.10909090909090909,0.0,0.0,0.0,0.0,0.0,0.0,0.0,0.0,0.0,0.0,0.0,0.0,0.0,0.0,0.0
pericalcarine-lh,0.0,0.0,0.0,0.0,0.0,0.0,0.0,0.0,0.0,0.0,0.0,0.0,0.0,0.0,0.0,0.0,0.0,0.0,0.0,0.0,0.0,0.0,0.0,0.0,0.0,0.0,0.0,0.0,0.0,0.0,0.0,0.0,0.0,0.0,0.0,0.0,0.0,0.0,0.0,0.0,0.0,0.0,0.0,0.0,0.0,0.0,0.0,0.0,0.0,0.0,0.0,0.0,0.0,0.0,0.0,0.0,0.0,0.0,0.0,0.0,0.0,0.0,0.0,0.0,0.0,0.0,0.0,0.0
pericalcarine-rh,0.0,0.0,0.0,0.0,0.0,0.0,0.0027397260273972603,0.0,0.0,0.0,0.0,0.0,0.0,0.14246575342465753,0.0410958904109589,0.0,0.0,0.06027397260273973,0.0,0.0,0.0684931506849315,0.13424657534246576,0.0,0.0,0.0,0.0,0.0027397260273972603,0.08493150684931507,0.0,0.0,0.0,0.0,0.0,0.0,0.0,0.1232876712328767,0.0,0.0,0.0,0.0,0.0,0.0,0.0,0.18904109589041096,0.0,0.0,0.0,0.0,0.0,0.0,0.0,0.0,0.0,0.0,0.0,0.0,0.0,0.0,0.0,0.0,0.0,0.0,0.0,0.1506849315068493,0.0,0.0,0.0,0.0
postcentral-lh,0.0,0.0,0.0,0.0,0.0,0.0,0.0,0.0,0.0,0.0,0.0,0.0,0.0,0.0,0.0,0.0,0.0,0.0,0.0,0.0,0.0,0.0,0.0,0.0,0.0,0.0,0.0,0.0,0.0,0.0,0.0,0.0,0.0,0.0,0.0,0.0,0.0,0.0,0.0,0.0,0.0,0.0,0.0,0.0,0.0,0.0,0.0,0.0,0.0,0.0,0.0,0.0,0.0,0.0,0.0,0.0,0.0,0.0,0.0,0.0,0.0,0.0,0.0,0.0,0.0,0.0,0.0,0.0
postcentral-rh,0.0,0.0,0.0,0.0,0.0,0.0,0.0,0.0,0.0,0.0,0.0,0.0,0.0,0.0,0.0,0.0,0.0,0.0,0.0,0.0,0.0,0.0,0.0,0.0,0.0,0.0,0.0,0.0,0.0,0.0,0.0,0.0,0.0,0.0,0.0,0.0,0.0,0.0,0.0,0.0,0.0,0.0,0.0,0.0,0.0,0.0,0.0,0.0,0.0,0.0,0.0,0.0,0.0,0.0,0.0,0.0,0.0,0.0,0.0,0.0,0.0,0.0,0.0,0.0,0.0,0.0,0.0,0.0
posteriorcingulate-lh,0.0,0.0,0.0,0.0,0.0,0.0,0.0,0.0,0.0,0.0,0.0,0.0,0.0,0.0,0.0,0.0,0.0,0.0,0.0,0.0,0.0,0.0,0.0,0.0,0.0,0.0,0.0,0.0,0.0,0.0,0.0,0.0,0.0,0.0,0.0,0.0,0.0,0.0,0.0,0.0,0.0,0.0,0.0,0.0,0.0,0.0,0.0,0.0,0.0,0.0,0.0,0.0,0.0,0.0,0.0,0.0,0.0,0.0,0.0,0.0,0.0,0.0,0.0,0.0,0.0,0.0,0.0,0.0
posteriorcingulate-rh,0.0,0.0,0.0,0.0,0.0,0.0,0.0,0.0,0.0,0.0,0.0,0.0,0.0,0.0,0.0,0.0,0.0,0.0,0.0,0.0,0.0,0.0,0.0,0.0,0.0,0.0,0.0,0.0,0.0,0.0,0.0,0.0,0.0,0.0,0.0,0.0,0.0,0.0,0.0,0.0,0.0,0.0,0.0,0.0,0.0,0.0,0.0,0.0,0.0,0.0,0.0,0.0,0.0,0.0,0.0,0.0,0.0,0.0,0.0,0.0,0.0,0.0,0.0,0.0,0.0,0.0,0.0,0.0
precentral-lh,0.0,0.0,0.0,0.0,0.0,0.0,0.0,0.0,0.0,0.0,0.0,0.0,0.0,0.0,0.0,0.0,0.0,0.0,0.0,0.0,0.0,0.0,0.0,0.0,0.0,0.0,0.0,0.0,0.0,0.0,0.0,0.0,0.0,0.0,0.0,0.0,0.0,0.0,0.0,0.0,0.0,0.0,0.0,0.0,0.0,0.0,0.0,0.0,0.0,0.0,0.0,0.0,0.0,0.0,0.0,0.0,0.0,0.0,0.0,0.0,0.0,0.0,0.0,0.0,0.0,0.0,0.0,0.0
precentral-rh,0.0,0.0,0.0,0.0,0.0,0.0,0.0,0.0,0.0,0.0,0.0,0.0,0.0,0.0,0.0,0.0,0.0,0.0,0.0,0.0,0.0,0.0,0.0,0.0,0.0,0.0,0.0,0.0,0.0,0.0,0.0,0.0,0.0,0.0,0.0,0.0,0.0,0.0,0.0,0.0,0.0,0.0,0.0,0.0,0.0,0.0,0.0,0.0,0.0,0.0,0.0,0.0,0.0,0.0,0.0,0.0,0.0,0.0,0.0,0.0,0.0,0.0,0.0,0.0,0.0,0.0,0.0,0.0
precuneus-lh,0.0,0.0,0.06625980819529206,0.06364428945074106,0.0,0.0,0.0,0.0,0.0,0.008718395815170008,0.07236268526591107,0.07236268526591107,0.0,0.0,0.0,0.0,0.0,0.0,0.04969485614646905,0.0,0.0,0.0,0.0,0.0,0.0,0.05754141238012206,0.0,0.0,0.07236268526591107,0.07236268526591107,0.0,0.0,0.0,0.0,0.0,0.0,0.03836094158674804,0.0,0.07236268526591107,0.0,0.0,0.0,0.0,0.0,0.0,0.0,0.0,0.0,0.0,0.0,0.07149084568439407,0.0,0.06364428945074106,0.07236268526591107,0.07236268526591107,0.014821272885789015,0.05231037489102005,0.0,0.0,0.0,0.0,0.0,0.0,0.0,0.006974716652136007,0.0,0.0,0.0
precuneus-rh,0.0,0.0,0.0,0.0,0.0,0.0,0.0,0.0,0.0,0.0,0.0,0.0,0.0,0.0,0.0,0.0,0.0,0.0,0.0,0.0,0.0,0.0,0.0,0.0,0.0,0.0,0.0,0.0,0.0,0.0,0.0,0.0,0.0,0.0,0.0,0.0,0.0,0.0,0.0,0.0,0.0,0.0,0.0,0.0,0.0,0.0,0.0,0.0,0.0,0.0,0.0,0.0,0.0,0.0,0.0,0.0,0.0,0.0,0.0,0.0,0.0,0.0,0.0,0.0,0.0,0.0,0.0,0.0
rostralanteriorcingulate-lh,0.0,0.0,0.07004704652378463,0.06586513329848406,0.0,0.0,0.0,0.0,0.0,0.0465237846314689,0.08311552535284893,0.07318348144276006,0.0,0.014113957135389441,0.0,0.0,0.0,0.05175117616309462,0.05906952430737062,0.01150026136957658,0.0,0.0,0.0,0.0,0.0,0.04286461055933089,0.0,0.0,0.03972817564035546,0.0501829587036069,0.0,0.0,0.0,0.0,0.0,0.0,0.06586513329848406,0.0,0.03868269733403032,0.0,0.0,0.010454783063251438,0.0,0.0,0.0,0.0,0.0,0.0,0.0,0.0,0.037114479874542604,0.0,0.09409304756926294,0.05906952430737062,0.04286461055933089,0.018295870360690015,0.02561421850496602,0.0,0.0,0.0,0.0,0.0,0.0,0.0,0.0,0.0,0.0,0.0
rostralanteriorcingulate-rh,0.0,0.0,0.07422068283028203,0.0727362691736764,0.0,0.0,0.0,0.0,0.0,0.02028698664027709,0.08906481939633845,0.08164275111331024,0.0,0.0034636318654131617,0.0,0.0,0.0,0.01583374567046017,0.05987135081642751,0.009401286491835725,0.0,0.0,0.0,0.0,0.0,0.04057397328055418,0.0,0.0,0.05492330529440871,0.06580900544285008,0.0,0.0,0.0,0.0,0.0,0.0,0.06086095992083127,0.0,0.053933696190004946,0.0,0.0,0.0,0.0,0.0,0.0,0.0,0.0,0.0,0.0,0.0,0.04106877783275606,0.0,0.05789213260761999,0.09203364670954972,0.0475012370113805,0.008411677387431964,0.03364670954972786,0.0,0.0,0.0,0.0,0.0,0.0,0.0,0.01682335477486393,0.0,0.0,0.0
rostralmiddlefrontal-lh,0.0,0.0,0.06626047220106626,0.06397562833206398,0.0,0.0,0.0,0.0,0.0,0.015993907083015995,0.07311500380807312,0.07311500380807312,0.0,0.0,0.0,0.0,0.0,0.007616146230007616,0.05178979436405179,0.0,0.0,0.0,0.0,0.0,0.0,0.05864432597105865,0.0,0.0,0.06778370144706779,0.07311500380807312,0.0,0.0,0.0,0.0,0.0,0.0,0.041888804265041886,0.0,0.06626047220106626,0.0,0.0,0.0,0.0,0.0,0.0,0.0,0.0,0.0,0.0,0.0,0.06321401370906321,0.0,0.06397562833206398,0.07311500380807312,0.07235338918507235,0.012947448591012947,0.04722010662604722,0.0,0.0,0.0,0.0,0.0,0.0,0.0,0.007616146230007616,0.0,0.0,0.0
rostralmiddlefrontal-rh,0.0,0.0,0.04885057471264368,0.04885057471264368,0.0,0.0,0.0,0.0,0.0,0.08620689655172414,0.05747126436781609,0.04885057471264368,0.0,0.0,0.0,0.0,0.0,0.06609195402298851,0.04885057471264368,0.0,0.0,0.0,0.0,0.0,0.0,0.04885057471264368,0.0,0.0,0.04885057471264368,0.04885057471264368,0.0,0.0,0.0,0.0,0.0,0.0,0.04885057471264368,0.0,0.04885057471264368,0.0,0.0,0.0,0.0,0.0,0.0,0.0,0.0,0.0,0.0,0.0,0.04885057471264368,0.0,0.09482758620689655,0.04885057471264368,0.04885057471264368,0.10919540229885058,0.0,0.0,0.0,0.0,0.0,0.0,0.0,0.0,0.0,0.0,0.0,0.0
superiorfrontal-lh,0.0,0.0,0.061855670103092786,0.058419243986254296,0.0,0.0,0.0,0.0,0.0,0.0,0.07789232531500573,0.07789232531500573,0.0,0.0,0.0,0.0,0.0,0.0,0.04009163802978236,0.0,0.0,0.0,0.0,0.0,0.0,0.050400916380297825,0.0,0.0,0.07789232531500573,0.07789232531500573,0.0,0.0,0.0,0.0,0.0,0.0,0.025200458190148912,0.0,0.07789232531500573,0.0,0.0,0.0,0.0,0.0,0.0,0.0,0.0,0.0,0.0,0.0,0.07101947308132875,0.0,0.058419243986254296,0.07789232531500573,0.07331042382588775,0.0,0.07674684994272624,0.0,0.0,0.0,0.0,0.0,0.0,0.0,0.01718213058419244,0.0,0.0,0.0
superiorfrontal-rh,0.0,0.0,0.0,0.0,0.0,0.0,0.0,0.0,0.0,0.0,0.0,0.0,0.0,0.0,0.0,0.0,0.0,0.0,0.0,0.0,0.0,0.0,0.0,0.0,0.0,0.0,0.0,0.0,0.0,0.0,0.0,0.0,0.0,0.0,0.0,0.0,0.0,0.0,0.0,0.0,0.0,0.0,0.0,0.0,0.0,0.0,0.0,0.0,0.0,0.0,0.0,0.0,0.0,0.0,0.0,0.0,0.0,0.0,0.0,0.0,0.0,0.0,0.0,0.0,0.0,0.0,0.0,0.0
superiorparietal-lh,0.0,0.0,0.0,0.0,0.0,0.0,0.0,0.0,0.0,0.0,0.0,0.0,0.0,0.0,0.0,0.0,0.0,0.0,0.0,0.0,0.0,0.0,0.0,0.0,0.0,0.0,0.0,0.0,0.0,0.0,0.0,0.0,0.0,0.0,0.0,0.0,0.0,0.0,0.0,0.0,0.0,0.0,0.0,0.0,0.0,0.0,0.0,0.0,0.0,0.0,0.0,0.0,0.0,0.0,0.0,0.0,0.0,0.0,0.0,0.0,0.0,0.0,0.0,0.0,0.0,0.0,0.0,0.0
superiorparietal-rh,0.0,0.0,0.0,0.0,0.0,0.0,0.0,0.0,0.0,0.0,0.0,0.0,0.0,0.0,0.0,0.0,0.0,0.0,0.0,0.0,0.0,0.0,0.0,0.0,0.0,0.0,0.0,0.0,0.0,0.0,0.0,0.0,0.0,0.0,0.0,0.0,0.0,0.0,0.0,0.0,0.0,0.0,0.0,0.0,0.0,0.0,0.0,0.0,0.0,0.0,0.0,0.0,0.0,0.0,0.0,0.0,0.0,0.0,0.0,0.0,0.0,0.0,0.0,0.0,0.0,0.0,0.0,0.0
superiortemporal-lh,0.0,0.0,0.0,0.0,0.0,0.0,0.0,0.0,0.0,0.0,0.0,0.0,0.0,0.0,0.0,0.0,0.0,0.0,0.0,0.0,0.0,0.0,0.0,0.0,0.0,0.0,0.0,0.0,0.0,0.0,0.0,0.0,0.0,0.0,0.0,0.0,0.0,0.0,0.0,0.0,0.0,0.0,0.0,0.0,0.0,0.0,0.0,0.0,0.0,0.0,0.0,0.0,0.0,0.0,0.0,0.0,0.0,0.0,0.0,0.0,0.0,0.0,0.0,0.0,0.0,0.0,0.0,0.0
superiortemporal-rh,0.0,0.0,0.0,0.0,0.0,0.0,0.0,0.0,0.0,0.0,0.0,0.0,0.0,0.0,0.0,0.0,0.0,0.0,0.0,0.0,0.0,0.0,0.0,0.0,0.0,0.0,0.0,0.0,0.0,0.0,0.0,0.0,0.0,0.0,0.0,0.0,0.0,0.0,0.0,0.0,0.0,0.0,0.0,0.0,0.0,0.0,0.0,0.0,0.0,0.0,0.0,0.0,0.0,0.0,0.0,0.0,0.0,0.0,0.0,0.0,0.0,0.0,0.0,0.0,0.0,0.0,0.0,0.0
supramarginal-lh,0.0,0.0,0.0,0.0,0.0,0.0,0.0,0.0,0.0,0.0,0.0,0.0,0.0,0.0,0.0,0.0,0.0,0.0,0.0,0.0,0.0,0.0,0.0,0.0,0.0,0.0,0.0,0.0,0.0,0.0,0.0,0.0,0.0,0.0,0.0,0.0,0.0,0.0,0.0,0.0,0.0,0.0,0.0,0.0,0.0,0.0,0.0,0.0,0.0,0.0,0.0,0.0,0.0,0.0,0.0,0.0,0.0,0.0,0.0,0.0,0.0,0.0,0.0,0.0,0.0,0.0,0.0,0.0
supramarginal-rh,0.0,0.0,0.0,0.0,0.0,0.0,0.0,0.0,0.0,0.0,0.0,0.0,0.0,0.11464968152866242,0.0,0.0732484076433121,0.0,0.01910828025477707,0.0,0.0,0.028662420382165606,0.10509554140127389,0.0,0.0,0.0,0.0,0.0,0.04777070063694268,0.0,0.0,0.0,0.0,0.0,0.0,0.0,0.09235668789808917,0.0,0.0,0.0,0.0,0.0,0.0,0.0,0.16878980891719744,0.0,0.0,0.0,0.0,0.0,0.0,0.0,0.0,0.0,0.0,0.0,0.0,0.0,0.0,0.0,0.0,0.0,0.0,0.0,0.3503184713375796,0.0,0.0,0.0,0.0
temporalpole-lh,0.0,0.023391812865497075,0.005847953216374269,0.0,0.0,0.0,0.0,0.0,0.0,0.0,0.07894736842105263,0.06140350877192982,0.0,0.0,0.0,0.0,0.0,0.0,0.0,0.0,0.0,0.0,0.0,0.0,0.0,0.0,0.0,0.0,0.09649122807017543,0.12280701754385964,0.0,0.0,0.0,0.0,0.0,0.0,0.0,0.0,0.09649122807017543,0.0,0.0,0.0,0.0,0.0,0.0,0.0,0.0,0.0,0.0,0.0,0.029239766081871343,0.0,0.0,0.10526315789473684,0.03508771929824561,0.0,0.049707602339181284,0.0,0.0,0.0,0.0,0.0,0.0,0.0,0.2953216374269006,0.0,0.0,0.0
temporalpole-rh,0.0,0.0,0.0,0.0,0.0,0.0,0.0,0.0,0.0,0.0,0.0,0.0,0.0,0.0,0.0,0.0,0.0,0.0,0.0,0.0,0.0,0.0,0.0,0.0,0.0,0.0,0.0,0.0,0.0,0.0,0.0,0.0,0.0,0.0,0.0,0.0,0.0,0.0,0.0,0.0,0.0,0.0,0.0,0.0,0.0,0.0,0.0,0.0,0.0,0.0,0.0,0.0,0.0,0.0,0.0,0.0,0.0,0.0,0.0,0.0,0.0,0.0,0.0,0.0,0.0,0.0,0.0,0.0
transversetemporal-lh,0.0,0.0,0.0,0.0,0.0,0.0,0.0,0.0,0.0,0.0,0.0,0.0,0.0,0.0,0.0,0.0,0.0,0.0,0.0,0.0,0.0,0.0,0.0,0.0,0.0,0.0,0.0,0.0,0.0,0.0,0.0,0.0,0.0,0.0,0.0,0.0,0.0,0.0,0.0,0.0,0.0,0.0,0.0,0.0,0.0,0.0,0.0,0.0,0.0,0.0,0.0,0.0,0.0,0.0,0.0,0.0,0.0,0.0,0.0,0.0,0.0,0.0,0.0,0.0,0.0,0.0,0.0,0.0
transversetemporal-rh,0.0,0.0,0.0,0.0,0.0,0.0,0.0,0.0,0.0,0.0,0.0,0.0,0.0,0.0,0.0,0.0,0.0,0.0,0.0,0.0,0.0,0.0,0.0,0.0,0.0,0.0,0.0,0.0,0.0,0.0,0.0,0.0,0.0,0.0,0.0,0.0,0.0,0.0,0.0,0.0,0.0,0.0,0.0,0.0,0.0,0.0,0.0,0.0,0.0,0.0,0.0,0.0,0.0,0.0,0.0,0.0,0.0,0.0,0.0,0.0,0.0,0.0,0.0,0.0,0.0,0.0,0.0,0.0
