,Fp1,Fz,F3,F7,FT9,FC5,FC1,C3,T7,TP9,CP5,CP1,Pz,P3,P7,O1,Oz,O2,P4,P8,TP10,CP6,CP2,Cz,C4,T8,FT10,FC6,FC2,F4,F8,Fp2,AF7,AF3,AFz,F1,F5,FT7,FC3,C1,C5,TP7,CP3,P1,PO7,PO3,POz,PO4,PO8,P6,P2,CPz,CP4,TP8,C6,C2,FC4,FT8,F6,AF8,AF4,F2,FCz
Fp1,0.0,0.0,0.0,0.0,0.0,0.0,0.0,0.0,0.0,0.0,0.0,0.0,0.0,0.0,0.0,0.0,0.0,0.0,0.0,0.0,0.0,0.0,0.0,0.0,0.0,0.0,0.0,0.0,0.0,0.0,0.0,0.0,0.0,0.0,0.0,0.0,0.0,0.0,0.0,0.0,0.0,0.0,0.0,0.0,0.0,0.0,0.0,0.0,0.0,0.0,0.0,0.0,0.0,0.0,0.0,0.0,0.0,0.0,0.0,0.0,0.0,0.0,0.0
Fz,0.0,0.0,0.0,0.0,0.0,0.0,0.0,0.0,0.0,0.0,0.0,0.0,0.0,0.0,0.0,0.0,0.0,0.0,0.0,0.0,0.0,0.0,0.0,0.0,0.0,0.0,0.0,0.0,0.0,0.0,0.0,0.0,0.0,0.0,0.0,0.0,0.0,0.0,0.0,0.0,0.0,0.0,0.0,0.0,0.0,0.0,0.0,0.0,0.0,0.0,0.0,0.0,0.0,0.0,0.0,0.0,0.0,0.0,0.0,0.0,0.0,0.0,0.0
F3,0.0,0.0,0.0,0.0,0.0,0.0,0.0,0.0,0.0,0.0,0.0,0.0,0.0,0.0,0.0,0.0,0.0,0.0,0.0,0.0,0.0,0.0,0.0,0.0,0.0,0.0,0.0,0.0,0.0,0.0,0.0,0.0,0.0,0.0,0.0,0.0,0.0,0.0,0.0,0.0,0.0,0.0,0.0,0.0,0.0,0.0,0.0,0.0,0.0,0.0,0.0,0.0,0.0,0.0,0.0,0.0,0.0,0.0,0.0,0.0,0.0,0.0,0.0
F7,0.0,0.0,0.0,0.0,0.0,0.0,0.0,0.0,0.0,0.0,0.0,0.0,0.0,0.0,0.0,0.0,0.0,0.0,0.0,0.0,0.0,0.0,0.0,0.0,0.0,0.0,0.0,0.0,0.0,0.0,0.0,0.0,0.0,0.0,0.0,0.0,0.0,0.0,0.0,0.0,0.0,0.0,0.0,0.0,0.0,0.0,0.0,0.0,0.0,0.0,0.0,0.0,0.0,0.0,0.0,0.0,0.0,0.0,0.0,0.0,0.0,0.0,0.0
FT9,0.0,0.0,0.0,0.0,0.10828025477707007,0.0,0.0,0.0,0.0,0.0,0.0,0.11464968152866242,0.0,0.0,0.0,0.0,0.11464968152866242,0.0,0.0,0.0,0.0,0.0,0.0,0.10828025477707007,0.0,0.0,0.0,0.0,0.0,0.0,0.0,0.09554140127388536,0.0,0.0,0.0,0.0,0.0,0.0,0.11464968152866242,0.11464968152866242,0.0,0.0,0.0,0.0,0.0,0.0,0.0,0.11464968152866242,0.0,0.0,0.0,0.0,0.11464968152866242,0.0,0.0,0.0,0.0,0.0,0.0,0.0,0.0,0.0,0.0
FC5,0.0,0.0,0.0,0.0,0.0,0.11695906432748537,0.12280701754385964,0.1023391812865497,0.0,0.0,0.0,0.0,0.0,0.014619883040935672,0.1023391812865497,0.023391812865497075,0.0,0.0,0.017543859649122806,0.0,0.0,0.0,0.0,0.0,0.0,0.0,0.0,0.0,0.0,0.008771929824561403,0.0,0.0,0.0,0.02046783625730994,0.0,0.0,0.0,0.023391812865497075,0.0,0.0,0.0,0.0,0.0,0.0,0.0,0.0,0.0,0.0,0.014619883040935672,0.0,0.0,0.11403508771929824,0.0,0.0,0.11403508771929824,0.10818713450292397,0.0029239766081871343,0.0,0.0,0.0,0.0,0.05847953216374269,0.03508771929824561
FC1,0.0,0.0,0.0,0.0,0.0,0.10024449877750612,0.18581907090464547,0.08557457212713937,0.0,0.0,0.0,0.0,0.0,0.012224938875305624,0.09535452322738386,0.019559902200488997,0.0,0.0,0.014669926650366748,0.0,0.0,0.0,0.0,0.0,0.0,0.0,0.0,0.0,0.0,0.007334963325183374,0.0,0.0,0.0,0.017114914425427872,0.0,0.0,0.0,0.019559902200488997,0.0,0.0,0.0,0.0,0.0,0.0,0.0,0.0,0.0,0.0,0.012224938875305624,0.0,0.0,0.1491442542787286,0.0,0.0,0.097799511002445,0.10268948655256724,0.0024449877750611247,0.0,0.0,0.0,0.0,0.0488997555012225,0.029339853300733496
C3,0.0,0.0,0.0,0.0,0.0,0.109375,0.1125,0.10625,0.0,0.0,0.0,0.0,0.0,0.015625,0.10625,0.025,0.0,0.0,0.01875,0.0,0.0,0.0,0.0,0.0,0.0,0.0,0.0,0.0,0.0,0.009375,0.0,0.0,0.0,0.021875,0.0,0.0,0.0,0.025,0.0,0.0,0.0,0.0,0.0,0.0,0.0,0.0,0.0,0.0,0.015625,0.0,0.0,0.1125,0.0,0.0,0.10625,0.1125,0.003125,0.0,0.0,0.0,0.0,0.0625,0.0375
T7,0.0,0.0,0.0,0.0,0.0,0.0,0.0,0.0,0.0,0.0,0.0,0.0,0.0,0.0,0.0,0.0,0.0,0.0,0.0,0.0,0.0,0.0,0.0,0.0,0.0,0.0,0.0,0.0,0.0,0.0,0.0,0.0,0.0,0.0,0.0,0.0,0.0,0.0,0.0,0.0,0.0,0.0,0.0,0.0,0.0,0.0,0.0,0.0,0.0,0.0,0.0,0.0,0.0,0.0,0.0,0.0,0.0,0.0,0.0,0.0,0.0,0.0,0.0
TP9,0.0,0.0,0.0,0.0,0.0,0.0,0.0,0.0,0.0,0.0,0.0,0.0,0.0,0.0,0.0,0.0,0.0,0.0,0.0,0.0,0.0,0.0,0.0,0.0,0.0,0.0,0.0,0.0,0.0,0.0,0.0,0.0,0.0,0.0,0.0,0.0,0.0,0.0,0.0,0.0,0.0,0.0,0.0,0.0,0.0,0.0,0.0,0.0,0.0,0.0,0.0,0.0,0.0,0.0,0.0,0.0,0.0,0.0,0.0,0.0,0.0,0.0,0.0
CP5,0.0,0.0,0.0,0.0,0.0,0.0,0.0,0.0,0.0,0.0,0.0,0.0,0.0,0.0,0.0,0.0,0.0,0.0,0.0,0.0,0.0,0.0,0.0,0.0,0.0,0.0,0.0,0.0,0.0,0.0,0.0,0.0,0.0,0.0,0.0,0.0,0.0,0.0,0.0,0.0,0.0,0.0,0.0,0.0,0.0,0.0,0.0,0.0,0.0,0.0,0.0,0.0,0.0,0.0,0.0,0.0,0.0,0.0,0.0,0.0,0.0,0.0,0.0
CP1,0.0,0.0,0.0,0.0,0.07003891050583658,0.0,0.0,0.0,0.0,0.0,0.0,0.1517509727626459,0.0,0.0,0.0,0.0,0.14396887159533073,0.0,0.0,0.0,0.0,0.0,0.0,0.07003891050583658,0.0,0.0,0.0,0.0,0.0,0.0,0.0,0.0622568093385214,0.0,0.0,0.0,0.0,0.0,0.0,0.08949416342412451,0.10505836575875487,0.0,0.0,0.0,0.0,0.0,0.0,0.0,0.1556420233463035,0.0,0.0,0.0,0.0,0.1517509727626459,0.0,0.0,0.0,0.0,0.0,0.0,0.0,0.0,0.0,0.0
Pz,0.0,0.0,0.0,0.0,0.0,0.0,0.0,0.0,0.0,0.0,0.0,0.0,0.0,0.0,0.0,0.0,0.0,0.0,0.0,0.0,0.0,0.0,0.0,0.0,0.0,0.0,0.0,0.0,0.0,0.0,0.0,0.0,0.0,0.0,0.0,0.0,0.0,0.0,0.0,0.0,0.0,0.0,0.0,0.0,0.0,0.0,0.0,0.0,0.0,0.0,0.0,0.0,0.0,0.0,0.0,0.0,0.0,0.0,0.0,0.0,0.0,0.0,0.0
P3,0.0,0.0,0.0,0.0,0.0,0.06976744186046512,0.06976744186046512,0.06976744186046512,0.0,0.0,0.0,0.0,0.0,0.05813953488372093,0.06976744186046512,0.06976744186046512,0.0,0.0,0.06976744186046512,0.0,0.0,0.0,0.0,0.0,0.0,0.0,0.0,0.0,0.0,0.03488372093023256,0.0,0.0,0.0,0.06976744186046512,0.0,0.0,0.0,0.06976744186046512,0.0,0.0,0.0,0.0,0.0,0.0,0.0,0.0,0.0,0.0,0.05813953488372093,0.0,0.0,0.06976744186046512,0.0,0.0,0.06976744186046512,0.06976744186046512,0.011627906976744186,0.0,0.0,0.0,0.0,0.06976744186046512,0.0
P7,0.0,0.0,0.0,0.0,0.0,0.1021021021021021,0.12012012012012012,0.1021021021021021,0.0,0.0,0.0,0.0,0.0,0.015015015015015015,0.11411411411411411,0.021021021021021023,0.0,0.0,0.018018018018018018,0.0,0.0,0.0,0.0,0.0,0.0,0.0,0.0,0.0,0.0,0.009009009009009009,0.0,0.0,0.0,0.021021021021021023,0.0,0.0,0.0,0.021021021021021023,0.0,0.0,0.0,0.0,0.0,0.0,0.0,0.0,0.0,0.0,0.015015015015015015,0.0,0.0,0.12012012012012012,0.0,0.0,0.1021021021021021,0.12012012012012012,0.003003003003003003,0.0,0.0,0.0,0.0,0.06006006006006006,0.036036036036036036
O1,0.0,0.0,0.0,0.0,0.0,0.0784313725490196,0.08823529411764706,0.06862745098039216,0.0,0.0,0.0,0.0,0.0,0.049019607843137254,0.058823529411764705,0.0784313725490196,0.0,0.0,0.058823529411764705,0.0,0.0,0.0,0.0,0.0,0.0,0.0,0.0,0.0,0.0,0.029411764705882353,0.0,0.0,0.0,0.06862745098039216,0.0,0.0,0.0,0.0784313725490196,0.0,0.0,0.0,0.0,0.0,0.0,0.0,0.0,0.0,0.0,0.049019607843137254,0.0,0.0,0.08823529411764706,0.0,0.0,0.058823529411764705,0.0784313725490196,0.00980392156862745,0.0,0.0,0.0,0.0,0.058823529411764705,0.0
Oz,0.0,0.0,0.0,0.0,0.06164383561643835,0.0,0.0,0.0,0.0,0.0,0.0,0.13356164383561644,0.0,0.0,0.0,0.0,0.1643835616438356,0.0,0.0,0.0,0.0,0.0,0.0,0.06164383561643835,0.0,0.0,0.0,0.0,0.0,0.0,0.0,0.0547945205479452,0.0,0.0,0.0,0.0,0.0,0.0,0.08561643835616438,0.10273972602739725,0.0,0.0,0.0,0.0,0.0,0.0,0.0,0.1678082191780822,0.0,0.0,0.0,0.0,0.1678082191780822,0.0,0.0,0.0,0.0,0.0,0.0,0.0,0.0,0.0,0.0
O2,0.0,0.0,0.0,0.0,0.0,0.0,0.0,0.0,0.0,0.0,0.0,0.0,0.0,0.0,0.0,0.0,0.0,0.0,0.0,0.0,0.0,0.0,0.0,0.0,0.0,0.0,0.0,0.0,0.0,0.0,0.0,0.0,0.0,0.0,0.0,0.0,0.0,0.0,0.0,0.0,0.0,0.0,0.0,0.0,0.0,0.0,0.0,0.0,0.0,0.0,0.0,0.0,0.0,0.0,0.0,0.0,0.0,0.0,0.0,0.0,0.0,0.0,0.0
P4,0.0,0.0,0.0,0.0,0.0,0.07446808510638298,0.07446808510638298,0.07446808510638298,0.0,0.0,0.0,0.0,0.0,0.05319148936170213,0.06382978723404255,0.07446808510638298,0.0,0.0,0.06382978723404255,0.0,0.0,0.0,0.0,0.0,0.0,0.0,0.0,0.0,0.0,0.031914893617021274,0.0,0.0,0.0,0.07446808510638298,0.0,0.0,0.0,0.07446808510638298,0.0,0.0,0.0,0.0,0.0,0.0,0.0,0.0,0.0,0.0,0.05319148936170213,0.0,0.0,0.07446808510638298,0.0,0.0,0.06382978723404255,0.07446808510638298,0.010638297872340425,0.0,0.0,0.0,0.0,0.06382978723404255,0.0
P8,0.0,0.0,0.0,0.0,0.0,0.0,0.0,0.0,0.0,0.0,0.0,0.0,0.0,0.0,0.0,0.0,0.0,0.0,0.0,0.0,0.0,0.0,0.0,0.0,0.0,0.0,0.0,0.0,0.0,0.0,0.0,0.0,0.0,0.0,0.0,0.0,0.0,0.0,0.0,0.0,0.0,0.0,0.0,0.0,0.0,0.0,0.0,0.0,0.0,0.0,0.0,0.0,0.0,0.0,0.0,0.0,0.0,0.0,0.0,0.0,0.0,0.0,0.0
TP10,0.0,0.0,0.0,0.0,0.0,0.0,0.0,0.0,0.0,0.0,0.0,0.0,0.0,0.0,0.0,0.0,0.0,0.0,0.0,0.0,0.0,0.0,0.0,0.0,0.0,0.0,0.0,0.0,0.0,0.0,0.0,0.0,0.0,0.0,0.0,0.0,0.0,0.0,0.0,0.0,0.0,0.0,0.0,0.0,0.0,0.0,0.0,0.0,0.0,0.0,0.0,0.0,0.0,0.0,0.0,0.0,0.0,0.0,0.0,0.0,0.0,0.0,0.0
CP6,0.0,0.0,0.0,0.0,0.0,0.0,0.0,0.0,0.0,0.0,0.0,0.0,0.0,0.0,0.0,0.0,0.0,0.0,0.0,0.0,0.0,0.0,0.0,0.0,0.0,0.0,0.0,0.0,0.0,0.0,0.0,0.0,0.0,0.0,0.0,0.0,0.0,0.0,0.0,0.0,0.0,0.0,0.0,0.0,0.0,0.0,0.0,0.0,0.0,0.0,0.0,0.0,0.0,0.0,0.0,0.0,0.0,0.0,0.0,0.0,0.0,0.0,0.0
CP2,0.0,0.0,0.0,0.0,0.0,0.0,0.0,0.0,0.0,0.0,0.0,0.0,0.0,0.0,0.0,0.0,0.0,0.0,0.0,0.0,0.0,0.0,0.0,0.0,0.0,0.0,0.0,0.0,0.0,0.0,0.0,0.0,0.0,0.0,0.0,0.0,0.0,0.0,0.0,0.0,0.0,0.0,0.0,0.0,0.0,0.0,0.0,0.0,0.0,0.0,0.0,0.0,0.0,0.0,0.0,0.0,0.0,0.0,0.0,0.0,0.0,0.0,0.0
Cz,0.0,0.0,0.0,0.0,0.10828025477707007,0.0,0.0,0.0,0.0,0.0,0.0,0.11464968152866242,0.0,0.0,0.0,0.0,0.11464968152866242,0.0,0.0,0.0,0.0,0.0,0.0,0.10828025477707007,0.0,0.0,0.0,0.0,0.0,0.0,0.0,0.09554140127388536,0.0,0.0,0.0,0.0,0.0,0.0,0.11464968152866242,0.11464968152866242,0.0,0.0,0.0,0.0,0.0,0.0,0.0,0.11464968152866242,0.0,0.0,0.0,0.0,0.11464968152866242,0.0,0.0,0.0,0.0,0.0,0.0,0.0,0.0,0.0,0.0
C4,0.0,0.0,0.0,0.0,0.0,0.0,0.0,0.0,0.0,0.0,0.0,0.0,0.0,0.0,0.0,0.0,0.0,0.0,0.0,0.0,0.0,0.0,0.0,0.0,0.0,0.0,0.0,0.0,0.0,0.0,0.0,0.0,0.0,0.0,0.0,0.0,0.0,0.0,0.0,0.0,0.0,0.0,0.0,0.0,0.0,0.0,0.0,0.0,0.0,0.0,0.0,0.0,0.0,0.0,0.0,0.0,0.0,0.0,0.0,0.0,0.0,0.0,0.0
T8,0.0,0.0,0.0,0.0,0.0,0.0,0.0,0.0,0.0,0.0,0.0,0.0,0.0,0.0,0.0,0.0,0.0,0.0,0.0,0.0,0.0,0.0,0.0,0.0,0.0,0.0,0.0,0.0,0.0,0.0,0.0,0.0,0.0,0.0,0.0,0.0,0.0,0.0,0.0,0.0,0.0,0.0,0.0,0.0,0.0,0.0,0.0,0.0,0.0,0.0,0.0,0.0,0.0,0.0,0.0,0.0,0.0,0.0,0.0,0.0,0.0,0.0,0.0
FT10,0.0,0.0,0.0,0.0,0.0,0.0,0.0,0.0,0.0,0.0,0.0,0.0,0.0,0.0,0.0,0.0,0.0,0.0,0.0,0.0,0.0,0.0,0.0,0.0,0.0,0.0,0.0,0.0,0.0,0.0,0.0,0.0,0.0,0.0,0.0,0.0,0.0,0.0,0.0,0.0,0.0,0.0,0.0,0.0,0.0,0.0,0.0,0.0,0.0,0.0,0.0,0.0,0.0,0.0,0.0,0.0,0.0,0.0,0.0,0.0,0.0,0.0,0.0
FC6,0.0,0.0,0.0,0.0,0.0,0.0,0.0,0.0,0.0,0.0,0.0,0.0,0.0,0.0,0.0,0.0,0.0,0.0,0.0,0.0,0.0,0.0,0.0,0.0,0.0,0.0,0.0,0.0,0.0,0.0,0.0,0.0,0.0,0.0,0.0,0.0,0.0,0.0,0.0,0.0,0.0,0.0,0.0,0.0,0.0,0.0,0.0,0.0,0.0,0.0,0.0,0.0,0.0,0.0,0.0,0.0,0.0,0.0,0.0,0.0,0.0,0.0,0.0
FC2,0.0,0.0,0.0,0.0,0.0,0.0,0.0,0.0,0.0,0.0,0.0,0.0,0.0,0.0,0.0,0.0,0.0,0.0,0.0,0.0,0.0,0.0,0.0,0.0,0.0,0.0,0.0,0.0,0.0,0.0,0.0,0.0,0.0,0.0,0.0,0.0,0.0,0.0,0.0,0.0,0.0,0.0,0.0,0.0,0.0,0.0,0.0,0.0,0.0,0.0,0.0,0.0,0.0,0.0,0.0,0.0,0.0,0.0,0.0,0.0,0.0,0.0,0.0
F4,0.0,0.0,0.0,0.0,0.0,0.06666666666666667,0.06666666666666667,0.06666666666666667,0.0,0.0,0.0,0.0,0.0,0.06666666666666667,0.06666666666666667,0.06666666666666667,0.0,0.0,0.06666666666666667,0.0,0.0,0.0,0.0,0.0,0.0,0.0,0.0,0.0,0.0,0.05,0.0,0.0,0.0,0.06666666666666667,0.0,0.0,0.0,0.06666666666666667,0.0,0.0,0.0,0.0,0.0,0.0,0.0,0.0,0.0,0.0,0.06666666666666667,0.0,0.0,0.06666666666666667,0.0,0.0,0.06666666666666667,0.06666666666666667,0.016666666666666666,0.0,0.0,0.0,0.0,0.06666666666666667,0.0
F8,0.0,0.0,0.0,0.0,0.0,0.0,0.0,0.0,0.0,0.0,0.0,0.0,0.0,0.0,0.0,0.0,0.0,0.0,0.0,0.0,0.0,0.0,0.0,0.0,0.0,0.0,0.0,0.0,0.0,0.0,0.0,0.0,0.0,0.0,0.0,0.0,0.0,0.0,0.0,0.0,0.0,0.0,0.0,0.0,0.0,0.0,0.0,0.0,0.0,0.0,0.0,0.0,0.0,0.0,0.0,0.0,0.0,0.0,0.0,0.0,0.0,0.0,0.0
Fp2,0.0,0.0,0.0,0.0,0.11188811188811189,0.0,0.0,0.0,0.0,0.0,0.0,0.11188811188811189,0.0,0.0,0.0,0.0,0.11188811188811189,0.0,0.0,0.0,0.0,0.0,0.0,0.11188811188811189,0.0,0.0,0.0,0.0,0.0,0.0,0.0,0.1048951048951049,0.0,0.0,0.0,0.0,0.0,0.0,0.11188811188811189,0.11188811188811189,0.0,0.0,0.0,0.0,0.0,0.0,0.0,0.11188811188811189,0.0,0.0,0.0,0.0,0.11188811188811189,0.0,0.0,0.0,0.0,0.0,0.0,0.0,0.0,0.0,0.0
AF7,0.0,0.0,0.0,0.0,0.0,0.0,0.0,0.0,0.0,0.0,0.0,0.0,0.0,0.0,0.0,0.0,0.0,0.0,0.0,0.0,0.0,0.0,0.0,0.0,0.0,0.0,0.0,0.0,0.0,0.0,0.0,0.0,0.0,0.0,0.0,0.0,0.0,0.0,0.0,0.0,0.0,0.0,0.0,0.0,0.0,0.0,0.0,0.0,0.0,0.0,0.0,0.0,0.0,0.0,0.0,0.0,0.0,0.0,0.0,0.0,0.0,0.0,0.0
AF3,0.0,0.0,0.0,0.0,0.0,0.08,0.08,0.07,0.0,0.0,0.0,0.0,0.0,0.05,0.06,0.08,0.0,0.0,0.06,0.0,0.0,0.0,0.0,0.0,0.0,0.0,0.0,0.0,0.0,0.03,0.0,0.0,0.0,0.07,0.0,0.0,0.0,0.08,0.0,0.0,0.0,0.0,0.0,0.0,0.0,0.0,0.0,0.0,0.05,0.0,0.0,0.08,0.0,0.0,0.06,0.08,0.01,0.0,0.0,0.0,0.0,0.06,0.0
AFz,0.0,0.0,0.0,0.0,0.0,0.0,0.0,0.0,0.0,0.0,0.0,0.0,0.0,0.0,0.0,0.0,0.0,0.0,0.0,0.0,0.0,0.0,0.0,0.0,0.0,0.0,0.0,0.0,0.0,0.0,0.0,0.0,0.0,0.0,0.0,0.0,0.0,0.0,0.0,0.0,0.0,0.0,0.0,0.0,0.0,0.0,0.0,0.0,0.0,0.0,0.0,0.0,0.0,0.0,0.0,0.0,0.0,0.0,0.0,0.0,0.0,0.0,0.0
F1,0.0,0.0,0.0,0.0,0.0,0.0,0.0,0.0,0.0,0.0,0.0,0.0,0.0,0.0,0.0,0.0,0.0,0.0,0.0,0.0,0.0,0.0,0.0,0.0,0.0,0.0,0.0,0.0,0.0,0.0,0.0,0.0,0.0,0.0,0.0,0.0,0.0,0.0,0.0,0.0,0.0,0.0,0.0,0.0,0.0,0.0,0.0,0.0,0.0,0.0,0.0,0.0,0.0,0.0,0.0,0.0,0.0,0.0,0.0,0.0,0.0,0.0,0.0
F5,0.0,0.0,0.0,0.0,0.0,0.0,0.0,0.0,0.0,0.0,0.0,0.0,0.0,0.0,0.0,0.0,0.0,0.0,0.0,0.0,0.0,0.0,0.0,0.0,0.0,0.0,0.0,0.0,0.0,0.0,0.0,0.0,0.0,0.0,0.0,0.0,0.0,0.0,0.0,0.0,0.0,0.0,0.0,0.0,0.0,0.0,0.0,0.0,0.0,0.0,0.0,0.0,0.0,0.0,0.0,0.0,0.0,0.0,0.0,0.0,0.0,0.0,0.0
FT7,0.0,0.0,0.0,0.0,0.0,0.0784313725490196,0.08823529411764706,0.06862745098039216,0.0,0.0,0.0,0.0,0.0,0.049019607843137254,0.058823529411764705,0.0784313725490196,0.0,0.0,0.058823529411764705,0.0,0.0,0.0,0.0,0.0,0.0,0.0,0.0,0.0,0.0,0.029411764705882353,0.0,0.0,0.0,0.06862745098039216,0.0,0.0,0.0,0.0784313725490196,0.0,0.0,0.0,0.0,0.0,0.0,0.0,0.0,0.0,0.0,0.049019607843137254,0.0,0.0,0.08823529411764706,0.0,0.0,0.058823529411764705,0.0784313725490196,0.00980392156862745,0.0,0.0,0.0,0.0,0.058823529411764705,0.0
FC3,0.0,0.0,0.0,0.0,0.08955223880597014,0.0,0.0,0.0,0.0,0.0,0.0,0.12437810945273632,0.0,0.0,0.0,0.0,0.12437810945273632,0.0,0.0,0.0,0.0,0.0,0.0,0.08955223880597014,0.0,0.0,0.0,0.0,0.0,0.0,0.0,0.07960199004975124,0.0,0.0,0.0,0.0,0.0,0.0,0.11940298507462686,0.12437810945273632,0.0,0.0,0.0,0.0,0.0,0.0,0.0,0.12437810945273632,0.0,0.0,0.0,0.0,0.12437810945273632,0.0,0.0,0.0,0.0,0.0,0.0,0.0,0.0,0.0,0.0
C1,0.0,0.0,0.0,0.0,0.08,0.0,0.0,0.0,0.0,0.0,0.0,0.1288888888888889,0.0,0.0,0.0,0.0,0.13333333333333333,0.0,0.0,0.0,0.0,0.0,0.0,0.08,0.0,0.0,0.0,0.0,0.0,0.0,0.0,0.07111111111111111,0.0,0.0,0.0,0.0,0.0,0.0,0.1111111111111111,0.1288888888888889,0.0,0.0,0.0,0.0,0.0,0.0,0.0,0.13333333333333333,0.0,0.0,0.0,0.0,0.13333333333333333,0.0,0.0,0.0,0.0,0.0,0.0,0.0,0.0,0.0,0.0
C5,0.0,0.0,0.0,0.0,0.0,0.0,0.0,0.0,0.0,0.0,0.0,0.0,0.0,0.0,0.0,0.0,0.0,0.0,0.0,0.0,0.0,0.0,0.0,0.0,0.0,0.0,0.0,0.0,0.0,0.0,0.0,0.0,0.0,0.0,0.0,0.0,0.0,0.0,0.0,0.0,0.0,0.0,0.0,0.0,0.0,0.0,0.0,0.0,0.0,0.0,0.0,0.0,0.0,0.0,0.0,0.0,0.0,0.0,0.0,0.0,0.0,0.0,0.0
TP7,0.0,0.0,0.0,0.0,0.0,0.0,0.0,0.0,0.0,0.0,0.0,0.0,0.0,0.0,0.0,0.0,0.0,0.0,0.0,0.0,0.0,0.0,0.0,0.0,0.0,0.0,0.0,0.0,0.0,0.0,0.0,0.0,0.0,0.0,0.0,0.0,0.0,0.0,0.0,0.0,0.0,0.0,0.0,0.0,0.0,0.0,0.0,0.0,0.0,0.0,0.0,0.0,0.0,0.0,0.0,0.0,0.0,0.0,0.0,0.0,0.0,0.0,0.0
CP3,0.0,0.0,0.0,0.0,0.0,0.0,0.0,0.0,0.0,0.0,0.0,0.0,0.0,0.0,0.0,0.0,0.0,0.0,0.0,0.0,0.0,0.0,0.0,0.0,0.0,0.0,0.0,0.0,0.0,0.0,0.0,0.0,0.0,0.0,0.0,0.0,0.0,0.0,0.0,0.0,0.0,0.0,0.0,0.0,0.0,0.0,0.0,0.0,0.0,0.0,0.0,0.0,0.0,0.0,0.0,0.0,0.0,0.0,0.0,0.0,0.0,0.0,0.0
P1,0.0,0.0,0.0,0.0,0.0,0.0,0.0,0.0,0.0,0.0,0.0,0.0,0.0,0.0,0.0,0.0,0.0,0.0,0.0,0.0,0.0,0.0,0.0,0.0,0.0,0.0,0.0,0.0,0.0,0.0,0.0,0.0,0.0,0.0,0.0,0.0,0.0,0.0,0.0,0.0,0.0,0.0,0.0,0.0,0.0,0.0,0.0,0.0,0.0,0.0,0.0,0.0,0.0,0.0,0.0,0.0,0.0,0.0,0.0,0.0,0.0,0.0,0.0
PO7,0.0,0.0,0.0,0.0,0.0,0.0,0.0,0.0,0.0,0.0,0.0,0.0,0.0,0.0,0.0,0.0,0.0,0.0,0.0,0.0,0.0,0.0,0.0,0.0,0.0,0.0,0.0,0.0,0.0,0.0,0.0,0.0,0.0,0.0,0.0,0.0,0.0,0.0,0.0,0.0,0.0,0.0,0.0,0.0,0.0,0.0,0.0,0.0,0.0,0.0,0.0,0.0,0.0,0.0,0.0,0.0,0.0,0.0,0.0,0.0,0.0,0.0,0.0
PO3,0.0,0.0,0.0,0.0,0.0,0.0,0.0,0.0,0.0,0.0,0.0,0.0,0.0,0.0,0.0,0.0,0.0,0.0,0.0,0.0,0.0,0.0,0.0,0.0,0.0,0.0,0.0,0.0,0.0,0.0,0.0,0.0,0.0,0.0,0.0,0.0,0.0,0.0,0.0,0.0,0.0,0.0,0.0,0.0,0.0,0.0,0.0,0.0,0.0,0.0,0.0,0.0,0.0,0.0,0.0,0.0,0.0,0.0,0.0,0.0,0.0,0.0,0.0
POz,0.0,0.0,0.0,0.0,0.0,0.0,0.0,0.0,0.0,0.0,0.0,0.0,0.0,0.0,0.0,0.0,0.0,0.0,0.0,0.0,0.0,0.0,0.0,0.0,0.0,0.0,0.0,0.0,0.0,0.0,0.0,0.0,0.0,0.0,0.0,0.0,0.0,0.0,0.0,0.0,0.0,0.0,0.0,0.0,0.0,0.0,0.0,0.0,0.0,0.0,0.0,0.0,0.0,0.0,0.0,0.0,0.0,0.0,0.0,0.0,0.0,0.0,0.0
PO4,0.0,0.0,0.0,0.0,0.05714285714285714,0.0,0.0,0.0,0.0,0.0,0.0,0.12698412698412698,0.0,0.0,0.0,0.0,0.15555555555555556,0.0,0.0,0.0,0.0,0.0,0.0,0.05714285714285714,0.0,0.0,0.0,0.0,0.0,0.0,0.0,0.050793650793650794,0.0,0.0,0.0,0.0,0.0,0.0,0.07936507936507936,0.09523809523809523,0.0,0.0,0.0,0.0,0.0,0.0,0.0,0.21904761904761905,0.0,0.0,0.0,0.0,0.15873015873015872,0.0,0.0,0.0,0.0,0.0,0.0,0.0,0.0,0.0,0.0
PO8,0.0,0.0,0.0,0.0,0.0,0.06976744186046512,0.06976744186046512,0.06976744186046512,0.0,0.0,0.0,0.0,0.0,0.05813953488372093,0.06976744186046512,0.06976744186046512,0.0,0.0,0.06976744186046512,0.0,0.0,0.0,0.0,0.0,0.0,0.0,0.0,0.0,0.0,0.03488372093023256,0.0,0.0,0.0,0.06976744186046512,0.0,0.0,0.0,0.06976744186046512,0.0,0.0,0.0,0.0,0.0,0.0,0.0,0.0,0.0,0.0,0.05813953488372093,0.0,0.0,0.06976744186046512,0.0,0.0,0.06976744186046512,0.06976744186046512,0.011627906976744186,0.0,0.0,0.0,0.0,0.06976744186046512,0.0
P6,0.0,0.0,0.0,0.0,0.0,0.0,0.0,0.0,0.0,0.0,0.0,0.0,0.0,0.0,0.0,0.0,0.0,0.0,0.0,0.0,0.0,0.0,0.0,0.0,0.0,0.0,0.0,0.0,0.0,0.0,0.0,0.0,0.0,0.0,0.0,0.0,0.0,0.0,0.0,0.0,0.0,0.0,0.0,0.0,0.0,0.0,0.0,0.0,0.0,0.0,0.0,0.0,0.0,0.0,0.0,0.0,0.0,0.0,0.0,0.0,0.0,0.0,0.0
P2,0.0,0.0,0.0,0.0,0.0,0.0,0.0,0.0,0.0,0.0,0.0,0.0,0.0,0.0,0.0,0.0,0.0,0.0,0.0,0.0,0.0,0.0,0.0,0.0,0.0,0.0,0.0,0.0,0.0,0.0,0.0,0.0,0.0,0.0,0.0,0.0,0.0,0.0,0.0,0.0,0.0,0.0,0.0,0.0,0.0,0.0,0.0,0.0,0.0,0.0,0.0,0.0,0.0,0.0,0.0,0.0,0.0,0.0,0.0,0.0,0.0,0.0,0.0
CPz,0.0,0.0,0.0,0.0,0.0,0.09424083769633508,0.15706806282722513,0.09162303664921466,0.0,0.0,0.0,0.0,0.0,0.013089005235602094,0.10209424083769633,0.020942408376963352,0.0,0.0,0.015706806282722512,0.0,0.0,0.0,0.0,0.0,0.0,0.0,0.0,0.0,0.0,0.007853403141361256,0.0,0.0,0.0,0.01832460732984293,0.0,0.0,0.0,0.020942408376963352,0.0,0.0,0.0,0.0,0.0,0.0,0.0,0.0,0.0,0.0,0.013089005235602094,0.0,0.0,0.15706806282722513,0.0,0.0,0.09162303664921466,0.1099476439790576,0.002617801047120419,0.0,0.0,0.0,0.0,0.05235602094240838,0.031413612565445025
CP4,0.0,0.0,0.0,0.0,0.06143344709897611,0.0,0.0,0.0,0.0,0.0,0.0,0.13651877133105803,0.0,0.0,0.0,0.0,0.16040955631399317,0.0,0.0,0.0,0.0,0.0,0.0,0.06143344709897611,0.0,0.0,0.0,0.0,0.0,0.0,0.0,0.05460750853242321,0.0,0.0,0.0,0.0,0.0,0.0,0.08532423208191127,0.10238907849829351,0.0,0.0,0.0,0.0,0.0,0.0,0.0,0.17064846416382254,0.0,0.0,0.0,0.0,0.16723549488054607,0.0,0.0,0.0,0.0,0.0,0.0,0.0,0.0,0.0,0.0
TP8,0.0,0.0,0.0,0.0,0.0,0.0,0.0,0.0,0.0,0.0,0.0,0.0,0.0,0.0,0.0,0.0,0.0,0.0,0.0,0.0,0.0,0.0,0.0,0.0,0.0,0.0,0.0,0.0,0.0,0.0,0.0,0.0,0.0,0.0,0.0,0.0,0.0,0.0,0.0,0.0,0.0,0.0,0.0,0.0,0.0,0.0,0.0,0.0,0.0,0.0,0.0,0.0,0.0,0.0,0.0,0.0,0.0,0.0,0.0,0.0,0.0,0.0,0.0
C6,0.0,0.0,0.0,0.0,0.0,0.11538461538461539,0.12130177514792899,0.10355029585798817,0.0,0.0,0.0,0.0,0.0,0.014792899408284023,0.10650887573964497,0.020710059171597635,0.0,0.0,0.01775147928994083,0.0,0.0,0.0,0.0,0.0,0.0,0.0,0.0,0.0,0.0,0.008875739644970414,0.0,0.0,0.0,0.020710059171597635,0.0,0.0,0.0,0.020710059171597635,0.0,0.0,0.0,0.0,0.0,0.0,0.0,0.0,0.0,0.0,0.014792899408284023,0.0,0.0,0.11242603550295859,0.0,0.0,0.11538461538461539,0.10946745562130178,0.0029585798816568047,0.0,0.0,0.0,0.0,0.05917159763313609,0.03550295857988166
C2,0.0,0.0,0.0,0.0,0.0,0.10204081632653061,0.12536443148688048,0.09912536443148688,0.0,0.0,0.0,0.0,0.0,0.014577259475218658,0.11078717201166181,0.023323615160349854,0.0,0.0,0.01749271137026239,0.0,0.0,0.0,0.0,0.0,0.0,0.0,0.0,0.0,0.0,0.008746355685131196,0.0,0.0,0.0,0.02040816326530612,0.0,0.0,0.0,0.023323615160349854,0.0,0.0,0.0,0.0,0.0,0.0,0.0,0.0,0.0,0.0,0.014577259475218658,0.0,0.0,0.12536443148688048,0.0,0.0,0.09912536443148688,0.119533527696793,0.0029154518950437317,0.0,0.0,0.0,0.0,0.05830903790087463,0.03498542274052478
FC4,0.0,0.0,0.0,0.0,0.0,0.06451612903225806,0.06451612903225806,0.06451612903225806,0.0,0.0,0.0,0.0,0.0,0.06451612903225806,0.06451612903225806,0.06451612903225806,0.0,0.0,0.06451612903225806,0.0,0.0,0.0,0.0,0.0,0.0,0.0,0.0,0.0,0.0,0.06451612903225806,0.0,0.0,0.0,0.06451612903225806,0.0,0.0,0.0,0.06451612903225806,0.0,0.0,0.0,0.0,0.0,0.0,0.0,0.0,0.0,0.0,0.06451612903225806,0.0,0.0,0.06451612903225806,0.0,0.0,0.06451612903225806,0.06451612903225806,0.03225806451612903,0.0,0.0,0.0,0.0,0.06451612903225806,0.0
FT8,0.0,0.0,0.0,0.0,0.0,0.0,0.0,0.0,0.0,0.0,0.0,0.0,0.0,0.0,0.0,0.0,0.0,0.0,0.0,0.0,0.0,0.0,0.0,0.0,0.0,0.0,0.0,0.0,0.0,0.0,0.0,0.0,0.0,0.0,0.0,0.0,0.0,0.0,0.0,0.0,0.0,0.0,0.0,0.0,0.0,0.0,0.0,0.0,0.0,0.0,0.0,0.0,0.0,0.0,0.0,0.0,0.0,0.0,0.0,0.0,0.0,0.0,0.0
F6,0.0,0.0,0.0,0.0,0.0,0.0,0.0,0.0,0.0,0.0,0.0,0.0,0.0,0.0,0.0,0.0,0.0,0.0,0.0,0.0,0.0,0.0,0.0,0.0,0.0,0.0,0.0,0.0,0.0,0.0,0.0,0.0,0.0,0.0,0.0,0.0,0.0,0.0,0.0,0.0,0.0,0.0,0.0,0.0,0.0,0.0,0.0,0.0,0.0,0.0,0.0,0.0,0.0,0.0,0.0,0.0,0.0,0.0,0.0,0.0,0.0,0.0,0.0
AF8,0.0,0.0,0.0,0.0,0.0,0.0,0.0,0.0,0.0,0.0,0.0,0.0,0.0,0.0,0.0,0.0,0.0,0.0,0.0,0.0,0.0,0.0,0.0,0.0,0.0,0.0,0.0,0.0,0.0,0.0,0.0,0.0,0.0,0.0,0.0,0.0,0.0,0.0,0.0,0.0,0.0,0.0,0.0,0.0,0.0,0.0,0.0,0.0,0.0,0.0,0.0,0.0,0.0,0.0,0.0,0.0,0.0,0.0,0.0,0.0,0.0,0.0,0.0
AF4,0.0,0.0,0.0,0.0,0.0,0.0,0.0,0.0,0.0,0.0,0.0,0.0,0.0,0.0,0.0,0.0,0.0,0.0,0.0,0.0,0.0,0.0,0.0,0.0,0.0,0.0,0.0,0.0,0.0,0.0,0.0,0.0,0.0,0.0,0.0,0.0,0.0,0.0,0.0,0.0,0.0,0.0,0.0,0.0,0.0,0.0,0.0,0.0,0.0,0.0,0.0,0.0,0.0,0.0,0.0,0.0,0.0,0.0,0.0,0.0,0.0,0.0,0.0
F2,0.0,0.0,0.0,0.0,0.0,0.09813084112149532,0.09813084112149532,0.09813084112149532,0.0,0.0,0.0,0.0,0.0,0.02336448598130841,0.09345794392523364,0.03271028037383177,0.0,0.0,0.028037383177570093,0.0,0.0,0.0,0.0,0.0,0.0,0.0,0.0,0.0,0.0,0.014018691588785047,0.0,0.0,0.0,0.03271028037383177,0.0,0.0,0.0,0.03271028037383177,0.0,0.0,0.0,0.0,0.0,0.0,0.0,0.0,0.0,0.0,0.02336448598130841,0.0,0.0,0.09813084112149532,0.0,0.0,0.09345794392523364,0.09813084112149532,0.004672897196261682,0.0,0.0,0.0,0.0,0.08878504672897196,0.04205607476635514
FCz,0.0,0.0,0.0,0.0,0.0,0.10655737704918032,0.10655737704918032,0.10655737704918032,0.0,0.0,0.0,0.0,0.0,0.00819672131147541,0.10655737704918032,0.00819672131147541,0.0,0.0,0.00819672131147541,0.0,0.0,0.0,0.0,0.0,0.0,0.0,0.0,0.0,0.0,0.00819672131147541,0.0,0.0,0.0,0.00819672131147541,0.0,0.0,0.0,0.00819672131147541,0.0,0.0,0.0,0.0,0.0,0.0,0.0,0.0,0.0,0.0,0.00819672131147541,0.0,0.0,0.10655737704918032,0.0,0.0,0.10655737704918032,0.10655737704918032,0.00819672131147541,0.0,0.0,0.0,0.0,0.09836065573770492,0.09016393442622951
