,S1_D1 hbo,S1_D3 hbo,S2_D1 hbo,S2_D2 hbo,S2_D4 hbo,S3_D1 hbo,S3_D3 hbo,S3_D4 hbo,S3_D5 hbo,S4_D2 hbo,S4_D4 hbo,S4_D6 hbo,S4_D11 hbo,S5_D3 hbo,S5_D5 hbo,S5_D7 hbo,S6_D4 hbo,S6_D5 hbo,S6_D6 hbo,S6_D8 hbo,S7_D5 hbo,S7_D7 hbo,S7_D8 hbo,S8_D6 hbo,S8_D8 hbo,S8_D15 hbo,S9_D2 hbo,S9_D9 hbo,S9_D11 hbo,S10_D9 hbo,S10_D10 hbo,S10_D12 hbo,S11_D9 hbo,S11_D11 hbo,S11_D12 hbo,S11_D13 hbo,S12_D10 hbo,S12_D12 hbo,S12_D14 hbo,S13_D6 hbo,S13_D11 hbo,S13_D13 hbo,S13_D15 hbo,S14_D12 hbo,S14_D13 hbo,S14_D14 hbo,S14_D16 hbo,S15_D13 hbo,S15_D15 hbo,S15_D16 hbo,S16_D14 hbo,S16_D16 hbo
S1_D1 hbo,0.00026042756535106694,0.00026042756535106694,-0.0017996671890756581,0.00026042756535106694,0.00026042756535106694,0.00026042756535106694,0.00026042756535106694,0.008289903211532222,-0.0005636103364196288,-0.0013876482381903104,0.00026042756535106694,-0.0017996671890756581,0.00026042756535106694,0.00026042756535106694,0.00026042756535106694,0.00026042756535106694,0.00026042756535106694,0.00026042756535106694,-0.0017996671890756581,0.00026042756535106694,0.00026042756535106694,0.00026042756535106694,-0.00015159138553428092,0.00026042756535106694,-0.0005636103364196288,0.00026042756535106694,0.00026042756535106694,-0.0013370788832582868,0.030540974552318516,0.02725239575531481,-0.03987390463824134,0.0,0.00026042756535106694,0.00026042756535106694,0.00026042756535106694,0.00026042756535106694,0.00026042756535106694,0.00026042756535106694,0.00026042756535106694,0.00026042756535106694,-0.0017996671890756581,0.00026042756535106694,0.00026042756535106694,0.00026042756535106694,0.00026042756535106694,0.00026042756535106694,0.00026042756535106694,-0.004683799845273065,0.00026042756535106694,0.00026042756535106694,-0.0196987534521643,0.00026042756535106694
S1_D3 hbo,-0.0005578072526043426,0.0006086125942682525,-0.0028906469463495185,-0.0001690006369801395,0.0006086125942682525,0.0002198059786440565,-0.0005578072526043426,0.007848868841570447,-0.0017242270994769307,-0.0009466138682285315,-0.0001690006369801395,-0.0028906469463495185,0.0006086125942682525,0.0002198059786440565,0.0006086125942682525,0.0006086125942682525,0.0006086125942682525,0.0006086125942682525,-0.0028906469463495185,0.0006086125942682525,0.0006086125942682525,0.0006086125942682525,-0.0013354204838527345,0.0006086125942682525,-0.0017242270994769307,0.0006086125942682525,0.0006086125942682525,-0.0024280586405321476,0.029496419465566942,0.02616141599804093,-0.03843473985205028,0.0,0.0006086125942682525,0.0006086125942682525,0.0006086125942682525,0.0006086125942682525,0.0006086125942682525,0.0006086125942682525,0.0006086125942682525,0.0006086125942682525,-0.0028906469463495185,0.0006086125942682525,0.0006086125942682525,0.0006086125942682525,0.0006086125942682525,0.0006086125942682525,0.0006086125942682525,-0.004057066793222114,0.0006086125942682525,0.0006086125942682525,-0.018538136689106994,0.0006086125942682525
S2_D1 hbo,-1.004682924183843e-05,-1.004682924183843e-05,-1.004682924183843e-05,-1.004682924183843e-05,-1.004682924183843e-05,-1.004682924183843e-05,-1.004682924183843e-05,0.009199275970307529,-1.004682924183843e-05,-0.0018495695293674862,-1.004682924183843e-05,-1.004682924183843e-05,-1.004682924183843e-05,-1.004682924183843e-05,-1.004682924183843e-05,-1.004682924183843e-05,-1.004682924183843e-05,-1.004682924183843e-05,-1.004682924183843e-05,-1.004682924183843e-05,-1.004682924183843e-05,-1.004682924183843e-05,-1.004682924183843e-05,-1.004682924183843e-05,-1.004682924183843e-05,-1.004682924183843e-05,-1.004682924183843e-05,0.00045254147657553277,0.032694752138891614,0.02904201611514862,-0.04193399939266806,0.0,-1.004682924183843e-05,-1.004682924183843e-05,-1.004682924183843e-05,-1.004682924183843e-05,-1.004682924183843e-05,-1.004682924183843e-05,-1.004682924183843e-05,-1.004682924183843e-05,-1.004682924183843e-05,-1.004682924183843e-05,-1.004682924183843e-05,-1.004682924183843e-05,-1.004682924183843e-05,-1.004682924183843e-05,-1.004682924183843e-05,-0.0055286149296187815,-1.004682924183843e-05,-1.004682924183843e-05,-0.021644388191869604,-1.004682924183843e-05
S2_D2 hbo,0.0003256897969521968,0.0003256897969521968,-0.0021071684307050506,0.0003256897969521968,0.0003256897969521968,0.0003256897969521968,0.0003256897969521968,0.008165594198958638,-0.0008907393168764234,-0.0012962156881526396,0.0003256897969521968,-0.0021071684307050506,0.0003256897969521968,0.0003256897969521968,0.0003256897969521968,0.0003256897969521968,0.0003256897969521968,0.0003256897969521968,-0.0021071684307050506,0.0003256897969521968,0.0003256897969521968,0.0003256897969521968,-0.0004852629456002214,0.0003256897969521968,-0.0008907393168764234,0.0003256897969521968,0.0003256897969521968,-0.0016445801248876795,0.030246558469907394,0.026944894513685407,-0.039501141165010814,0.0,0.0003256897969521968,0.0003256897969521968,0.0003256897969521968,0.0003256897969521968,0.0003256897969521968,0.0003256897969521968,0.0003256897969521968,0.0003256897969521968,-0.0021071684307050506,0.0003256897969521968,0.0003256897969521968,0.0003256897969521968,0.0003256897969521968,0.0003256897969521968,0.0003256897969521968,-0.004540026658362299,0.0003256897969521968,0.0003256897969521968,-0.019404500934243403,0.0003256897969521968
S2_D4 hbo,-0.0026892878956408573,-0.0012692045042682252,-0.004819412982699805,-0.002334267047797699,0.0028149256670032055,-0.0019792461999545412,-0.0026892878956408573,0.00718986737936151,-0.0037543504391703312,0.0013948422756305738,-0.002334267047797699,-0.004819412982699805,-0.0009141836564250672,-0.0019792461999545412,-0.00020414196073875122,0.0008609205827907227,0.0024599048191600477,0.0005058997349475647,-0.004819412982699805,0.0028149256670032055,0.002370454396661701,-0.0009141836564250672,-0.003399329591327173,0.0028149256670032055,-0.0037543504391703312,-0.0012692045042682252,0.0008609205827907227,-0.004356824676882434,0.027532191181821125,0.02397596930941029,-0.03387226134699274,0.0,0.0028149256670032055,-0.0012692045042682252,0.00015087888710440677,-0.0005591628085819092,0.0028149256670032055,0.0005953501574459041,0.0028149256670032055,-0.0009141836564250672,-0.004819412982699805,0.002015433548818543,0.0008609205827907227,0.0028149256670032055,0.0015709622784770387,0.0028149256670032055,0.0028149256670032055,-0.0014453245071146972,0.0028149256670032055,0.0028149256670032055,-0.014944459251605343,0.0028149256670032055
S3_D1 hbo,6.319671121032474e-06,0.00040577019096646797,-0.0023903834479515524,0.00040577019096646797,0.00040577019096646797,0.00040577019096646797,6.319671121032474e-06,0.008051103021773882,-0.0011920318884152598,-0.0011920318884152598,0.00040577019096646797,-0.0023903834479515524,0.00040577019096646797,0.00040577019096646797,0.00040577019096646797,0.00040577019096646797,0.00040577019096646797,0.00040577019096646797,-0.0023903834479515524,0.00040577019096646797,0.00040577019096646797,0.00040577019096646797,-0.0007925813685698314,0.00040577019096646797,-0.0011920318884152598,0.00040577019096646797,0.00040577019096646797,-0.001927795142134181,0.029975395155522444,0.026661679496438908,-0.03913784575375004,0.0,0.00040577019096646797,0.00040577019096646797,0.00040577019096646797,0.00040577019096646797,0.00040577019096646797,0.00040577019096646797,0.00040577019096646797,0.00040577019096646797,-0.0023903834479515524,0.00040577019096646797,0.00040577019096646797,0.00040577019096646797,0.00040577019096646797,0.00040577019096646797,0.00040577019096646797,-0.004387636047178708,0.00040577019096646797,0.00040577019096646797,-0.019113515740151955,0.00040577019096646797
S3_D3 hbo,0.00026042756535106694,0.00026042756535106694,-0.0017996671890756581,0.00026042756535106694,0.00026042756535106694,0.00026042756535106694,0.00026042756535106694,0.008289903211532222,-0.0005636103364196288,-0.0013876482381903104,0.00026042756535106694,-0.0017996671890756581,0.00026042756535106694,0.00026042756535106694,0.00026042756535106694,0.00026042756535106694,0.00026042756535106694,0.00026042756535106694,-0.0017996671890756581,0.00026042756535106694,0.00026042756535106694,0.00026042756535106694,-0.00015159138553428092,0.00026042756535106694,-0.0005636103364196288,0.00026042756535106694,0.00026042756535106694,-0.0013370788832582868,0.030540974552318516,0.02725239575531481,-0.03987390463824134,0.0,0.00026042756535106694,0.00026042756535106694,0.00026042756535106694,0.00026042756535106694,0.00026042756535106694,0.00026042756535106694,0.00026042756535106694,0.00026042756535106694,-0.0017996671890756581,0.00026042756535106694,0.00026042756535106694,0.00026042756535106694,0.00026042756535106694,0.00026042756535106694,0.00026042756535106694,-0.004683799845273065,0.00026042756535106694,0.00026042756535106694,-0.0196987534521643,0.00026042756535106694
S3_D4 hbo,0.021229918737189147,0.021229918737189147,0.021229918737189147,0.021229918737189147,0.021229918737189147,0.021229918737189147,0.021229918737189147,0.021229918737189147,0.021229918737189147,0.016512159017813784,0.021229918737189147,0.021229918737189147,0.021229918737189147,0.021229918737189147,0.021229918737189147,0.021229918737189147,0.021229918737189147,0.021229918737189147,0.021229918737189147,0.021229918737189147,0.021229918737189147,0.021229918737189147,0.021229918737189147,0.021229918737189147,0.021229918737189147,0.021229918737189147,0.021229918737189147,0.021229918737189147,0.021229918737189147,0.021229918737189147,0.0,0.0,0.021229918737189147,0.021229918737189147,0.021229918737189147,0.021229918737189147,0.021229918737189147,0.021229918737189147,0.021229918737189147,0.021229918737189147,0.021229918737189147,0.021229918737189147,0.021229918737189147,0.021229918737189147,0.021229918737189147,0.021229918737189147,0.021229918737189147,0.007076639579063049,0.021229918737189147,0.021229918737189147,0.0,0.021229918737189147
S3_D5 hbo,8.739710147606926e-05,8.739710147606926e-05,-0.0007800296324897622,8.739710147606926e-05,8.739710147606926e-05,8.739710147606926e-05,8.739710147606926e-05,0.008702097117386096,8.739710147606926e-05,-0.0016474563664555936,8.739710147606926e-05,-0.0007800296324897622,8.739710147606926e-05,8.739710147606926e-05,8.739710147606926e-05,8.739710147606926e-05,8.739710147606926e-05,8.739710147606926e-05,-0.0007800296324897622,8.739710147606926e-05,8.739710147606926e-05,8.739710147606926e-05,8.739710147606926e-05,8.739710147606926e-05,8.739710147606926e-05,8.739710147606926e-05,8.739710147606926e-05,-0.000317441326672391,0.031517223276709264,0.028272033311900698,-0.04106657265870223,0.0,8.739710147606926e-05,8.739710147606926e-05,8.739710147606926e-05,8.739710147606926e-05,8.739710147606926e-05,8.739710147606926e-05,8.739710147606926e-05,8.739710147606926e-05,-0.0007800296324897622,8.739710147606926e-05,8.739710147606926e-05,8.739710147606926e-05,8.739710147606926e-05,8.739710147606926e-05,8.739710147606926e-05,-0.005117163302318919,8.739710147606926e-05,8.739710147606926e-05,-0.02063108847945432,8.739710147606926e-05
S4_D2 hbo,-0.006818698264781173,-0.0054490771058877535,-0.008873130003121297,-0.006476292975057811,-0.000846944647818258,-0.006133887685334464,-0.006818698264781173,0.0058711778225189895,-0.007845914133951231,0.026995831661977675,-0.006476292975057811,-0.008873130003121297,-0.005106671816164399,-0.006133887685334464,-0.004421861236717689,-0.0033946453675476247,-0.0019244484142102811,-0.0037370506572709794,-0.008873130003121297,0.023713032465579643,-0.0019747363114322467,-0.005106671816164399,-0.007503508844227884,0.019786100596126482,-0.007845914133951231,-0.0054490771058877535,-0.0033946453675476247,-0.008410541697303925,0.02459104502895911,0.02054358928974301,-0.005398789208665789,0.0,-0.0011893499375416128,-0.0054490771058877535,-0.004079455946994335,-0.004764266526441044,0.002435854548579777,-0.003686762760049014,-0.0004542514608729376,-0.005106671816164399,-0.008873130003121297,-0.0023171416011555945,-0.0033946453675476247,0.003855763604695155,-0.0027098347881009148,0.01439858176416635,0.00390605150191712,0.023128797680576848,-0.0001118461711495898,0.0009656575952424404,0.011668949437209895,0.0035636462121937653
S4_D4 hbo,0.0003256897969521968,0.0003256897969521968,-0.0021071684307050506,0.0003256897969521968,0.0003256897969521968,0.0003256897969521968,0.0003256897969521968,0.008165594198958638,-0.0008907393168764234,-0.0012962156881526396,0.0003256897969521968,-0.0021071684307050506,0.0003256897969521968,0.0003256897969521968,0.0003256897969521968,0.0003256897969521968,0.0003256897969521968,0.0003256897969521968,-0.0021071684307050506,0.0003256897969521968,0.0003256897969521968,0.0003256897969521968,-0.0004852629456002214,0.0003256897969521968,-0.0008907393168764234,0.0003256897969521968,0.0003256897969521968,-0.0016445801248876795,0.030246558469907394,0.026944894513685407,-0.039501141165010814,0.0,0.0003256897969521968,0.0003256897969521968,0.0003256897969521968,0.0003256897969521968,0.0003256897969521968,0.0003256897969521968,0.0003256897969521968,0.0003256897969521968,-0.0021071684307050506,0.0003256897969521968,0.0003256897969521968,0.0003256897969521968,0.0003256897969521968,0.0003256897969521968,0.0003256897969521968,-0.004540026658362299,0.0003256897969521968,0.0003256897969521968,-0.019404500934243403,0.0003256897969521968
S4_D6 hbo,-1.004682924183843e-05,-1.004682924183843e-05,-1.004682924183843e-05,-1.004682924183843e-05,-1.004682924183843e-05,-1.004682924183843e-05,-1.004682924183843e-05,0.009199275970307529,-1.004682924183843e-05,-0.0018495695293674862,-1.004682924183843e-05,-1.004682924183843e-05,-1.004682924183843e-05,-1.004682924183843e-05,-1.004682924183843e-05,-1.004682924183843e-05,-1.004682924183843e-05,-1.004682924183843e-05,-1.004682924183843e-05,-1.004682924183843e-05,-1.004682924183843e-05,-1.004682924183843e-05,-1.004682924183843e-05,-1.004682924183843e-05,-1.004682924183843e-05,-1.004682924183843e-05,-1.004682924183843e-05,0.00045254147657553277,0.032694752138891614,0.02904201611514862,-0.04193399939266806,0.0,-1.004682924183843e-05,-1.004682924183843e-05,-1.004682924183843e-05,-1.004682924183843e-05,-1.004682924183843e-05,-1.004682924183843e-05,-1.004682924183843e-05,-1.004682924183843e-05,-1.004682924183843e-05,-1.004682924183843e-05,-1.004682924183843e-05,-1.004682924183843e-05,-1.004682924183843e-05,-1.004682924183843e-05,-1.004682924183843e-05,-0.0055286149296187815,-1.004682924183843e-05,-1.004682924183843e-05,-0.021644388191869604,-1.004682924183843e-05
S4_D11 hbo,-0.0008211028262062953,0.0007142522722450639,-0.003124135473883334,-0.000437264051593452,0.0007142522722450639,-5.34252769806157e-05,-0.0008211028262062953,0.007754479862354651,-0.0019726191500448113,-0.0008211028262062953,-0.000437264051593452,-0.003124135473883334,0.0007142522722450639,-5.34252769806157e-05,0.0007142522722450639,0.0007142522722450639,0.0007142522722450639,0.0007142522722450639,-0.003124135473883334,0.0007142522722450639,0.0007142522722450639,0.0007142522722450639,-0.001588780375431975,0.0007142522722450639,-0.0019726191500448113,0.0007142522722450639,0.0007142522722450639,-0.002661547168065963,0.029272866620055845,0.025927927470507126,-0.03809561164653966,0.0,0.0007142522722450639,0.0007142522722450639,0.0007142522722450639,0.0007142522722450639,0.0007142522722450639,0.0007142522722450639,0.0007142522722450639,0.0007142522722450639,-0.003124135473883334,0.0007142522722450639,0.0007142522722450639,0.0007142522722450639,0.0007142522722450639,0.0007142522722450639,0.0007142522722450639,-0.003891813023109014,0.0007142522722450639,0.0007142522722450639,-0.018258622575732665,0.0007142522722450639
S5_D3 hbo,6.319671121032474e-06,0.00040577019096646797,-0.0023903834479515524,0.00040577019096646797,0.00040577019096646797,0.00040577019096646797,6.319671121032474e-06,0.008051103021773882,-0.0011920318884152598,-0.0011920318884152598,0.00040577019096646797,-0.0023903834479515524,0.00040577019096646797,0.00040577019096646797,0.00040577019096646797,0.00040577019096646797,0.00040577019096646797,0.00040577019096646797,-0.0023903834479515524,0.00040577019096646797,0.00040577019096646797,0.00040577019096646797,-0.0007925813685698314,0.00040577019096646797,-0.0011920318884152598,0.00040577019096646797,0.00040577019096646797,-0.001927795142134181,0.029975395155522444,0.026661679496438908,-0.03913784575375004,0.0,0.00040577019096646797,0.00040577019096646797,0.00040577019096646797,0.00040577019096646797,0.00040577019096646797,0.00040577019096646797,0.00040577019096646797,0.00040577019096646797,-0.0023903834479515524,0.00040577019096646797,0.00040577019096646797,0.00040577019096646797,0.00040577019096646797,0.00040577019096646797,0.00040577019096646797,-0.004387636047178708,0.00040577019096646797,0.00040577019096646797,-0.019113515740151955,0.00040577019096646797
S5_D5 hbo,-0.0012623762998145147,0.0002396751402513205,-0.0035154534599132568,-0.0008868634397980577,0.0009907008602842416,-0.0005113505797815935,-0.0012623762998145147,0.007596287485023404,-0.002388914879863886,-0.0005113505797815935,-0.0008868634397980577,-0.0035154534599132568,0.0006151880002677846,-0.0005113505797815935,0.0009907008602842416,0.0009907008602842416,0.0009907008602842416,0.0009907008602842416,-0.0035154534599132568,0.0009907008602842416,0.0009907008602842416,0.0006151880002677846,-0.002013402019847429,0.0009907008602842416,-0.002388914879863886,0.0002396751402513205,0.0009907008602842416,-0.003052865154095886,0.02889820046321868,0.025536609484477196,-0.03742784507247055,0.0,0.0009907008602842416,0.0002396751402513205,0.0009907008602842416,0.0009907008602842416,0.0009907008602842416,0.0009907008602842416,0.0009907008602842416,0.0006151880002677846,-0.0035154534599132568,0.0009907008602842416,0.0009907008602842416,0.0009907008602842416,0.0009907008602842416,0.0009907008602842416,0.0009907008602842416,-0.0035154534599132568,0.0009907008602842416,0.0009907008602842416,-0.01769076697682014,0.0009907008602842416
S5_D7 hbo,-0.0018102733258163572,-0.00034957260469405945,-0.0040013244074998,-0.0014450981455357845,0.001476303296708811,-0.0010799229652552048,-0.0018102733258163572,0.007399871570041609,-0.0029057988666580823,1.5602575586513203e-05,-0.0014450981455357845,-0.0040013244074998,1.5602575586513203e-05,-0.0010799229652552048,0.0007459529361476656,0.001476303296708811,0.001476303296708811,0.001476303296708811,-0.0040013244074998,0.001476303296708811,0.001476303296708811,1.5602575586513203e-05,-0.0025406236863775096,0.001476303296708811,-0.0029057988666580823,-0.00034957260469405945,0.001476303296708811,-0.003538736101682429,0.028433004875103907,0.025050738536890653,-0.03645637168845944,0.0,0.001476303296708811,-0.00034957260469405945,0.0011111281164282384,0.0003807777558670859,0.001476303296708811,0.0011111281164282384,0.001476303296708811,1.5602575586513203e-05,-0.0040013244074998,0.001476303296708811,0.001476303296708811,0.001476303296708811,0.001476303296708811,0.001476303296708811,0.001476303296708811,-0.0029057988666580823,0.001476303296708811,0.001476303296708811,-0.016843345749639627,0.001476303296708811
S6_D4 hbo,-0.0022884568979833365,-0.0008498724201738006,-0.004446333614697637,-0.0019288107785309543,0.002115434273618813,-0.0015691646590785722,-0.0022884568979833365,0.00728106012722121,-0.003367395256340483,0.0006768497958092772,-0.0019288107785309543,-0.004446333614697637,-0.0004902263007214184,-0.0015691646590785722,0.00022906593818334596,0.0013080042965404924,0.002115434273618813,0.0009483581770881103,-0.004446333614697637,0.002115434273618813,0.002115434273618813,-0.0004902263007214184,-0.0030077491368881008,0.002115434273618813,-0.003367395256340483,-0.0008498724201738006,0.0013080042965404924,-0.0039837453088802655,0.027826455673631633,0.024309297629999196,-0.03493820693381043,0.0,0.002115434273618813,-0.0008498724201738006,0.0005887120576357281,-0.00013058018126903623,0.002115434273618813,0.0010364959152616593,0.002115434273618813,-0.0004902263007214184,-0.004446333614697637,0.002115434273618813,0.0013080042965404924,0.002115434273618813,0.0016676504159928746,0.002115434273618813,0.002115434273618813,-0.0022003191598097805,0.002115434273618813,0.002115434273618813,-0.015845586198725847,0.002115434273618813
S6_D5 hbo,-0.001642764191551339,-0.00016942127161659413,-0.00385277857145347,-0.001274428461567649,0.0013039216483181648,-0.0009060927315839665,-0.001642764191551339,0.007459922014400767,-0.0027477713815024078,-0.00016942127161659413,-0.001274428461567649,-0.00385277857145347,0.00019891445836709557,-0.0009060927315839665,0.000935585918334475,0.0013039216483181648,0.0013039216483181648,0.0013039216483181648,-0.00385277857145347,0.0013039216483181648,0.0013039216483181648,0.00019891445836709557,-0.0023794356515187184,0.0013039216483181648,-0.0027477713815024078,-0.00016942127161659413,0.0013039216483181648,-0.003390190265636099,0.028575229611744014,0.02519928437293699,-0.036777299172896426,0.0,0.0013039216483181648,-0.00016942127161659413,0.0013039216483181648,0.0005672501883507853,0.0013039216483181648,0.0013039216483181648,0.0013039216483181648,0.00019891445836709557,-0.00385277857145347,0.0013039216483181648,0.0013039216483181648,0.0013039216483181648,0.0013039216483181648,0.0013039216483181648,0.0013039216483181648,-0.0031161071114860976,0.0013039216483181648,0.0013039216483181648,-0.01712634663763925,0.0013039216483181648
S6_D6 hbo,-1.004682924183843e-05,-1.004682924183843e-05,-1.004682924183843e-05,-1.004682924183843e-05,-1.004682924183843e-05,-1.004682924183843e-05,-1.004682924183843e-05,0.009199275970307529,-1.004682924183843e-05,-0.0018495695293674862,-1.004682924183843e-05,-1.004682924183843e-05,-1.004682924183843e-05,-1.004682924183843e-05,-1.004682924183843e-05,-1.004682924183843e-05,-1.004682924183843e-05,-1.004682924183843e-05,-1.004682924183843e-05,-1.004682924183843e-05,-1.004682924183843e-05,-1.004682924183843e-05,-1.004682924183843e-05,-1.004682924183843e-05,-1.004682924183843e-05,-1.004682924183843e-05,-1.004682924183843e-05,0.00045254147657553277,0.032694752138891614,0.02904201611514862,-0.04193399939266806,0.0,-1.004682924183843e-05,-1.004682924183843e-05,-1.004682924183843e-05,-1.004682924183843e-05,-1.004682924183843e-05,-1.004682924183843e-05,-1.004682924183843e-05,-1.004682924183843e-05,-1.004682924183843e-05,-1.004682924183843e-05,-1.004682924183843e-05,-1.004682924183843e-05,-1.004682924183843e-05,-1.004682924183843e-05,-1.004682924183843e-05,-0.0055286149296187815,-1.004682924183843e-05,-1.004682924183843e-05,-0.021644388191869604,-1.004682924183843e-05
S6_D8 hbo,-0.0063123772429682905,-0.004992319111472633,-0.008292464440211778,-0.00598236271009438,-0.0005054251623871266,-0.005652348177220455,-0.0063123772429682905,0.006665858998053171,-0.007302420841590038,0.021787043751892887,-0.00598236271009438,-0.008292464440211778,-0.004662304578598715,-0.005652348177220455,-0.0040022755128508855,-0.0030122319142291383,-0.0015610371015837426,-0.0033422464471030565,-0.008292464440211778,0.02310710188338856,-0.0016266054421586115,-0.004662304578598715,-0.00697240630871612,0.01954685602234947,-0.007302420841590038,-0.004992319111472633,-0.0030122319142291383,-0.007829876134394407,0.025135808688994624,0.021089578614610877,-0.010204810466880843,0.0,-0.0008354396952610376,-0.004992319111472633,-0.0036722609799769747,-0.004332290045724796,0.002726978995777604,-0.0032766781065281876,-0.00010984228893833266,-0.004662304578598715,-0.008292464440211778,-0.0019566199750325223,-0.0030122319142291383,0.004112605467848131,-0.0023522028484813094,0.014598810859240302,0.004178173808423,0.019146927488901573,0.0002201722439355783,0.0012757841831321944,0.006809598751416092,0.003848159275549089
S7_D5 hbo,-0.002235588303080587,-0.000807063856584414,-0.004378374972824857,-0.001878457191456549,0.002049985036407939,-0.0015213260798324969,-0.002235588303080587,0.007237235914861605,-0.003306981637952722,0.000621460589911766,-0.001878457191456549,-0.004378374972824857,-0.000449932744960369,-0.0015213260798324969,0.000264329478287721,0.0013357228131598488,0.002049985036407939,0.000978591701535811,-0.004378374972824857,0.002049985036407939,0.002049985036407939,-0.000449932744960369,-0.0029498505263286768,0.002049985036407939,-0.003306981637952722,-0.000807063856584414,0.0013357228131598488,-0.003915786667007486,0.027816264667205805,0.024329725035326103,-0.03506369294013643,0.0,0.002049985036407939,-0.000807063856584414,0.000621460589911766,-9.280163333632399e-05,0.002049985036407939,0.000621460589911766,0.002049985036407939,-0.000449932744960369,-0.004378374972824857,0.002049985036407939,0.0013357228131598488,0.002049985036407939,0.002049985036407939,0.002049985036407939,0.002049985036407939,-0.002235588303080587,0.002049985036407939,0.002049985036407939,-0.015870541398490753,0.002049985036407939
S7_D7 hbo,-0.0008211028262062953,0.0007142522722450639,-0.003124135473883334,-0.000437264051593452,0.0007142522722450639,-5.34252769806157e-05,-0.0008211028262062953,0.007754479862354651,-0.0019726191500448113,-0.0008211028262062953,-0.000437264051593452,-0.003124135473883334,0.0007142522722450639,-5.34252769806157e-05,0.0007142522722450639,0.0007142522722450639,0.0007142522722450639,0.0007142522722450639,-0.003124135473883334,0.0007142522722450639,0.0007142522722450639,0.0007142522722450639,-0.001588780375431975,0.0007142522722450639,-0.0019726191500448113,0.0007142522722450639,0.0007142522722450639,-0.002661547168065963,0.029272866620055845,0.025927927470507126,-0.03809561164653966,0.0,0.0007142522722450639,0.0007142522722450639,0.0007142522722450639,0.0007142522722450639,0.0007142522722450639,0.0007142522722450639,0.0007142522722450639,0.0007142522722450639,-0.003124135473883334,0.0007142522722450639,0.0007142522722450639,0.0007142522722450639,0.0007142522722450639,0.0007142522722450639,0.0007142522722450639,-0.003891813023109014,0.0007142522722450639,0.0007142522722450639,-0.018258622575732665,0.0007142522722450639
S7_D8 hbo,0.00013225152808647869,0.00013225152808647869,-0.0011455570364399153,0.00013225152808647869,0.00013225152808647869,0.00013225152808647869,0.00013225152808647869,0.008554330720044544,0.00013225152808647869,-0.0015714932246153823,0.00013225152808647869,-0.0011455570364399153,0.00013225152808647869,0.00013225152808647869,0.00013225152808647869,0.00013225152808647869,0.00013225152808647869,0.00013225152808647869,-0.0011455570364399153,0.00013225152808647869,0.00013225152808647869,0.00013225152808647869,0.00013225152808647869,0.00013225152808647869,0.00013225152808647869,0.00013225152808647869,0.00013225152808647869,-0.0006829687306225441,0.031167250230374012,0.027906505907950543,-0.040656190828141654,0.0,0.00013225152808647869,0.00013225152808647869,0.00013225152808647869,0.00013225152808647869,0.00013225152808647869,0.00013225152808647869,0.00013225152808647869,0.00013225152808647869,-0.0011455570364399153,0.00013225152808647869,0.00013225152808647869,0.00013225152808647869,0.00013225152808647869,0.00013225152808647869,0.00013225152808647869,-0.004978982730019104,0.00013225152808647869,0.00013225152808647869,-0.020314032794583155,0.00013225152808647869
S8_D6 hbo,-0.005937737911614388,-0.004617679780118723,-0.007917825108857876,-0.00560772337874047,-0.00010687268222338877,-0.005277708845866552,-0.005937737911614388,0.006673830047656445,-0.0069277815102361286,0.01845295688646045,-0.00560772337874047,-0.007917825108857876,-0.004287665247244805,-0.005277708845866552,-0.003627636181496983,-0.0026375925828752357,-0.0011704556710232807,-0.0029676071157491465,-0.007917825108857876,0.01977301501795611,-0.0012439950612014256,-0.004287665247244805,-0.00659776697736221,0.01977301501795611,-0.0069277815102361286,-0.004617679780118723,-0.0026375925828752357,-0.007455236803040504,0.025343055978679762,0.02136856535072549,-0.013897594564460646,0.0,-0.00043688721509730683,-0.004617679780118723,-0.0032976216486230647,-0.003957650714370894,0.003157415674354425,-0.002894067725571002,0.0002966812408286742,-0.004287665247244805,-0.007917825108857876,-0.0015740095940753437,-0.0026375925828752357,0.004551013196028235,-0.0019775635171274,0.01518866852988263,0.00462455258620638,0.015812840623469136,0.0006266957737025852,0.001690278762502477,0.003379859290744356,0.004294538053332462
S8_D8 hbo,8.739710147606926e-05,8.739710147606926e-05,-0.0007800296324897622,8.739710147606926e-05,8.739710147606926e-05,8.739710147606926e-05,8.739710147606926e-05,0.008702097117386096,8.739710147606926e-05,-0.0016474563664555936,8.739710147606926e-05,-0.0007800296324897622,8.739710147606926e-05,8.739710147606926e-05,8.739710147606926e-05,8.739710147606926e-05,8.739710147606926e-05,8.739710147606926e-05,-0.0007800296324897622,8.739710147606926e-05,8.739710147606926e-05,8.739710147606926e-05,8.739710147606926e-05,8.739710147606926e-05,8.739710147606926e-05,8.739710147606926e-05,8.739710147606926e-05,-0.000317441326672391,0.031517223276709264,0.028272033311900698,-0.04106657265870223,0.0,8.739710147606926e-05,8.739710147606926e-05,8.739710147606926e-05,8.739710147606926e-05,8.739710147606926e-05,8.739710147606926e-05,8.739710147606926e-05,8.739710147606926e-05,-0.0007800296324897622,8.739710147606926e-05,8.739710147606926e-05,8.739710147606926e-05,8.739710147606926e-05,8.739710147606926e-05,8.739710147606926e-05,-0.005117163302318919,8.739710147606926e-05,8.739710147606926e-05,-0.02063108847945432,8.739710147606926e-05
S8_D15 hbo,-0.0005578072526043426,0.0006086125942682525,-0.0028906469463495185,-0.0001690006369801395,0.0006086125942682525,0.0002198059786440565,-0.0005578072526043426,0.007848868841570447,-0.0017242270994769307,-0.0009466138682285315,-0.0001690006369801395,-0.0028906469463495185,0.0006086125942682525,0.0002198059786440565,0.0006086125942682525,0.0006086125942682525,0.0006086125942682525,0.0006086125942682525,-0.0028906469463495185,0.0006086125942682525,0.0006086125942682525,0.0006086125942682525,-0.0013354204838527345,0.0006086125942682525,-0.0017242270994769307,0.0006086125942682525,0.0006086125942682525,-0.0024280586405321476,0.029496419465566942,0.02616141599804093,-0.03843473985205028,0.0,0.0006086125942682525,0.0006086125942682525,0.0006086125942682525,0.0006086125942682525,0.0006086125942682525,0.0006086125942682525,0.0006086125942682525,0.0006086125942682525,-0.0028906469463495185,0.0006086125942682525,0.0006086125942682525,0.0006086125942682525,0.0006086125942682525,0.0006086125942682525,0.0006086125942682525,-0.004057066793222114,0.0006086125942682525,0.0006086125942682525,-0.018538136689106994,0.0006086125942682525
S9_D2 hbo,-0.0018102733258163572,-0.00034957260469405945,-0.0040013244074998,-0.0014450981455357845,0.001476303296708811,-0.0010799229652552048,-0.0018102733258163572,0.007399871570041609,-0.0029057988666580823,1.5602575586513203e-05,-0.0014450981455357845,-0.0040013244074998,1.5602575586513203e-05,-0.0010799229652552048,0.0007459529361476656,0.001476303296708811,0.001476303296708811,0.001476303296708811,-0.0040013244074998,0.001476303296708811,0.001476303296708811,1.5602575586513203e-05,-0.0025406236863775096,0.001476303296708811,-0.0029057988666580823,-0.00034957260469405945,0.001476303296708811,-0.003538736101682429,0.028433004875103907,0.025050738536890653,-0.03645637168845944,0.0,0.001476303296708811,-0.00034957260469405945,0.0011111281164282384,0.0003807777558670859,0.001476303296708811,0.0011111281164282384,0.001476303296708811,1.5602575586513203e-05,-0.0040013244074998,0.001476303296708811,0.001476303296708811,0.001476303296708811,0.001476303296708811,0.001476303296708811,0.001476303296708811,-0.0029057988666580823,0.001476303296708811,0.001476303296708811,-0.016843345749639627,0.001476303296708811
S9_D9 hbo,2.37159865563168e-08,2.37159865563168e-08,2.37159865563168e-08,2.37159865563168e-08,2.37159865563168e-08,2.37159865563168e-08,2.37159865563168e-08,0.009199275970307529,2.37159865563168e-08,-0.0018394989841390914,2.37159865563168e-08,2.37159865563168e-08,2.37159865563168e-08,2.37159865563168e-08,2.37159865563168e-08,2.37159865563168e-08,2.37159865563168e-08,2.37159865563168e-08,2.37159865563168e-08,2.37159865563168e-08,2.37159865563168e-08,2.37159865563168e-08,2.37159865563168e-08,2.37159865563168e-08,2.37159865563168e-08,2.37159865563168e-08,2.37159865563168e-08,2.37159865563168e-08,0.032694752138891614,0.029021218250003023,-0.041923928847439666,0.0,2.37159865563168e-08,2.37159865563168e-08,2.37159865563168e-08,2.37159865563168e-08,2.37159865563168e-08,2.37159865563168e-08,2.37159865563168e-08,2.37159865563168e-08,2.37159865563168e-08,2.37159865563168e-08,2.37159865563168e-08,2.37159865563168e-08,2.37159865563168e-08,2.37159865563168e-08,2.37159865563168e-08,-0.005518544384390387,2.37159865563168e-08,2.37159865563168e-08,-0.02163431764664121,2.37159865563168e-08
S9_D11 hbo,0.042192510637522836,0.042192510637522836,0.042192510637522836,0.042192510637522836,0.042192510637522836,0.042192510637522836,0.042192510637522836,0.009978119183589321,0.042192510637522836,0.04026897960316357,0.042192510637522836,0.042192510637522836,0.042192510637522836,0.042192510637522836,0.042192510637522836,0.042192510637522836,0.042192510637522836,0.042192510637522836,0.042192510637522836,0.042192510637522836,0.042192510637522836,0.042192510637522836,0.042192510637522836,0.042192510637522836,0.042192510637522836,0.042192510637522836,0.042192510637522836,0.042192510637522836,-0.9792024686072439,0.042192510637522836,0.0,0.0,0.042192510637522836,0.042192510637522836,0.042192510637522836,0.042192510637522836,0.042192510637522836,0.042192510637522836,0.042192510637522836,0.042192510637522836,0.042192510637522836,0.042192510637522836,0.042192510637522836,0.042192510637522836,0.042192510637522836,0.042192510637522836,0.042192510637522836,0.036421917534445056,0.042192510637522836,0.042192510637522836,0.015265452842285244,0.042192510637522836
S10_D9 hbo,0.02139497924476678,0.02139497924476678,0.02139497924476678,0.02139497924476678,0.02139497924476678,0.02139497924476678,0.02139497924476678,0.009357887639953098,0.02139497924476678,0.019555456544641133,0.02139497924476678,0.02139497924476678,0.02139497924476678,0.02139497924476678,0.02139497924476678,0.02139497924476678,0.02139497924476678,0.02139497924476678,0.02139497924476678,0.02139497924476678,0.02139497924476678,0.02139497924476678,0.02139497924476678,0.02139497924476678,0.02139497924476678,0.02139497924476678,0.02139497924476678,0.02139497924476678,0.036818655549676414,-1.0,-0.020844795494791155,0.0,0.02139497924476678,0.02139497924476678,0.02139497924476678,0.02139497924476678,0.02139497924476678,0.02139497924476678,0.02139497924476678,0.02139497924476678,0.02139497924476678,0.02139497924476678,0.02139497924476678,0.02139497924476678,0.02139497924476678,0.02139497924476678,0.02139497924476678,0.01587641114438984,0.02139497924476678,0.02139497924476678,-0.002142702153607814,0.02139497924476678
S10_D10 hbo,-0.028686550628307297,-0.024403972098979133,-0.03511041842229955,-0.027615905995975257,-0.007605706813960323,-0.026545261363643217,-0.028686550628307297,0.0,-0.03189848452530342,0.11814288879023908,-0.027615905995975257,-0.03511041842229955,-0.023333327466647093,-0.026545261363643217,-0.021192038201983013,-0.017980104304986894,-0.011777602399190535,-0.01905074893731893,-0.03511041842229955,0.10049534476108413,-0.01273756408742463,-0.023333327466647093,-0.030827839892971377,0.08018928155542275,-0.03189848452530342,-0.024403972098979133,-0.017980104304986894,-0.03464783011648217,0.0,-0.007150529306711892,0.16044613714249653,-0.0031947117313285826,-0.008676351446292354,-0.024403972098979133,-0.020121393569650974,-0.022262682834315053,0.005869941629964432,-0.018090787249084833,-0.005575100493394182,-0.023333327466647093,-0.03511041842229955,-0.013808208719756675,-0.017980104304986894,0.011112481847526695,-0.01583881504032281,0.059329803629271656,0.012072443535760783,0.10990978056387658,-0.004504455861062144,-0.00033256027583191945,0.15591131494550695,0.011001798903428747
S10_D12 hbo,0.0,0.0,0.0,0.0,0.0,0.0,0.0,0.0,0.0,0.0,0.0,0.0,0.0,0.0,0.0,0.0,0.0,0.0,0.0,0.0,0.0,0.0,0.0,0.0,0.0,0.0,0.0,0.0,0.0,0.0,-0.31085934150927685,0.31085934150927685,0.0,0.0,0.0,0.0,0.0,0.0,0.0,0.0,0.0,0.0,0.0,0.0,0.0,0.0,0.0,0.0,0.0,0.0,0.0,0.0
S11_D9 hbo,-0.0025774439152539096,-0.0011489194687577297,-0.004720230584998173,-0.0022203128036298574,0.002597071964917625,-0.0018631816920058196,-0.0025774439152539096,0.007229962391198342,-0.0036488372501260378,0.001168547518421452,-0.0022203128036298574,-0.004720230584998173,-0.0007917883571336847,-0.0018631816920058196,-7.752613388559475e-05,0.0009938672009865402,0.002597071964917625,0.0006367360893624882,-0.004720230584998173,0.002597071964917625,0.0021526006945761277,-0.0007917883571336847,-0.0032917061385019995,0.002597071964917625,-0.0036488372501260378,-0.0011489194687577297,0.0009938672009865402,-0.004257642279180802,0.027627153051960993,0.024075151707111928,-0.034189297446779954,0.0,0.002597071964917625,-0.0011489194687577297,0.00027960497773845024,-0.0004346572455096397,0.002597071964917625,0.0007240762480799477,0.002597071964917625,-0.0007917883571336847,-0.004720230584998173,0.0021526006945761277,0.0009938672009865402,0.002597071964917625,0.0017081294242346301,0.002597071964917625,0.002597071964917625,-0.0016885013745709008,0.002597071964917625,0.002597071964917625,-0.015236172186021926,0.002597071964917625
S11_D11 hbo,-0.0005578072526043426,0.0006086125942682525,-0.0028906469463495185,-0.0001690006369801395,0.0006086125942682525,0.0002198059786440565,-0.0005578072526043426,0.007848868841570447,-0.0017242270994769307,-0.0009466138682285315,-0.0001690006369801395,-0.0028906469463495185,0.0006086125942682525,0.0002198059786440565,0.0006086125942682525,0.0006086125942682525,0.0006086125942682525,0.0006086125942682525,-0.0028906469463495185,0.0006086125942682525,0.0006086125942682525,0.0006086125942682525,-0.0013354204838527345,0.0006086125942682525,-0.0017242270994769307,0.0006086125942682525,0.0006086125942682525,-0.0024280586405321476,0.029496419465566942,0.02616141599804093,-0.03843473985205028,0.0,0.0006086125942682525,0.0006086125942682525,0.0006086125942682525,0.0006086125942682525,0.0006086125942682525,0.0006086125942682525,0.0006086125942682525,0.0006086125942682525,-0.0028906469463495185,0.0006086125942682525,0.0006086125942682525,0.0006086125942682525,0.0006086125942682525,0.0006086125942682525,0.0006086125942682525,-0.004057066793222114,0.0006086125942682525,0.0006086125942682525,-0.018538136689106994,0.0006086125942682525
S11_D12 hbo,-0.0014579929371219512,2.9294983147091635e-05,-0.0036889248175255226,-0.001086170957054694,0.0011447609233488773,-0.0007143489769874369,-0.0014579929371219512,0.007526160765988659,-0.002573458877323737,-0.0003425269969201726,-0.001086170957054694,-0.0036889248175255226,0.0004011169632143488,-0.0007143489769874369,0.0011447609233488773,0.0011447609233488773,0.0011447609233488773,0.0011447609233488773,-0.0036889248175255226,0.0011447609233488773,0.0011447609233488773,0.0004011169632143488,-0.00220163689725648,0.0011447609233488773,-0.002573458877323737,2.9294983147091635e-05,0.0011447609233488773,-0.0032263365117081513,0.028732110865504812,0.025363138126864936,-0.03710031365179366,0.0,0.0011447609233488773,2.9294983147091635e-05,0.0011447609233488773,0.000772938943281606,0.0011447609233488773,0.0011447609233488773,0.0011447609233488773,0.0004011169632143488,-0.0036889248175255226,0.0011447609233488773,0.0011447609233488773,0.0011447609233488773,0.0011447609233488773,0.0011447609233488773,0.0011447609233488773,-0.0033171028374582657,0.0011447609233488773,0.0011447609233488773,-0.017407526115533607,0.0011447609233488773
S11_D13 hbo,-0.001055369953505294,0.00046230460703671595,-0.0033318817943182874,-0.000675951313369788,0.0008417232471722148,-0.000296532673234289,-0.001055369953505294,0.0076704973072852,-0.002193625873911791,-0.000675951313369788,-0.000675951313369788,-0.0033318817943182874,0.0008417232471722148,-0.000296532673234289,0.0008417232471722148,0.0008417232471722148,0.0008417232471722148,0.0008417232471722148,-0.0033318817943182874,0.0008417232471722148,0.0008417232471722148,0.0008417232471722148,-0.001814207233776292,0.0008417232471722148,-0.002193625873911791,0.00046230460703671595,0.0008417232471722148,-0.0028692934885009166,0.029073960568575568,0.025720181150072165,-0.03776039435117755,0.0,0.0008417232471722148,0.00046230460703671595,0.0008417232471722148,0.0008417232471722148,0.0008417232471722148,0.0008417232471722148,0.0008417232471722148,0.0008417232471722148,-0.0033318817943182874,0.0008417232471722148,0.0008417232471722148,0.0008417232471722148,0.0008417232471722148,0.0008417232471722148,0.0008417232471722148,-0.0037113004344537935,0.0008417232471722148,0.0008417232471722148,-0.017976446894098635,0.0008417232471722148
S12_D10 hbo,-0.0035634292911877314,-0.002173776258201654,-0.0056479088406668435,-0.0032160160329412105,0.0026037101897396363,-0.002868602774694689,-0.0035634292911877314,0.007035303195175898,-0.004605669065927288,0.00390706405521573,-0.0032160160329412105,-0.0056479088406668435,-0.001826362999955133,-0.002868602774694689,-0.0011315364834620979,-8.929670872253444e-05,0.0014744323847545651,-0.0004367099669690626,-0.0056479088406668435,0.005296717088201806,0.0013873943545090505,-0.001826362999955133,-0.004258255807680774,0.005296717088201806,-0.004605669065927288,-0.002173776258201654,-8.929670872253444e-05,-0.005185320534849473,0.026929330121886197,0.02326771323363687,-0.03058201403152603,0.0,0.002256296931493115,-0.002173776258201654,-0.0007841232252155767,-0.0014789497417086188,0.005296717088201806,-0.000349671936723548,0.003038161478231665,-0.001826362999955133,-0.0056479088406668435,0.0010399810962625365,-8.929670872253444e-05,0.005296717088201806,0.0006055298077705007,0.005296717088201806,0.005296717088201806,0.0011277579892435747,0.003385574736478179,0.00451485254146325,-0.012076162412330749,0.005296717088201806
S12_D12 hbo,-0.0014569722755900926,3.031564467895021e-05,-0.003687904155993657,-0.0010851502955228284,0.0011457815848807359,-0.0007133283154555642,-0.0014569722755900926,0.007516362415282726,-0.0025724382157918785,-0.00034150633538830696,-0.0010851502955228284,-0.003687904155993657,0.00040213762474621445,-0.0007133283154555642,0.0011457815848807359,0.0011457815848807359,0.0011457815848807359,0.0011457815848807359,-0.003687904155993657,0.0011457815848807359,0.0011457815848807359,0.00040213762474621445,-0.002200616235724614,0.0011457815848807359,-0.0025724382157918785,3.031564467895021e-05,0.0011457815848807359,-0.003225315850176286,0.028477353747150567,0.0250201958521573,-0.03665836720849483,0.0,0.0011457815848807359,3.031564467895021e-05,0.0011457815848807359,0.0007739596048134788,0.0011457815848807359,0.0011457815848807359,0.0011457815848807359,0.00040213762474621445,-0.003687904155993657,0.0011457815848807359,0.0011457815848807359,0.0011457815848807359,0.0011457815848807359,0.0011457815848807359,0.0011457815848807359,-0.003316082175926393,0.0011457815848807359,0.0011457815848807359,-0.017288925245530547,0.0011457815848807359
S12_D14 hbo,-0.0028337314545418134,-0.0014136480631691745,-0.004963856541600762,-0.0024787106066986486,0.0031057335768117735,-0.0021236897588554904,-0.0028337314545418134,0.007186794112150851,-0.0038987939980712873,0.0016856501854391414,-0.0024787106066986486,-0.004963856541600762,-0.0010586272153260165,-0.0021236897588554904,-0.00034858551963970057,0.0007164770238897734,0.0023093147258377686,0.0003614561760466154,-0.004963856541600762,0.0031057335768117735,0.002222937570550087,-0.0010586272153260165,-0.0035437731502281295,0.0031057335768117735,-0.0038987939980712873,-0.0014136480631691745,0.0007164770238897734,-0.00450126823578339,0.027452286234344005,0.02386840495703724,-0.03344315641270454,0.0,0.0031057335768117735,-0.0014136480631691745,6.4353282034574215e-06,-0.0007036063674828586,0.0031057335768117735,0.00044783333133429,0.0031057335768117735,-0.0010586272153260165,-0.004963856541600762,0.001867916722706929,0.0007164770238897734,0.0031057335768117735,0.0014265187195760894,0.0031057335768117735,0.0031057335768117735,-0.0011545165973061294,0.0031057335768117735,0.0031057335768117735,-0.014616772135268867,0.0031057335768117735
S13_D6 hbo,-0.0008211028262062953,0.0007142522722450639,-0.003124135473883334,-0.000437264051593452,0.0007142522722450639,-5.34252769806157e-05,-0.0008211028262062953,0.007754479862354651,-0.0019726191500448113,-0.0008211028262062953,-0.000437264051593452,-0.003124135473883334,0.0007142522722450639,-5.34252769806157e-05,0.0007142522722450639,0.0007142522722450639,0.0007142522722450639,0.0007142522722450639,-0.003124135473883334,0.0007142522722450639,0.0007142522722450639,0.0007142522722450639,-0.001588780375431975,0.0007142522722450639,-0.0019726191500448113,0.0007142522722450639,0.0007142522722450639,-0.002661547168065963,0.029272866620055845,0.025927927470507126,-0.03809561164653966,0.0,0.0007142522722450639,0.0007142522722450639,0.0007142522722450639,0.0007142522722450639,0.0007142522722450639,0.0007142522722450639,0.0007142522722450639,0.0007142522722450639,-0.003124135473883334,0.0007142522722450639,0.0007142522722450639,0.0007142522722450639,0.0007142522722450639,0.0007142522722450639,0.0007142522722450639,-0.003891813023109014,0.0007142522722450639,0.0007142522722450639,-0.018258622575732665,0.0007142522722450639
S13_D11 hbo,-1.9997034892568793e-07,-1.9997034892568793e-07,-1.9997034892568793e-07,-1.9997034892568793e-07,-1.9997034892568793e-07,-1.9997034892568793e-07,-1.9997034892568793e-07,0.009199275970307529,-1.9997034892568793e-07,-0.0018397226704745734,-1.9997034892568793e-07,-1.9997034892568793e-07,-1.9997034892568793e-07,-1.9997034892568793e-07,-1.9997034892568793e-07,-1.9997034892568793e-07,-1.9997034892568793e-07,-1.9997034892568793e-07,-1.9997034892568793e-07,-1.9997034892568793e-07,-1.9997034892568793e-07,-1.9997034892568793e-07,-1.9997034892568793e-07,-1.9997034892568793e-07,-1.9997034892568793e-07,-1.9997034892568793e-07,-1.9997034892568793e-07,-1.9997034892568793e-07,0.032694752138891614,0.029031955194105855,-0.04192415253377515,0.0,-1.9997034892568793e-07,-1.9997034892568793e-07,-1.9997034892568793e-07,-1.9997034892568793e-07,-1.9997034892568793e-07,-1.9997034892568793e-07,-1.9997034892568793e-07,-1.9997034892568793e-07,-1.9997034892568793e-07,-1.9997034892568793e-07,-1.9997034892568793e-07,-1.9997034892568793e-07,-1.9997034892568793e-07,-1.9997034892568793e-07,-1.9997034892568793e-07,-0.005518768070725869,-1.9997034892568793e-07,-1.9997034892568793e-07,-0.02163454133297669,-1.9997034892568793e-07
S13_D13 hbo,-0.0021022928881786586,-0.0006637084103691228,-0.004260169604892959,-0.0017426467687262765,0.0018538144257975525,-0.0013830006492738943,-0.0021022928881786586,0.007285021063600032,-0.0031812312465358053,0.0004152299479880237,-0.0017426467687262765,-0.004260169604892959,-0.0003040622909167407,-0.0013830006492738943,0.0004152299479880237,0.0014941683063451703,0.0018538144257975525,0.0011345221868927881,-0.004260169604892959,0.0018538144257975525,0.0018538144257975525,-0.0003040622909167407,-0.002821585127083423,0.0018538144257975525,-0.0031812312465358053,-0.0006637084103691228,0.0014941683063451703,-0.0037975812990755876,0.027929440019481028,0.024447930403258,-0.03537806891867872,0.0,0.0018538144257975525,-0.0006637084103691228,0.0007748760674404059,5.5583828535641516e-05,0.0018538144257975525,0.0007748760674404059,0.0018538144257975525,-0.0003040622909167407,-0.004260169604892959,0.0018538144257975525,0.0014941683063451703,0.0018538144257975525,0.0018538144257975525,0.0018538144257975525,0.0018538144257975525,-0.002461939007631041,0.0018538144257975525,0.0018538144257975525,-0.016154737283092985,0.0018538144257975525
S13_D15 hbo,-0.0018102733258163572,-0.00034957260469405945,-0.0040013244074998,-0.0014450981455357845,0.001476303296708811,-0.0010799229652552048,-0.0018102733258163572,0.007399871570041609,-0.0029057988666580823,1.5602575586513203e-05,-0.0014450981455357845,-0.0040013244074998,1.5602575586513203e-05,-0.0010799229652552048,0.0007459529361476656,0.001476303296708811,0.001476303296708811,0.001476303296708811,-0.0040013244074998,0.001476303296708811,0.001476303296708811,1.5602575586513203e-05,-0.0025406236863775096,0.001476303296708811,-0.0029057988666580823,-0.00034957260469405945,0.001476303296708811,-0.003538736101682429,0.028433004875103907,0.025050738536890653,-0.03645637168845944,0.0,0.001476303296708811,-0.00034957260469405945,0.0011111281164282384,0.0003807777558670859,0.001476303296708811,0.0011111281164282384,0.001476303296708811,1.5602575586513203e-05,-0.0040013244074998,0.001476303296708811,0.001476303296708811,0.001476303296708811,0.001476303296708811,0.001476303296708811,0.001476303296708811,-0.0029057988666580823,0.001476303296708811,0.001476303296708811,-0.016843345749639627,0.001476303296708811
S14_D12 hbo,-0.003844511905842906,-0.002468895772179921,-0.005907936106337383,-0.00350060787242716,0.002267428616903159,-0.0031567038390114136,-0.003844511905842906,0.006966604653207719,-0.004876224006090145,0.005028852790384552,-0.00350060787242716,-0.005907936106337383,-0.002124991738764175,-0.0031567038390114136,-0.0014371836719326825,-0.00040547157168543675,0.0011471925317631296,-0.00074937560510119,-0.005907936106337383,0.006404468924047537,0.0010586685468703318,-0.002124991738764175,-0.004532319972674398,0.006404468924047537,-0.004876224006090145,-0.002468895772179921,-0.00040547157168543675,-0.005445347800520013,0.026718809979730578,0.023031965210168256,-0.029218281470376754,0.0,0.0019235245834874127,-0.002468895772179921,-0.0010932796385169292,-0.0017810877053484287,0.005716660857216045,-0.0006608516202083923,0.002699856635211696,-0.002124991738764175,-0.005907936106337383,0.0007147645134545926,-0.00040547157168543675,0.006404468924047537,0.0002823364951460558,0.006404468924047537,0.006404468924047537,0.0022776205230585827,0.0030437606686274424,0.004163996753767479,-0.010821308465206046,0.0060605648906317845
S14_D13 hbo,-0.0021033135497105244,-0.0006647290719009957,-0.004261190266424818,-0.0017436674302581422,0.0018527937642656867,-0.00138402131080576,-0.0021033135497105244,0.0072948194143059655,-0.003182251908067671,0.00041420928645615097,-0.0017436674302581422,-0.004261190266424818,-0.00030508295244861344,-0.00138402131080576,0.00041420928645615097,0.0014931476448133045,0.0018527937642656867,0.0011335015253609152,-0.004261190266424818,0.0018527937642656867,0.0018527937642656867,-0.00030508295244861344,-0.0028226057886152887,0.0018527937642656867,-0.003182251908067671,-0.0006647290719009957,0.0014931476448133045,-0.0037986019606074464,0.028184197137835276,0.024790872677965634,-0.03582001536197755,0.0,0.0018527937642656867,-0.0006647290719009957,0.0007738554059085332,5.4563167003768764e-05,0.0018527937642656867,0.0007738554059085332,0.0018527937642656867,-0.00030508295244861344,-0.004261190266424818,0.0018527937642656867,0.0014931476448133045,0.0018527937642656867,0.0018527937642656867,0.0018527937642656867,0.0018527937642656867,-0.0024629596691629068,0.0018527937642656867,0.0018527937642656867,-0.01627333815309604,0.0018527937642656867
S14_D14 hbo,-0.00535088650570085,-0.004004287983295096,-0.007370784289309491,-0.005014236875099413,0.000587882297813019,-0.00467758724449797,-0.00535088650570085,0.006804900973125253,-0.006360835397505174,0.014024511674082142,-0.005014236875099413,-0.007370784289309491,-0.0036676383526936525,-0.00467758724449797,-0.002994339091490779,-0.0019843901996864617,-0.0004939749550877657,-0.0023210398302878983,-0.007370784289309491,0.015371110196487896,-0.0005658833161842403,-0.0036676383526936525,-0.00602418576690373,0.015371110196487896,-0.006360835397505174,-0.004004287983295096,-0.0019843901996864617,-0.00690819598349212,0.025771741161210338,0.021855557346523728,-0.018836532068185547,0.0,0.00025123266721158226,-0.004004287983295096,-0.0026576894608893353,-0.003330988722092216,0.003905362417611841,-0.002249131469191431,0.0009964402895109303,-0.0036676383526936525,-0.007370784289309491,-0.000902532946785677,-0.0019843901996864617,0.005323869301114062,-0.0013110909384835814,0.015371110196487896,0.0053957776622105295,0.011331314629270627,0.00133308992011236,0.0024149471730131517,-0.0013143227749373531,0.005059128031609093
S14_D16 hbo,-0.0038747944127576098,-0.002494997075040943,-0.0059444904193326235,-0.003529845078328443,0.0022463111671151186,-0.0031848957438992765,-0.0038747944127576098,0.006984642320108987,-0.004909642416045116,0.005089234665747417,-0.003529845078328443,-0.0059444904193326235,-0.0021500477406117767,-0.0031848957438992765,-0.0014601490717534363,-0.00042530106846592954,0.0011258075323019867,-0.0007702504028950961,-0.0059444904193326235,0.006469032003464084,0.0010401519007763617,-0.0021500477406117767,-0.00456469308161595,0.006469032003464084,-0.004909642416045116,-0.002494997075040943,-0.00042530106846592954,-0.005481902113515252,0.02671844916413716,0.02301728752541797,-0.02912081018267246,0.0,0.0019013618326859522,-0.002494997075040943,-0.0011151997373242699,-0.00180509840618261,0.005693477703080125,-0.0006845947713694782,0.0026769161330699102,-0.0021500477406117767,-0.0059444904193326235,0.0006952025663471952,-0.00042530106846592954,0.006469032003464084,0.00026459760039240364,0.006469032003464084,0.006469032003464084,0.00232963999031407,0.0030218654674990767,0.004142369102312202,-0.010771454293014304,0.006469032003464084
S15_D13 hbo,-0.007323730435873835,-0.00574811149372996,-0.009687158849089654,-0.00692982570033787,-0.0006264377633280961,-0.006535920964801905,-0.007323730435873835,0.0035454466759684776,-0.008505444642481744,0.027352960705516065,-0.00692982570033787,-0.009687158849089654,-0.005354206758193995,-0.006535920964801905,-0.004566397287122058,-0.0033846830805141555,-0.0018084560260807595,-0.0037785878160501206,-0.009687158849089654,0.025383132971691456,-0.0018087600822255202,-0.005354206758193995,-0.00811153990694578,0.021441045054884176,-0.008505444642481744,-0.00574811149372996,-0.0033846830805141555,-0.009224570543272283,0.023642189591921867,0.019711373186949706,-0.00456700539941158,0.0,-0.0010203424988640612,-0.00574811149372996,-0.004172492551586086,-0.00496030202265803,0.0029199210810746615,-0.003778283759905367,-0.00023222897164736314,-0.005354206758193995,-0.009687158849089654,-0.002202664817761492,-0.0033846830805141555,0.004495844079363297,-0.002596873609442211,0.015530953741120854,0.004496148135508057,0.026959055969980092,0.00016167576388860194,0.0013436940266412722,0.013168741552484079,0.004102243399972092
S15_D15 hbo,-0.0029313253598098957,-0.0015186075461933492,-0.005050402080234729,-0.002578145906405759,0.0033373809972405575,-0.0022249664530016224,-0.0029313253598098957,0.007151807617809461,-0.0039908637200223125,0.0019246631836239967,-0.002578145906405759,-0.005050402080234729,-0.0011654280927892125,-0.0022249664530016224,-0.0004590691859809392,0.0006004691742314778,0.0021896240873014376,0.00024728972082734116,-0.005050402080234729,0.0033373809972405575,0.0021014055375747276,-0.0011654280927892125,-0.003637684266618176,0.0033373809972405575,-0.0039908637200223125,-0.0015186075461933492,0.0006004691742314778,-0.004587813774417358,0.02736942348458808,0.02378185941840328,-0.033124963453641784,0.0,0.002984201543836414,-0.0015186075461933492,-0.00010588973257679547,-0.0008122486393850758,0.0033373809972405575,0.0003355082705540442,0.0033373809972405575,-0.0011654280927892125,-0.005050402080234729,0.0017482260841705907,0.0006004691742314778,0.0033373809972405575,0.0013068280810397581,0.0033373809972405575,0.0033373809972405575,-0.0009007724436091034,0.0033373809972405575,0.0033373809972405575,-0.014320675909474364,0.0033373809972405575
S15_D16 hbo,-0.003216510806893958,-0.0018159006193797103,-0.005317426088165337,-0.0028663582600153927,0.00300185549276257,-0.0025162057131368344,-0.003216510806893958,0.00709164193847824,-0.00426696844752964,0.002740293946791004,-0.0028663582600153927,-0.005317426088165337,-0.0014657480725011449,-0.0025162057131368344,-0.000765442978744021,0.00028501466189166837,0.0018628068512199017,-6.513788498689713e-05,-0.005317426088165337,0.004140904134305252,0.001774215850312902,-0.0014657480725011449,-0.003916815900651082,0.004140904134305252,-0.00426696844752964,-0.0018159006193797103,0.00028501466189166837,-0.004854837782347966,0.027164196851959685,0.023546688874616133,-0.03205972521933706,0.0,0.0026517029458840114,-0.0018159006193797103,-0.0004152904318654626,-0.0011155955256225794,0.004140904134305252,2.3453115920088558e-05,0.0034405990405481208,-0.0014657480725011449,-0.005317426088165337,0.0014240633034343433,0.00028501466189166837,0.004140904134305252,0.0009853197556487924,0.004140904134305252,0.004140904134305252,-6.092642823749862e-05,0.0037907515874266865,0.004140904134305252,-0.01337935757987107,0.004140904134305252
S16_D14 hbo,-0.012125930552525055,-0.009462579889566083,-0.01612095654696352,-0.011460092886785312,-0.00133597853751877,-0.010794255221045568,-0.012125930552525055,0.0,-0.014123443549744288,0.04283646428583076,-0.011460092886785312,-0.01612095654696352,-0.00879674222382634,-0.010794255221045568,-0.007465066892346854,-0.005467553895127618,-0.003157062100548217,-0.0061333915608673675,-0.01612095654696352,0.03572855946790275,-0.0029806326663584276,-0.00879674222382634,-0.01345760588400454,0.030834477152403155,-0.014123443549744288,-0.009462579889566083,-0.005467553895127618,-0.015658368241146147,0.014665337796386582,0.012135182210645058,0.03445973512834982,0.0,-0.002001816203258513,-0.009462579889566083,-0.006799229226607111,-0.008130904558086597,0.003950842717379789,-0.006309820995057149,-0.0008465703059688091,-0.00879674222382634,-0.01612095654696352,-0.0036464703320981708,-0.005467553895127618,0.0064377639461489855,-0.004135878563648132,0.021729059337255923,0.006261334511959204,0.0400365642597014,-0.00018073264022905908,0.0016403509228003878,0.058600258758375434,0.00559549684621946
S16_D16 hbo,-0.0038128414655371925,-0.002428368433690678,-0.005889551013306964,-0.00346672320757556,0.0023246290437899894,-0.003120604949613935,-0.0038128414655371925,0.0070068518672257414,-0.0048511962394220814,0.004823772131525579,-0.00346672320757556,-0.005889551013306964,-0.0020822501757290462,-0.003120604949613935,-0.001390013659805796,-0.00035165888592090687,0.0012017875619119405,-0.0006977771438825319,-0.005889551013306964,0.006208245163372094,0.001117300853918774,-0.0020822501757290462,-0.00450507798146045,0.006208245163372094,-0.0048511962394220814,-0.002428368433690678,-0.00035165888592090687,-0.0054269627074895925,0.02677105072309789,0.02307222693144363,-0.02943653642879011,0.0,0.0019785107858283644,-0.002428368433690678,-0.001043895401844164,-0.001736131917767421,0.005777640197417295,-0.0006132904358893724,0.002755234009744781,-0.0020822501757290462,-0.005889551013306964,0.0007711825959571418,-0.00035165888592090687,0.006208245163372094,0.0003405776300023573,0.006208245163372094,0.006208245163372094,0.002054826067832544,0.003101352267706413,0.0042241937495844616,-0.011073153456742422,0.006208245163372094
