,bankssts-lh,bankssts-rh,caudalanteriorcingulate-lh,caudalanteriorcingulate-rh,caudalmiddlefrontal-lh,caudalmiddlefrontal-rh,cuneus-lh,cuneus-rh,entorhinal-lh,entorhinal-rh,frontalpole-lh,frontalpole-rh,fusiform-lh,fusiform-rh,inferiorparietal-lh,inferiorparietal-rh,inferiortemporal-lh,inferiortemporal-rh,insula-lh,insula-rh,isthmuscingulate-lh,isthmuscingulate-rh,lateraloccipital-lh,lateraloccipital-rh,lateralorbitofrontal-lh,lateralorbitofrontal-rh,lingual-lh,lingual-rh,medialorbitofrontal-lh,medialorbitofrontal-rh,middletemporal-lh,middletemporal-rh,paracentral-lh,paracentral-rh,parahippocampal-lh,parahippocampal-rh,parsopercularis-lh,parsopercularis-rh,parsorbitalis-lh,parsorbitalis-rh,parstriangularis-lh,parstriangularis-rh,pericalcarine-lh,pericalcarine-rh,postcentral-lh,postcentral-rh,posteriorcingulate-lh,posteriorcingulate-rh,precentral-lh,precentral-rh,precuneus-lh,precuneus-rh,rostralanteriorcingulate-lh,rostralanteriorcingulate-rh,rostralmiddlefrontal-lh,rostralmiddlefrontal-rh,superiorfrontal-lh,superiorfrontal-rh,superiorparietal-lh,superiorparietal-rh,superiortemporal-lh,superiortemporal-rh,supramarginal-lh,supramarginal-rh,temporalpole-lh,temporalpole-rh,transversetemporal-lh,transversetemporal-rh
bankssts-lh,0.12037282694042568,0.04127221679548288,-0.04415451348238361,-0.04749102713251678,-0.020798917931451437,0.04880631103400137,-0.04081799983225044,-0.02820242455156941,0.00411352929731127,0.007387994511009157,-0.020798917931451437,-0.02377019192165878,-0.04415451348238361,0.10334377651170785,0.02760378850029521,-0.0259616298812137,0.031220234869103216,0.10334377651170785,0.0037482896373854427,-0.023355595550932175,-0.03784672584204309,-0.04081799983225044,-0.03748148618211728,-0.03821196550196891,-0.04415451348238361,-0.03784672584204309,0.02796902816022103,0.08515089291053794,-0.02377019192165878,-0.020798917931451437,0.03423070446252574,0.0,-0.017827643941244087,0.027103885188317616,0.01042131693765178,0.0881221669007453,0.007084803287518612,-0.04154847915210208,-0.04415451348238361,0.03074359006194133,-0.04118323949217626,0.0,-0.01388756822760416,0.01339259092785913,-0.03153893820170258,0.05206201876582547,-0.04451975314230943,0.01005607727772596,0.0,0.011974073264136013,-0.024500671241510424,-0.04378927382245779,-0.020798917931451437,-0.04749102713251678,-0.03451021219190993,-0.037116246522191455,-0.03821196550196891,0.08958637091321356,-0.014856369951036738,0.018324726869747343,0.024632514510087862,0.0,0.015998625258140657,0.04798811006102004,0.020192535484470336,-0.017827643941244087,-0.04081799983225044,0.04876794609167247
bankssts-rh,0.20085812173801673,0.681777225899389,0.027677300239490492,0.003953900034212927,-0.01727230014945647,-0.06607175057171602,0.0,0.0,0.0,-0.12599761442358526,-0.0344405502980126,-0.025180100217882324,0.0,-0.13390541449201113,0.0,0.03163120027370342,-0.10042906086900837,0.0,0.0,0.023723400205277564,0.027677300239490492,0.019769500171064637,0.011861700102638782,0.027677300239490492,0.027677300239490492,0.023723400205277564,0.0,0.0,-0.03839445033222553,0.027677300239490492,-0.02913400025209525,-0.01727230014945647,-0.04630225040065138,-0.03964305034302961,0.0,0.0,0.0,0.03163120027370342,0.03558510030791635,-0.18676281494938396,0.03163120027370342,-0.025180100217882324,0.01581560013685171,0.0,0.0,-0.13390541449201113,0.027677300239490492,0.0,0.0,0.0,0.014462950125147287,0.027677300239490492,-0.03839445033222553,0.027677300239490492,0.023723400205277564,0.027677300239490492,0.023723400205277564,-0.13390541449201113,-0.03839445033222553,0.023723400205277564,0.0,-0.06607175057171602,0.0,0.01581560013685171,-0.05285740045737281,-0.03839445033222553,0.03163120027370342,-0.10622811425252064
caudalanteriorcingulate-lh,-0.044169908684405415,0.03265985719317345,0.007763061910553531,-0.02590724352219276,0.020603892391299783,0.006791879794280147,-0.020397248927206582,-0.008520643343571941,-0.035093900050623475,-0.015190631252638812,0.0352011396106324,0.03143631776366808,-0.020814313133473237,-0.01668256825066584,-0.04156811954272125,0.024953893672205265,-0.020019081900799006,-0.01668256825066584,-0.0241508267836064,0.024494892894880087,0.00786246581463781,-0.0029042876253396977,-0.007732738273499901,-0.007787166215326178,0.007763061910553531,0.012538331997090695,-0.04083339503427224,-0.03562981675090393,0.03143631776366808,0.03663989604703638,0.0036805797614068523,0.03265985719317345,0.028474931748743028,0.002124218211192295,-0.03207504670267267,-0.03302802760921977,-0.026970872323388642,0.009312466241606305,0.008926094615833694,0.017516696663199133,0.007445401608371168,0.051932970594958945,0.015534697363912501,-0.020714909229388956,-0.011857156993705107,-0.026692109201065344,0.007028337402104519,-0.021131973435655593,0.023355595550932175,-0.031160962975984637,0.029966868746770053,-0.0043430440617436995,0.031118657461485708,0.007345997704286889,0.008872914054210661,0.0005735664999362667,0.0077211253394950064,-0.01668256825066584,0.03340278630098749,-0.025613318581342644,-0.044169908684405415,0.020436146107065654,-0.010089496264554245,-0.0044843845368865085,0.005460731861325464,0.03340278630098749,0.01810150715369991,0.00855829314322776
caudalanteriorcingulate-rh,-0.04426078648810554,0.01825982924891061,9.411847714028481e-08,0.029361875637483964,0.010446041794273405,0.011695421093201585,0.04042749817540374,0.07170639682589343,-0.040362312790371675,-0.0234464733546323,0.02019643605340043,0.01759464691171628,0.03326962119658935,-0.015630982236421533,-0.041658997346421374,0.013018311688269429,-0.019538727795526917,-0.015630982236421533,-0.022167480689538856,0.020814407251950377,0.0032594973995576757,0.0006577082578735124,0.004565453816978896,-0.01819558981414246,-0.006500168720940882,-0.004555993718653091,0.03268627606664228,-0.03514946264563184,0.01759464691171628,0.02279822519508459,-0.002554483884562626,0.01825982924891061,0.02279822519508459,0.0019366068044898244,-0.03710290950929115,-0.03254767350394769,-0.02215820882816733,-0.005852678274702807,-0.009750300140649894,0.013000525678836033,0.0026018832601613037,0.04101074918687367,0.023446567473109445,-0.015000331849352932,-0.005240665728854392,-0.027354218913737686,-0.008463739277758474,-0.015657945988749308,0.02275091993796306,-0.031251840779684764,0.018890479635979205,-0.005194212303519649,0.02019643605340043,-0.007157782860337254,-0.01434271770995656,-0.011694475142937664,-0.016306288266774167,-0.015630982236421533,0.01889975149735072,-0.03251049193998446,-0.04426078648810554,0.01625065709854504,-0.01370449912509001,0.052225003862169196,0.0019366068044898244,0.01889975149735072,0.0006577082578735124,-0.0012788985466163085
caudalmiddlefrontal-lh,-0.020814313133473233,-0.01788343950289918,0.032845328771511244,0.01062650999518196,-0.012656341382395086,-0.054292986736303374,0.006182746239916108,0.011386324523284417,-0.023416102275157388,0.004443763755265857,-0.02934755158510098,-0.03639310448205099,0.0007833343652382409,0.0,-0.01821252399178908,0.047500415502204164,0.0,0.0,0.006182746239916108,0.049215878149718624,0.03544711791319541,0.023957801260979537,0.015070273750447824,0.013653636823174367,0.022046505022155508,0.02560394228325168,-0.020814313133473233,-0.015610734850104925,-0.04864055092949103,0.01780025959107749,-0.043141516391638275,-0.013439675747633323,-0.04007705370921439,-0.03595900497708188,-0.020814313133473233,-0.013008945708420771,0.008784535381600265,0.037783751838327675,0.025534620658009356,-0.0435903739150823,0.04433464542372712,-0.0007295557594535608,0.019514037505713674,0.008784535381600265,0.011386324523284417,0.0,0.030047706038517537,0.008784535381600265,0.021597647498711476,-0.0078053674250524625,0.01780025959107749,0.039131067140358806,-0.04603876178780688,0.02744591689683338,0.029092057919105522,0.024844127755149225,0.03709325893546755,0.0,-0.03938656080635426,-0.0011972834988281061,-0.020814313133473233,-0.05043840848784447,0.008588701790290705,-0.007483021867675666,-0.048206451424521936,-0.0516340072537943,0.03188968065209923,0.026662582531595137
caudalmiddlefrontal-rh,0.028757025773646663,-0.03347635362300278,0.0037430785081294733,0.007113181221854585,-0.04484256894807423,-0.053249694964603474,0.0037430785081294733,-0.00022644958945978777,0.0432859130283727,0.011158784541000928,-0.04147246623434912,-0.07934838016551334,0.004342503891993623,0.05182439460741538,-0.016477537774221205,0.020220616282350674,0.05579392270500464,0.05579392270500464,0.05953700121313411,0.023590718996075788,0.010483283935579698,0.007113181221854585,0.007113181221854585,0.0,-0.0029971269193207525,0.0003729757944043586,-0.016477537774221205,0.031976754119469056,-0.07934838016551334,-0.03793297034733203,-0.053323994110949104,-0.03347635362300278,-0.07054925954919047,0.026660072973995478,0.035946282217058326,0.028007226021879796,0.07481568821962702,0.013480410854900449,-0.002397701535456601,-0.0050180044974148475,0.007113181221854585,-0.021624825746402804,0.0037430785081294733,0.06627720664058434,-0.0008258749733239411,0.05579392270500464,-0.0035965523031849024,0.05953700121313411,0.020220616282350674,-0.023817168585535575,-0.016365201017097035,0.014452812033168963,-0.07097929175976264,0.0003729757944043586,-0.0029971269193207525,-0.0006564818000319566,-0.007566080400774167,0.05579392270500464,-0.06055128816513931,-0.012508009676631938,-0.01310743506049609,-0.04510320798535442,0.04425831420664121,-0.015878112390357052,0.01550128843299456,-0.0821190574953743,0.0003729757944043586,0.0
cuneus-lh,-0.04479737244547523,0.0,-0.01984605297491415,0.020578808644927726,-0.011457568332012828,0.007789207244048213,0.41668100524008483,0.03489706669011666,-0.03804241678569897,-0.023983059312001995,0.004137006337087845,0.0015352171954036923,0.06748356517204962,-0.017987294484001496,0.0014692257696908185,-0.007475265578449244,-0.020985176898001747,-0.017987294484001496,-0.01984605297491415,0.0009682601585590848,-0.020484211286870016,-0.023086000428554167,0.06724150013240986,-0.03699200502042277,-0.022964967908734285,-0.008250616591229243,0.0018653190420069143,-0.03659591174810667,0.0015352171954036923,0.006738795478772002,-0.020814313133473233,0.0,0.006738795478772002,-0.0018587584909126526,-0.03556166016383471,-0.03399412260642252,-0.026601008634690396,-0.018278515417501955,-0.026083882842554418,0.015594574669100676,-0.017365296353049883,0.02495131947056108,-0.0018587584909126526,-0.020484211286870016,-0.01176562479736548,-0.023983059312001995,-0.014246381419229747,-0.020363178767050127,0.02495131947056108,-0.031788426737054454,-0.002254851763228745,-0.028806704504058457,0.004137006337087845,-0.01984605297491415,-0.014367413939049629,-0.023053004715697732,-0.011644592277545591,-0.017987294484001496,0.0031027547528158866,-0.04739916158715938,-0.04479737244547523,0.14970791682336648,-0.012040685549861688,0.06651530501349054,0.004137006337087845,0.0031027547528158866,-0.016848170560913898,-0.020985176898001747
cuneus-rh,-0.041014468711870436,0.0,-0.01873413490271915,0.04722198976005568,-0.012011140489817967,0.0049106320234614895,0.09227088296915202,0.25843496940552996,-0.031657723910410024,-0.022317569082001856,0.0035834341792827075,0.006254419840692504,0.14371035668665846,-0.022317569082001856,-0.04368545437328023,-0.0036040794790810453,-0.022317569082001856,-0.022317569082001856,-0.01873413490271915,0.002633750388559223,-0.024971964770359418,-0.024971964770359418,-0.024971964770359418,-0.03033052606623125,-0.021853049836539285,-0.007575350361718219,0.2302119843603789,-0.041014468711870436,0.006254419840692504,0.011596391163512097,-0.021367885291278373,0.0,0.0035834341792827075,-0.0011847698533081147,-0.03744762450563996,-0.03834348305046063,-0.020077922719950164,-0.011617036463310436,-0.022300979108949626,0.015594574669100676,-0.018133454989538975,0.02495131947056108,-0.0038557555147179117,-0.024971964770359418,-0.01918206417512949,-0.022317569082001856,-0.015014540055718843,-0.021853049836539285,0.02495131947056108,-0.03300151172764104,-0.007575350361718219,-0.02541989404276976,0.006254419840692504,-0.01873413490271915,-0.021853049836539285,-0.013059749675408478,-0.012343554394309042,-0.022317569082001856,1.6589973052236127e-05,-0.041014468711870436,-0.04368545437328023,0.01871348960292081,-0.013392163579899556,0.09542703317582273,0.006254419840692504,0.002687575634462033,-0.01873413490271915,-0.022317569082001856
entorhinal-lh,-0.019206153947479966,0.0,-0.026076267237829635,-0.04385132225889306,-0.020495726707960887,0.01878924639485284,-0.032044345304494834,-0.02034952450020153,0.08320762221293479,-0.004871719317372354,-0.0027206716868974617,0.0032388948653541225,-0.026076267237829635,0.05025751619318687,-0.040923361300612936,-0.029220028981906034,0.028854190515760533,0.04409622411533361,0.03261720409683658,-0.00558054052986875,-0.03800391185674642,-0.03477058073717327,-0.038012423371160016,-0.040923361300612936,-0.008301212216766208,-0.008421879881284752,-0.04093187281502655,0.03885955403577299,0.0032388948653541225,0.0032388948653541225,-0.020495726707960887,0.0,0.009094816781914376,0.05577958563658067,0.09178126804775989,0.035626222916199844,-0.003650238672200272,0.009482354318710818,0.0005863152937655047,0.06908280586407166,-0.029116384346214705,0.017775055021063427,-0.008559570574630505,0.017447716843933044,-0.023268973944068048,0.004531415394467667,-0.023148306279549512,0.04189967114415806,0.017775055021063427,-0.029211517467492426,0.00033646845031480826,-0.043859833773306676,-0.0027206716868974617,-0.02010818917116445,0.0004656476292469605,-0.0351014854417071,-0.00841336836687115,0.05641880827104015,0.029797832761257928,-0.04969873266103971,-0.04385132225889306,0.03555011004212685,0.022401603536808826,-0.014334434630107614,0.03081202413504734,0.01798234429244609,-0.014269290283431407,-0.020436146107065654
entorhinal-rh,-0.023355595550932175,-0.042960695690885994,-0.0022126353679830482,-0.021406369155328064,0.015857220137211844,-0.042735770582556745,-0.020019081900799006,-0.013346054600532672,-0.018069855505194896,0.6584850240160893,0.021142960182949127,0.026428700228686406,0.0030731046777542326,-0.20370779582643392,-0.023355595550932175,-0.00416186176358716,-0.08412273777463412,-0.01668256825066584,-0.026692109201065344,0.0030731046777542326,0.006409618327887401,0.011695358373624686,0.0044603919322832855,0.0030731046777542326,0.0030731046777542326,0.006409618327887401,-0.020019081900799006,-0.009447601809324442,0.021142960182949127,0.026428700228686406,0.005285740045737282,0.015857220137211844,0.026428700228686406,-0.003336513650133168,-0.020019081900799006,-0.014733341855061725,-0.0022126353679830482,-0.016120629109590782,-0.0074983754137203295,-0.07006417124456013,-0.012784115459457611,0.021142960182949127,0.060092366898714215,-0.020019081900799006,-0.01668256825066584,-0.11216365036617883,-0.0055491490181162175,-0.0074983754137203295,0.0,-0.023355595550932175,0.014469932882682791,-0.014733341855061725,0.021142960182949127,-0.0055491490181162175,-0.01668256825066584,0.24410057821537728,-0.023355595550932175,-0.0810111492328302,0.021142960182949127,-0.0055491490181162175,-0.023355595550932175,0.0,-0.044723480842210554,0.03171444027442369,0.0,0.021142960182949127,-0.00416186176358716,-0.16981920404807685
frontalpole-lh,-0.020814313133473233,-0.019218957128326126,0.02983695527866622,-0.00045043583308247096,-0.0295153793211153,-0.05824008236464713,-0.0011223404140598323,0.004081237869308477,-0.010288120462215118,0.007907800068425855,-0.029771841439657786,-0.020332995811811902,0.0021596550391757337,0.0,-0.01821252399178908,0.04283759925651295,0.0,0.0,0.0021596550391757337,0.04669736837792653,0.025874753513879252,0.015365164303769241,0.007457364235343384,0.014668354531069721,0.03311895073190178,0.03176683983937303,-0.020814313133473233,-0.015610734850104925,-0.0330455351623193,0.03572073987358595,-0.04794107033022521,-0.0152650570941132,-0.035749756947376844,-0.045408506909618236,-0.010968326773766534,-0.013008945708420771,-0.005084542178846809,0.04159622273793162,0.037744755347092075,-0.031158184682616143,0.03311064900132774,-0.00019888898989008975,0.017975255176027445,-0.0018025467256112416,0.004081237869308477,0.0,0.03243874442035038,0.0014794487276243243,0.02297396817264897,-0.0078053674250524625,0.010295661172571174,0.017389179777275374,-0.03372574147387072,0.03311895073190178,0.03176683983937303,0.010825188870804235,0.03436862898105718,0.0,-0.04123470254100979,0.0003072979301201758,-0.020814313133473233,-0.04058872857988796,0.013247017917463768,-0.0049987129966215255,-0.045408506909618236,-0.028522163190502405,0.03707285076611472,0.027677300239490492
frontalpole-rh,-0.020495726707960887,-0.003118914933820134,0.03086108987108163,-0.0009663184303698295,-0.029863986490717042,-0.07384530647864887,-0.0014269176821998064,0.004429004234360446,-0.007533013478106781,0.010916202268370473,-0.01033457821312599,-0.08545818190109922,0.0017512171554270397,0.0,-0.01756776574968076,0.03621666402894845,0.0,0.0,0.0017512171554270397,0.0477180824895857,0.02743278115410807,0.017227352016914294,0.009949883838000648,0.011542106965973834,0.03721735954633534,0.03332845157753178,-0.020495726707960887,-0.014639804791400634,-0.031656899292701865,-0.04959066016216765,-0.03453084391015149,-0.006757649023276957,-0.024111565120322375,-0.021971289311144778,-0.0077831873574535,-0.011711843833120508,-0.007072414226276804,0.03332845157753178,0.03403922470870849,-0.009981843786086804,0.026972181902278094,0.015489294840110966,0.019944887602711167,-0.001677091561546528,0.004429004234360446,0.0,0.033789050829361754,0.0015010432760803182,0.022246943863387925,-0.005855921916560254,0.028000305232255718,0.011121256221007316,-0.031907073172048585,0.0161054638392427,0.029229118236244977,-0.014858186579531389,0.02897894435689826,0.0036387340894568246,-0.00493925554839571,0.0020474509599567575,-0.020495726707960887,-0.028376203907382557,0.013713234867894265,-0.0023020562606767643,-0.030938169745877663,-0.02580097737614162,0.03403922470870849,0.029109872715654597
fusiform-lh,-0.04415451348238361,0.0,-0.021180545309734643,0.036359119657629335,-0.0142349270249803,0.0071854338325275735,0.0639284498460098,0.11844566729671431,-0.03399780565964868,0.040748060322902936,0.0021750502411975324,0.002485771704225756,0.2352340781856058,-0.017516696663199133,-0.04118323949217626,-0.009968716821302513,-0.020436146107065654,-0.017516696663199133,-0.024099994753601164,-0.0003816273782832066,-0.021853812782131905,-0.024825086772339255,-0.021905637328472727,-0.03821196550196891,-0.017898549856499073,-0.009088376978558677,0.08697224770915314,-0.035292516058102394,0.002485771704225756,0.005457045694433102,-0.020798917931451437,0.0,0.00842831968464045,-0.0003818531932999419,-0.03138907767881039,-0.032321242067895044,-0.03102653166944134,-0.018157446773186463,-0.021180545309734643,0.1051635138845269,-0.018571817328896338,0.02297396817264897,0.08180769251857797,-0.021853812782131905,-0.012681093894822464,-0.0262750449947987,-0.018209271319527293,-0.02149126677276286,0.02297396817264897,-0.029298143531346868,-0.00033002864695911655,-0.031078356215782168,0.0021750502411975324,-0.020817999300365594,-0.009088376978558677,-0.028883998790653738,-0.009036552432217855,-0.017516696663199133,0.00811759822161223,-0.05004523691645748,-0.04415451348238361,0.02297396817264897,-0.008984727885877026,0.08604050852494043,0.005457045694433102,0.005146324231404881,-0.014979100412632554,-0.020436146107065654
fusiform-rh,0.04569169240871514,-0.05285740045737281,-0.020798917931451437,-0.017827643941244087,0.0,-0.007289511131582982,-0.02377019192165878,-0.017827643941244087,0.044004020934727224,-0.14326810958421912,0.0,0.0,-0.02377019192165878,-0.07360564986844713,0.04945933162865982,-0.02377019192165878,-0.027337255756205405,0.09312080538302314,0.040814002847081296,-0.02377019192165878,-0.02377019192165878,-0.01760889984380551,-0.020798917931451437,-0.02377019192165878,-0.02377019192165878,-0.01188509596082939,0.07038205264303656,0.13385619707008745,0.0,0.0,0.041845442028753475,0.0,0.0,0.04653780673005741,0.037842728856873946,0.08915305049206651,0.02233012661352148,-0.020798917931451437,-0.020798917931451437,-0.08106963260333254,-0.017827643941244087,0.0,-0.005942547980414695,0.03168143677902068,-0.038418051417242374,-0.039546270470972075,-0.017827643941244087,0.05016531301258051,0.0,-0.007033969895677263,-0.01188509596082939,-0.013308831414470411,0.0,-0.020798917931451437,-0.020798917931451437,0.004518812526773674,-0.035446777427035024,0.04839949009296167,0.0,0.0733533266332439,0.05992069213584818,0.0,-0.025230724513766945,0.07939081562817188,0.024645168311413092,0.0,-0.02377019192165878,-0.10911286974345864
inferiorparietal-lh,-0.010736712422532477,0.0,-0.044780461869653954,-0.044780461869653954,-0.021424866318721782,0.01749848721582044,-0.04186101242578744,-0.030665896958373944,-0.044780461869653954,-0.023355595550932175,-0.021424866318721782,-0.021424866318721782,-0.044780461869653954,0.050570802231043814,0.3756630860641484,-0.02311425439690588,-0.020436146107065654,0.02503799014570271,-0.04769991131352048,-0.023355595550932175,-0.03067196677416685,-0.04186101242578744,0.13322254136495054,-0.03406802871029306,-0.044780461869653954,-0.03626345469208069,0.05175929855379662,0.04009364040991634,-0.021424866318721782,-0.016068649739041336,0.012618883128399695,0.0,-0.01874675802888156,-0.027263765206454824,-0.04186101242578744,0.017238936614415445,-0.030913307928193145,-0.03698747815415959,-0.044780461869653954,0.0,-0.039182904135947216,0.0,-0.027263765206454824,-0.03067196677416685,0.2820488449003572,-0.00925317027123796,-0.042102353579813734,-0.042102353579813734,0.0,-0.005857108335111735,-0.027505106360481126,-0.0248391377022267,-0.021424866318721782,-0.04769991131352048,-0.03626345469208069,-0.016080789370627135,-0.03650479584610699,0.03354892750748308,-0.016068649739041336,0.03740946230428321,0.048839849109930104,0.20085812173801673,-0.036746137000133294,0.05517356993730155,-0.021424866318721782,-0.016068649739041336,-0.04186101242578744,0.0476513527871773
inferiorparietal-rh,-0.023983059312001995,0.031666820994732364,0.0267902973753504,0.003230627392087707,0.04406744165317378,0.015753578175530723,0.002645190365294337,0.008640955193294836,-0.04253497045292304,-0.019459227741325944,0.05529718825802844,0.02434465645866599,-0.00035269204870591223,-0.017987294484001496,-0.023983059312001995,-0.2564036911555238,-0.020985176898001747,-0.017987294484001496,-0.00035269204870591223,0.022266465804674347,0.02584978524546797,0.01680212210411586,0.010752341376764007,-0.12898357103137773,0.0267902973753504,0.03126011304667509,-0.020985176898001747,-0.020985176898001747,0.02434465645866599,-0.028512743998706826,0.027142989424056314,0.03619065256540842,0.04172569354600029,0.017634602435295584,-0.017046782354119067,-0.020985176898001747,-0.0875155818225305,-0.1002439351706122,0.03189956597281982,0.015753578175530723,0.03883584293070275,0.050773356687352396,0.031206097147323742,-0.0012932041785883438,0.005643072779294585,-0.023983059312001995,0.02978817978935065,-0.00035269204870591223,0.023630367263296082,-0.15612656045543402,0.04177970944535164,6.522043574929226e-06,0.050773356687352396,0.0267902973753504,0.032786062203350896,-0.0004025689588654835,0.02978817978935065,-0.017987294484001496,0.046834962143469716,-0.02779260168730814,-0.023983059312001995,0.019691972719413402,-0.00035269204870591223,0.013571494712028157,0.023630367263296082,0.054711751231235076,0.0343120113600267,0.0061578125260545674
inferiortemporal-lh,0.006449989436182356,-0.10042906086900837,-0.023983059312001995,-0.020985176898001747,0.0,0.030433048748184352,-0.020985176898001747,-0.014989412070001247,0.04449130037141279,-0.14267194942992098,0.0,0.0,-0.023983059312001995,-0.08341834929259784,-0.023983059312001995,-0.020985176898001747,0.9361342062323961,0.0428788030123672,0.03688303818436671,-0.023983059312001995,-0.020985176898001747,-0.020985176898001747,-0.017987294484001496,-0.023983059312001995,-0.023983059312001995,-0.014989412070001247,-0.020985176898001747,0.04748918278541304,0.0,0.0,0.0,0.0,0.0,0.04726207048132212,0.03988092059836695,0.04748918278541304,0.02166651381027453,-0.023983059312001995,-0.023983059312001995,-0.11108062793087287,-0.020985176898001747,0.0,-0.005995764828000499,0.03227265841132087,-0.017987294484001496,-0.11984716286878269,-0.020985176898001747,0.04449130037141279,0.0,-0.023983059312001995,-0.008993647242000748,-0.020985176898001747,0.0,-0.023983059312001995,-0.017987294484001496,-0.008993647242000748,-0.020985176898001747,-0.08341834929259784,0.0,-0.023983059312001995,-0.023983059312001995,0.0,0.014058251623228444,0.0,0.030433048748184352,0.0,-0.020985176898001747,-0.15489059139001288
inferiortemporal-rh,0.06066020921785534,0.0,-0.020798917931451437,-0.017827643941244087,0.0,0.05467804425090455,-0.02377019192165878,-0.017827643941244087,0.045972211459597026,-0.006850437255200277,0.0,0.0,-0.02377019192165878,0.11589619269580996,0.05657305677354791,-0.02377019192165878,0.03202373078334586,-0.3932233519873574,0.041969245111678787,-0.02377019192165878,-0.02377019192165878,-0.02377019192165878,-0.020798917931451437,-0.02377019192165878,-0.02377019192165878,-0.01188509596082939,0.05657305677354791,0.1129249187056026,0.0,0.0,0.05356216579680446,-0.5021453043450418,0.0,0.04688010073438259,0.03899797112147144,0.1129249187056026,0.021046524097302042,-0.020798917931451437,-0.020798917931451437,0.020922721014376738,-0.017827643941244087,0.0,-0.005942547980414695,0.03202373078334586,-0.020798917931451437,0.0408533666575787,-0.017827643941244087,0.045972211459597026,0.0,0.019372706416151908,-0.01188509596082939,-0.010379650472457667,0.0,-0.020798917931451437,-0.020798917931451437,0.007447993468786419,-0.017827643941244087,0.10547692523681618,0.0,0.059544330763755246,0.05657305677354791,0.0,0.014072283759176466,0.06695270724600556,0.02789696135250232,0.0,-0.02377019192165878,0.04318251532434679
insula-lh,-0.016042464481071522,0.0,-0.020583830282641664,-0.029726316698960514,-0.012055964801873669,0.034688841146782466,-0.02019969219792238,-0.008388938857382474,0.034878986181463886,-0.009176632023849447,0.0025412824174589404,0.0028589427196413107,-0.020583830282641664,0.0532244657383268,-0.04133763669188968,-0.007508406791683984,0.03597239753348983,0.04625022540020122,0.03888074523190275,0.00023048285083156848,-0.020517352500104755,-0.023119141641788906,-0.01981555411320311,-0.03613405840852138,-0.020583830282641664,-0.015062591697090986,-0.040635838304988035,0.03431014335963607,0.0028589427196413107,0.00806252100300962,-0.020814313133473233,0.0,0.00806252100300962,0.0579510670377443,0.03089067306974175,0.03691193250132023,0.0151050525561964,-0.01900149983004152,-0.023503279726508185,0.03843941767757587,-0.02090149058482403,0.023355595550932175,-0.0007623051111268607,0.03527657020489988,-0.011692526385968271,0.008442501461941495,-0.02458921619812911,0.04884091279643178,0.023355595550932175,-0.030930480125153068,0.0014553459458380186,-0.028640380227339585,0.0025412824174589404,-0.020967968367360947,-0.011374866083785908,-0.031175691586486823,-0.012460802555406837,0.0532244657383268,0.0048254112569607295,-0.049844802503843794,-0.04393942583357384,0.020436146107065654,0.025012188276905226,-0.020814313133473233,0.03335769321382778,0.0048254112569607295,-0.014360793310189338,-0.019821525171514805
insula-rh,-0.023355595550932175,0.030548763762436,0.030548763762435996,-0.0020203034174285425,0.035488516623731065,0.01459724721933261,0.0,0.005838898887733045,-0.011677797775466087,-0.011899809140018675,0.05390435931336817,0.0568238087572347,0.0,-0.017516696663199133,-0.023355595550932175,0.023810718848264974,-0.020436146107065654,-0.017516696663199133,-0.0029194494438665236,-0.977560440397952,0.02762931431856948,0.019992123377960483,0.015274381881218001,0.007193168211503826,0.030548763762435996,0.03548851662373106,-0.020436146107065654,-0.020436146107065654,0.0568238087572347,0.0568238087572347,0.0190929773515225,0.026730168292131498,0.049186617816625706,0.020436146107065654,-0.011677797775466089,-0.020436146107065654,-0.004939752861295066,0.01707267393409396,0.02381071884826498,0.021335292133503634,0.022911572821827,0.05390435931336817,0.03660967401472163,-0.0029194494438665236,0.0029194494438665236,-0.0262750449947987,0.030548763762435996,-0.00291944944386652,0.023355595550932175,-0.023355595550932175,0.04806546042563513,0.013254078463789457,0.05390435931336817,0.030548763762436,0.021113280768951043,0.02762931431856948,0.021113280768951047,-0.013698101192894632,0.05098490986950166,0.00045512329733280094,-0.023355595550932175,0.020436146107065654,0.0029194494438665236,0.0190929773515225,0.0262750449947987,0.05098490986950166,0.03256906717986454,0.010112617655370346
isthmuscingulate-lh,-0.045407925630723774,0.03274860680511142,0.00873099652268991,-0.013742259689507617,0.023328162295532244,0.013866093388518535,-0.01738099377896444,-0.006029012371283495,-0.039150663271284004,-0.013066857043631521,0.03322415874442884,0.029585424654972017,-0.02350750737268457,-0.017987294484001496,-0.042729817340883554,0.024218374606131944,-0.020985176898001747,-0.017987294484001496,-0.020378876192964687,0.02651712875195487,0.014406987226530376,0.0044514107577765085,0.000171824992863108,-0.005585619755708292,0.002473734163250136,0.013635386785354173,-0.04241004321672353,-0.03705382663704308,0.029585424654972017,0.03494164123465246,0.00040753821801916445,0.029109872715654597,0.024986064765898593,-0.005520212888683075,-0.039281412037003645,-0.03437571834720286,-0.014512556703547301,0.006418802053434319,-0.0006548970164697507,0.01615325880833637,0.013896884316793442,0.0510102909736938,0.015802088738320934,-0.01470288548912422,-0.00589826360556386,-0.023983059312001995,0.01127835604681049,-0.017700767903124467,0.021900418258039202,-0.03201738418152267,0.02326988570281149,0.0013227795780566222,0.029585424654972017,0.005602365342970023,0.00023140501272038162,0.014334515053531498,0.003040262068280243,-0.014348560394544673,0.02868437887521269,-0.019936787004526006,-0.045407925630723774,0.015643155898599433,-0.015473182503163905,-0.0032311958714376587,0.0004755519393174224,0.02868437887521269,0.008600247756970268,0.00812469581765285
isthmuscingulate-rh,-0.04479737244547523,0.02812013704332234,0.009323815955519177,-0.015031407658751585,0.016289187153924804,0.011695421093201585,-0.01579843867380291,-0.004599095562434106,-0.040898898747741365,-0.007914409572960659,0.030056743847812168,0.031472117140888344,-0.022046452507512172,-0.017987294484001496,-0.04219558330379107,0.017415007945445996,-0.020985176898001747,-0.017987294484001496,-0.018796321087803162,0.03415529152375275,0.015690518526254905,0.009071566949810424,1.796205952966397e-05,-0.004854705542340094,0.006840715550861492,0.02168628335425541,-0.04179949003147498,-0.03659591174810667,0.027454954706128014,0.03667569542425665,-0.0047456633944318975,0.024102974608562006,0.03265853298949633,-0.004059158023510674,-0.03854935861176596,-0.03399412260642252,-0.014660469916016357,-0.0006555357480760565,-0.0044437407383681885,0.0210348505483567,0.00688916264168291,0.050871056981285405,0.023293948004760343,-0.01644678095182777,-0.007596977976434359,-0.023983059312001995,0.011673356091494573,-0.012177369511358673,0.02275091993796306,-0.031788426737054454,0.023664885747495576,-0.00883184091586375,0.030056743847812168,0.0060736845358101725,-0.004647542653255522,0.008710913205000236,-0.0017935045058626062,-0.009952969614480828,0.028760059291762455,-0.01927902454383704,-0.04479737244547523,0.01625065709854504,-0.014241085082459708,0.003288661475088771,0.0019366068044898244,0.028760059291762455,0.005054404515050087,0.007134960145320593
lateraloccipital-lh,-0.04161323106492467,0.024645168311413092,0.009032988604160493,-0.009729745058900986,0.016831380856775893,0.011695421093201585,-0.01858345369745995,-0.007437327433676945,-0.04068603135739815,-0.00847633377574489,0.02658177511590292,0.023979985974218767,-0.021833585117168958,-0.020798917931451437,0.007307620709378328,0.015172186624640054,-0.02377019192165878,-0.020798917931451437,-0.0156121797072526,0.026876027747426378,0.005413372335928296,0.0028115831942441397,0.03658931757371785,-0.01213396931866646,-0.0004385482254648715,0.017298468296757685,-0.044584505055132014,-0.039380926771763705,0.023979985974218767,0.02918356425758708,-0.008491728977766688,0.024645168311413092,0.02918356425758708,-0.006977215166132219,-0.041334373635423007,-0.036779137630079554,-0.01951065340498647,0.0009266696922326562,-0.000717405654966534,0.013000525678836033,0.008444759658198719,0.047396088249376155,0.02388935855519723,-0.0192317959754848,0.02039785896538207,-0.020798917931451437,0.011355920316342987,-0.015981664555775793,0.02275091993796306,-0.0286042853565039,0.017298468296757685,-0.015362921522855573,0.02658177511590292,0.0057828571844514886,-0.013349361327133198,0.008287043734677046,-0.0045261667755326805,-0.017827643941244087,0.02528509055985321,-0.01956985189519573,-0.044584505055132014,0.053218409565664676,-0.011056943701909145,0.003830855177939859,0.0019366068044898244,0.02528509055985321,0.0028115831942441397,0.0008749763897543121
lateraloccipital-rh,-0.0427934782997725,0.03274860680511142,-0.013683605584117907,-0.03915474421031567,0.009671989966814268,0.0,-0.039874028855905984,-0.021076541468946053,-0.04927277254938594,-0.012439393282561701,0.013310724056271091,0.003192695717200827,-0.0427934782997725,-0.017516696663199133,-0.03631418405015906,-0.03668133313870515,-0.020436146107065654,-0.017516696663199133,-0.04571292774363902,0.0021155430752655977,-0.004284861890637942,-0.018041624319165037,-0.022399643054212156,0.9582105318578984,-0.013683605584117907,-0.005004146536228245,-0.039874028855905984,-0.026915440356679095,0.003192695717200827,-0.009765892782026058,0.0023945217879006186,0.029109872715654597,0.008873816037514061,-0.025276781636573372,-0.039874028855905984,-0.020436146107065654,-0.058592626959156,-0.05263826036550846,-0.013683605584117907,0.0036387340894568246,-0.007923595980094764,0.029109872715654597,-0.007083111189289249,-0.03339473460629254,-0.023995990912812574,-0.0262750449947987,-0.007204311334504462,-0.03631418405015906,0.0,-0.023355595550932175,0.007392935884828145,-0.024520918568778482,0.009671989966814268,-0.016603055027984426,-0.012281614715141895,-0.008485102058265264,-0.008721769909394973,-0.013877962573742306,0.022630578466041155,-0.026721083367054695,-0.0427934782997725,0.0,-0.023355595550932175,-0.0012442123015562047,-0.019437882748840327,0.01615128421642771,-0.010764156140251387,0.008673726608588941
lateralorbitofrontal-lh,-0.044169908684405415,0.03274860680511142,0.006307849322527555,-0.02628591773409634,0.011856873797394425,0.0028785752205867238,-0.023443888164473573,-0.012401410993372221,-0.02540381253481119,-0.012439393282561701,0.03330217896291655,0.03062296994698864,-0.02280202339312704,-0.017516696663199133,-0.04156811954272125,0.017715405186072876,-0.020436146107065654,-0.017516696663199133,-0.02572147283699356,0.023483428366543973,0.004706459477652104,-0.005172797842945691,-0.009530816577992818,-0.007254668543698348,0.013430477752953683,0.014671117477701,-0.041250459240538884,-0.03604688095717058,0.03062296994698864,0.035826548230356955,0.0010180914032677112,0.029109872715654597,0.028549080051443305,-0.001724012514714842,-0.023443888164473573,-0.033445091815486425,-0.02724544280762524,0.01823897585989586,0.016991791968166737,0.032129247811161325,0.004629039603408345,0.050477758006932966,0.012908343717356217,-0.024403413238002488,-0.015320860437238747,-0.0262750449947987,0.008909638464211719,-0.023761548466655937,0.021367885291278373,-0.031160962975984637,0.027068199898757386,-0.011335901199842909,0.029663444873459732,0.006949714093874095,0.010954963514000406,-0.002422713119755816,0.007075988996604983,-0.013877962573742306,0.04555096580246722,-0.02422000864375832,-0.044169908684405415,0.028490513721704497,-0.011435341752861507,-0.002620642686189112,0.004114886373018202,0.04198965158725417,0.012788612981607142,0.008673726608588941
lateralorbitofrontal-rh,-0.04491704429977636,0.030548763762436,0.007878663326047568,-0.03108081913660127,0.01166157164866341,0.0046782144809867175,-0.019975190778751636,-0.0028728852085439026,-0.02902637011164213,-0.012036391570141084,0.03137084130710215,0.03454897614472899,-0.022670100436388434,-0.011746088990527292,-0.04223893600993614,0.022323600704634572,-0.017619133485790937,-0.011746088990527292,-0.02854314493165208,0.025484934174464843,0.010073546435897736,-0.00024175279455148035,-0.002005899239896837,-0.003655847377979472,0.014234933001301254,-0.01357586699784445,-0.039043999804512716,-0.03368778322483228,0.03454897614472899,0.039905192724409434,-0.0023318889671992814,0.026730168292131498,0.02958989349396021,0.004000212382292991,-0.02633146045400533,-0.031009674934992053,-0.023029692899284034,0.00825899588716265,0.007238202693369914,0.026065539333692427,-0.0002585541623480563,0.05279570762582393,0.01991505489618865,-0.020475217326538262,-0.008745929703807548,-0.02936522247631823,-0.001189317374639503,-0.02317012698417506,0.022246943863387925,-0.031526502850575254,0.03722708443456921,-0.007238483102482828,0.03137084130710215,0.005183753668410765,0.013384748400450765,-0.025631144347877603,0.0011386328621368535,-0.007927493520222793,0.039905192724409434,-0.02405992050290851,-0.04491704429977636,0.025425078701014774,-0.011457640729240928,-0.0023318889671992814,0.004000212382292991,0.039905192724409434,0.01311124718863356,0.012929630276645062
lingual-lh,-0.008551912538966719,0.0,-0.04288663420358496,0.028346765613593783,-0.020814313133473233,0.017945673823411216,0.07123729860210634,0.2417324630809704,-0.048247463479033074,-0.022072321070111728,-0.020814313133473233,-0.023416102275157388,0.11412783159061891,0.049356162392888724,0.034209238549726274,-0.027275899353480036,-0.022072321070111728,0.02360512114442504,-0.04288663420358496,-0.02483136120387569,-0.031701164645746245,-0.04288663420358496,-0.040127594069821,-0.037840306912296465,-0.045645674337348924,-0.03200772466060891,0.32543128910777436,0.048153748241328946,-0.023416102275157388,-0.01821252399178908,0.01352040853114501,0.0,-0.01821252399178908,-0.029091433534765135,-0.04288663420358496,0.01642081571839486,-0.031701164645746245,-0.0350812667785325,-0.04288663420358496,0.0,-0.037525804928136834,0.0,-0.02633239340100117,-0.031701164645746245,-0.03492401578645268,-0.004904960237802606,-0.037525804928136834,-0.043043885195664766,0.0,-0.0041266472467005105,-0.02924868452684494,-0.02832106251296,-0.020814313133473233,-0.04288663420358496,-0.037525804928136834,-0.014525861844140162,-0.03492401578645268,0.03494784169434357,-0.015610734850104925,0.04893206123243104,0.048774810240351234,0.0,-0.0350812667785325,0.17056274341760913,-0.020814313133473233,-0.015610734850104925,-0.04288663420358496,0.046597122259124754
lingual-rh,0.020299589411599768,0.0,-0.0434402063613901,-0.04068116622762614,-0.021367885291278373,0.031071586529593125,-0.0434402063613901,-0.035251140432452366,0.018187921823188243,0.0003699271687728212,-0.021367885291278373,-0.013086337570147438,-0.04352826083374426,0.11965602546597578,0.03105387725023698,-0.022072321070111728,0.02281217540765737,0.085075542001733,0.012665414235821267,-0.019220799144154553,-0.03782964430166896,-0.032219082241947826,-0.04068116622762614,-0.027233756128383944,-0.040588684435432926,-0.02955252390037706,0.053126198320348705,0.11346728823023827,-0.018696899629868577,-0.007744366247327846,0.01725867658141715,0.0,-0.015757323231557235,0.023521038506329764,0.012665414235821267,0.0815577904274053,0.009457247100608385,-0.03008527805434112,-0.040769220699980305,0.028052810298605683,-0.04068116622762614,0.0,-0.021275403499085167,0.007054852176100136,-0.038010180566216335,0.025293770164841717,-0.04068116622762614,0.026738060281220725,0.0,-0.00378634231122927,-0.032404045826334237,-0.031112580231806426,-0.018696899629868577,-0.0434402063613901,-0.04068116622762614,-0.017317379562986592,-0.038010180566216335,0.11432290878283427,-0.018696899629868577,0.0557971839817585,0.04071051771841085,0.0,-0.010045424739964823,0.06977734823496475,0.0037453486090159734,-0.016025913968458778,-0.0434402063613901,0.05518080267527931
medialorbitofrontal-lh,-0.020495726707960887,-0.0035307953722349635,0.030328592199453802,-0.0005225703706799703,-0.026717915546294258,-0.0836200139795739,-0.0014269176821998064,0.004429004234360446,-0.007533013478106781,0.008164964298293362,-0.010827241358160022,-0.0418025390520163,0.0017512171554270397,0.0,-0.01756776574968076,0.03976664850646731,0.0,0.0,0.0017512171554270397,0.04674183675826801,0.02690028348248024,0.015807358225906752,0.0076423939276133905,0.011009609294346004,0.03668486187470751,0.0323522058462141,-0.020495726707960887,-0.014639804791400634,-0.050850202193368416,-0.005611886486607895,-0.03219148637848922,-0.0035307953722349635,-0.044111581433749415,-0.03126130057235453,-0.0077831873574535,-0.011711843833120508,-0.010711148315733629,0.03643468799536077,0.037589209186227344,-0.01394370870202049,0.030078418320107086,0.005586003200654171,0.018081145752013764,-0.001677091561546528,0.004429004234360446,0.0,0.033256553157733924,0.0015010432760803182,0.022246943863387925,-0.005855921916560254,0.018339361712656564,0.013783744579146457,-0.051100376072715135,0.03350672703708066,0.03144785853469426,0.011509957053039447,0.03119768465534754,0.0,-0.014923329894471715,0.001071205228639072,-0.020495726707960887,-0.03790856328844995,0.013713234867894265,-0.004165798111374161,-0.03126130057235453,-0.04499428027680817,0.037589209186227344,0.028577375044026767
medialorbitofrontal-rh,-0.020005789017730747,0.03274860680511142,0.03135102756131177,-0.00047638074013969003,-0.01096834685550886,-0.09300226156423824,-0.000936979991969667,0.0070653356151226315,-0.008116272633142662,0.010916202268370473,0.0349897616507686,-0.2337589976914716,0.0022411548456571792,0.0,-0.0160046312141846,0.024994757886058087,0.0,0.0,0.0022411548456571792,0.0477180824895857,0.028995915689604235,0.017717289707144434,0.010439821528230786,-0.0028993897127146,0.037707297236565476,0.03489158611302794,-0.020005789017730747,-0.01200347341063845,-0.02232939586198035,-0.2946187137559367,0.0018266155190101985,0.029109872715654597,0.00482415179488471,0.005419289683284026,-0.007293249667223361,-0.0080023156070923,-0.015657988988404984,0.018886954898843344,0.03452916239893863,0.02588567795284475,0.02853531643777426,0.05135681657904252,0.020434825292941307,-0.00011395702605036368,0.0070653356151226315,0.0,0.03535218536485792,0.0030641778115764826,0.022246943863387925,0.0,0.03853032020248477,0.010537997065971434,-0.02150637289606104,0.008100462170252218,0.03079225277174114,-0.04139820488774143,0.03161527573766045,0.0036387340894568246,0.042531478006030916,0.0014641918049208755,-0.020005789017730747,-0.0010036215276716348,0.017422763093922475,-0.0018121185704466248,0.005419289683284026,-0.014327080254888044,0.03452916239893863,0.029109872715654597
middletemporal-lh,0.03826160502476697,-0.019821525171514805,0.005614387095213173,-0.020814313133473233,-0.03402866324781644,-0.05910813845720843,-0.020814313133473233,-0.015610734850104925,-0.023416102275157388,0.0,-0.05385018841933125,-0.049844802503843794,-0.020814313133473233,0.07384489769780027,0.055632373706011186,0.0278322970024897,0.0,0.07384489769780027,-0.020814313133473233,0.019821525171514805,0.008216176236897329,-0.007599963019130031,-0.020814313133473233,0.013419754520265637,0.005614387095213173,0.0016090011797257275,0.05303058456432702,0.05823416284769534,-0.063059152618187,0.008216176236897329,0.018440079853252172,-0.013214350114343203,-0.0710699244491619,-0.06045736347650285,-0.020814313133473233,0.060835951989379494,-0.01821252399178908,0.026634104634608843,0.018828737209556377,-0.05285740045737281,0.02143052635124053,-0.026428700228686406,-0.014207138076301633,-0.01821252399178908,-0.015610734850104925,0.029537959079120102,0.008216176236897329,-0.01821252399178908,0.0,0.036501571193627694,-0.004998173877445871,0.016226948067872223,-0.06045736347650285,0.005614387095213173,0.02143052635124053,0.0030125979535290197,0.024032315492924686,0.059075918158240204,-0.055253785193134536,0.07025032059415767,0.05303058456432702,-0.06607175057171602,-0.013008945708420771,0.059637759621498636,-0.07367171359084605,-0.055253785193134536,0.012221562152384775,0.10027359792648667
middletemporal-rh,0.0,-0.021751054170511822,0.026662582531595137,0.004443763755265857,-0.017307290415245966,-0.06607175057171602,0.0,0.0,0.0,0.004443763755265857,-0.03496540428485503,-0.026194817925777675,0.0,0.0,0.0,0.031106346286860993,0.0,-0.2510726521725209,0.0,0.02221881877632928,0.026662582531595137,0.017775055021063427,0.008887527510531713,0.026662582531595137,0.026662582531595137,0.02221881877632928,0.0,0.0,-0.03940916804012088,0.026662582531595137,-0.026194817925777675,0.23376536175727503,-0.048296695550652594,-0.03964305034302961,0.0,0.0,0.0,0.03999387379739271,0.03555011004212685,-0.05285740045737281,0.03555011004212685,-0.026194817925777675,0.013331291265797568,0.0,0.0,0.0,0.026662582531595137,0.0,0.0,0.0,0.013448232417251934,0.03555011004212685,-0.03940916804012088,0.026662582531595137,0.031106346286860993,0.026662582531595137,0.031106346286860993,0.0,-0.03940916804012088,0.02221881877632928,0.0,-0.06607175057171602,0.0,0.013331291265797568,-0.05285740045737281,-0.03940916804012088,0.031106346286860993,0.026662582531595137
paracentral-lh,-0.01959591431590407,-0.008958695579967133,0.03024442171453681,-0.0018628892091805632,-0.03869006397730983,-0.07508857188046084,-0.002976594579630996,0.0019223839993450188,-0.003705240127769835,0.01287552062423184,-0.018507549581098313,-0.03238071397223751,0.0026510295474838574,0.0,-0.01959591431590407,0.039192226147109904,0.0,0.0,0.0002015402579958502,0.05228982531992889,0.02633764132877113,0.01959631183120584,0.01101263141505128,0.02024492429858893,0.03660069138979051,0.03587204584165166,-0.022045403605392075,-0.01714642502641606,-0.042131108231364525,0.011519841643246608,-0.04387961980959105,-0.013250535788044415,-0.03667255418031479,-0.0331724126513974,-0.00933286425488469,-0.014696935736928053,0.002307443821656614,0.03708632258344914,0.03158020563357438,-0.01246279296504289,0.02093209575024341,0.0035378540242937623,0.02166074129838225,-0.003705240127769835,0.0019223839993450188,0.0,0.032693911004024814,-0.0005271052901429886,0.022246943863387925,-0.009797957157952035,0.01637125732339762,0.010283985866912438,-0.04530924306899138,0.03342255655216366,0.021882819846969385,0.016803236815890587,0.021154174298830552,0.00429184020807728,-0.020180830423622478,0.010446967140636892,-0.022045403605392075,-0.042827681112874404,0.01072814296408672,0.0018632867244823318,-0.0331724126513974,-0.03723212965238851,0.02913071634408638,0.03004288145654096
paracentral-rh,-0.0074568929367764165,-0.0048516454526090986,-0.013106910425890808,-0.014611534648535401,-0.019294293708806844,0.02496366181737681,-0.021136690716126748,-0.01519414273571205,0.04245630383729486,-0.0006064556815761384,-0.008255264973281709,-0.0031967586732531087,-0.017958555878499902,0.04548417611821031,-0.03723422575168048,-0.009458455602716857,0.036387340894568236,0.03850993578008473,0.04966125261723942,0.0028403620529515307,-0.021343551563546247,-0.024314825553753593,-0.0291664710063627,-0.03426295176147313,-0.01160228620324621,0.007597434759770686,-0.04505714519449693,0.030627806167173567,-0.008048404125862205,0.0046261607695633365,-0.025650563384060535,-0.0048516454526090986,-0.002105856145447514,0.02160691985369518,0.03527520265174978,0.03359908015738092,0.019204127089982127,-0.003986227607849265,-0.009928775588263963,0.03831801942515557,-0.008462125820701206,0.017395298410778828,-0.008255264973281709,0.034450371141458394,-0.020045788188321156,0.020316265332800603,-0.00528399098307436,0.05157698665533641,0.022246943863387925,-0.020497484338241993,-0.031215728861102104,-0.030464234381587792,-0.008255264973281709,-0.009928775588263963,-0.01833430311825706,-0.01741392224640509,0.000865417844759835,0.055187467023428506,-0.003986227607849265,-0.03832512827948608,-0.04020549974188783,0.015721787795796575,0.033856248072985984,-0.020798917931451437,0.027671476669456553,-0.002105856145447514,-0.014780421040873055,-0.019406581810436394
parahippocampal-lh,-0.01690041109297291,0.0,-0.031754637267681934,-0.04179949003147498,-0.020814313133473233,0.020091593927449858,-0.04179949003147498,-0.030600146920106173,0.10059965286085618,-0.010034578635750836,-0.007771577955679941,0.0026693680804291994,-0.031754637267681934,0.05175510889725431,-0.04219558330379107,-0.026188755181370055,0.03480874580700289,0.04478086855912872,0.03101352577544829,-0.010940324134208701,-0.039197700889790826,-0.04179949003147498,-0.03880160761747473,-0.03699200502042277,-0.005669166912095353,-0.007116465706203736,-0.04179949003147498,0.03314649163314913,0.0026693680804291994,0.007872946363797508,-0.020814313133473233,0.0,0.007872946363797508,0.0550693150991175,0.1253105544340016,0.03574828077483329,-0.00035014127503759496,0.02822167086854369,0.007373568265697944,0.07309366172554992,-0.039197700889790826,0.013042735177793294,-0.013767342783680438,0.01659622181521381,-0.033598029334106425,0.010888142378625907,-0.026154965711997533,0.027546820077464732,0.013042735177793294,-0.031788426737054454,-0.0011207008782032379,-0.044401279173159135,-0.007771577955679941,-0.018711902089888644,0.0029283870575893016,-0.03240974951715814,-0.010510441392520085,0.05175510889725431,0.03656020586106825,-0.04739916158715938,-0.04479737244547523,0.039128205533379874,0.02396466702579172,-0.020814313133473233,0.03316811857461568,0.023517470683274953,-0.01571401967588839,-0.020985176898001747
parahippocampal-rh,0.03340462889837162,0.0,-0.04256804777807262,-0.03980900764430864,-0.020495726707960887,0.03420513722338797,-0.04256804777807262,-0.03997792846882481,0.02537508590282955,-0.003588444836551907,-0.020495726707960887,-0.01756776574968076,-0.04239912695355646,0.12106025303016478,0.02727223319828994,-0.022072321070111728,0.02721801555271446,0.10279907410062375,0.01904487300046012,-0.02483136120387569,-0.04256804777807262,-0.03640675570021934,-0.03980900764430864,-0.030687283120435945,-0.04532708791183658,-0.03429092737678072,0.042131160183741655,0.10103881730801306,-0.01756776574968076,-0.011711843833120508,0.02790382069879013,0.0,-0.023423687666241016,0.029606742549706803,0.01904487300046012,0.08570559933675216,0.009344879641740677,-0.02792824298667198,-0.03964008681979249,0.024645168311413092,-0.03980900764430864,0.0,-0.02601380697548882,0.012883580922606845,-0.04273696860258877,0.03293391302253014,-0.04273696860258877,0.028608417022402705,0.0,-0.00041246530644909954,-0.03153188724301675,-0.027540199968104733,-0.01756776574968076,-0.04256804777807262,-0.03980900764430864,-0.013744999299284903,-0.04273696860258877,0.11788069839009424,-0.023423687666241016,0.045059121142021784,0.03937212004997769,0.0,-0.011761587388806248,0.06119284743829904,0.007077402561732332,-0.014639804791400634,-0.04256804777807262,0.050527000040014786
parsopercularis-lh,-0.025320235909559622,0.012027432439402198,-0.006580310365772747,-0.01840802191766698,0.0036890998901760504,0.04279479042259127,-0.015271229155041784,-0.0005958862476831474,-0.013757726736062435,0.012726701767274418,0.013239050647518283,0.015251609063673238,-0.022143977342816083,0.013386012847839654,-0.039360226765116774,-0.012793747472981825,0.004035782978005392,0.007372296628138557,0.002110608423496279,0.019439194871659096,0.010307311845248806,0.012319870261403751,0.003628951472134725,-0.03732370932019807,-0.007639063221353925,0.0032348427699665306,-0.040024870918529756,0.0040597420067691415,0.009237892843972133,0.007249293456580939,-0.020005789017730747,0.006013716219701099,0.023253924670765536,0.021929969436787315,-0.01597000603972536,0.00204718359061419,0.017498513541795394,-0.04455643347886998,-0.02320273019839726,0.04669100093113001,-0.011070350463987659,0.03324483966524903,0.019452487754727354,0.016321028064949904,-0.0003961653601751748,-0.002637244322260946,-0.009451900750000911,0.027489428536278886,0.021217407225846835,-0.023355595550932175,0.010567181150798095,-0.01927238695858793,0.013239050647518283,-0.013453058553547064,-0.015006026776644739,-0.0076443962942016695,-0.014141661735723792,0.031427161506942955,0.014168897179328305,-0.038671623582940046,-0.04336138456866292,0.014144938150564557,0.013914360946626759,0.00404907586107365,0.019252766867219388,0.010167739375782156,-0.012793747472981825,-0.007991649461396808
parsopercularis-rh,-0.04256299544894093,0.031060534289384028,0.0040705890902169055,-0.03341669939872405,0.016799407255441035,0.00829992238586846,-0.022659563148618216,-0.0030937995922197268,-0.015842600155080537,-0.023125112700100606,0.03237245750521485,0.024866368733638296,-0.02181318948426978,-0.016517937642929005,-0.036083701199327495,-0.02166616705062218,-0.019821525171514805,-0.016517937642929005,-0.025116777012855588,0.01833171612415989,0.005553548482547689,-0.01127925719686043,-0.01832918109806931,-0.04907568812252145,0.012370511476085365,0.009523088817867233,-0.039259407920355135,-0.026300819421128246,0.024866368733638296,0.01190778023441141,0.011622651540543701,0.03623729000428136,0.02747144580307051,0.0021582968801792494,-0.010209679569815526,-0.019821525171514805,-0.0537009558119128,0.0005006422299928374,0.02687398409881427,0.03319968954347384,0.016753433576690787,0.046633584539157835,0.008361847117039693,-0.020330230091939,-0.006397387120805527,-0.026428700228686406,0.0039427082826587415,-0.019483856427590575,0.020749805964671148,-0.023125112700100606,0.03121778217569358,0.009152021649975924,0.02719570179031751,0.004916962754565331,0.04098724792756243,-0.016551336066896086,0.036709405927070025,-0.016517937642929005,0.05260417386834708,-0.031638854367550824,-0.04256299544894093,0.029049728350539608,0.0017746544575047711,-0.009084371319045652,0.005461884408765051,0.04197491842579941,0.016700893526634272,0.0060622534029718825
parsorbitalis-lh,-0.04415451348238361,0.031106346286860993,0.0034307900635882627,-0.03049363076862488,0.014751192110675415,0.002426540425336001,-0.02407982302074905,-0.011464247740068018,-0.017833978052463517,-0.018911831795666318,0.0312301493697863,0.027999655827188445,-0.02323179246800687,-0.01668256825066584,-0.04118323949217626,0.01769834901427334,-0.020019081900799006,-0.01668256825066584,-0.02656830611814004,0.01978594423977385,0.0013694892981780862,-0.010489312202560972,-0.016040326062959524,-0.011549382970373775,0.011799878469338963,0.009479358151538279,-0.04081799983225044,-0.03487545185183574,0.027999655827188445,0.03097092981739579,0.005863664600143702,0.03555011004212685,0.025054676297071428,0.0009718336356674851,-0.01571073461499835,-0.03190417786162839,-0.03578542507663292,0.036106292471168755,0.024871950182746017,0.03347635362300278,0.011105047361451978,0.047585303545971874,0.010118580698589707,-0.02529309323341705,-0.01480076139020119,-0.026692109201065344,0.0030655504036624427,-0.02444506268067487,0.020922721014376738,-0.029298143531346868,0.027269176507336804,0.00012992462541975368,0.026786385614520437,0.004278820616330448,0.0258879435150785,-0.010453663990596315,0.01800164600214417,-0.01668256825066584,0.045282566203561185,-0.028243482346394847,-0.04415451348238361,0.02929180942012744,-0.010133426294509473,-0.007467626665653867,0.004308347285800654,0.03812674801047849,0.015395611671862642,0.006643500630796132
parsorbitalis-rh,0.0,-0.10208267694320669,0.03537410609596213,0.010247863353980443,-0.0454182107633722,-0.1250514747685609,0.015371795030970666,0.015371795030970666,0.050745901126932794,-0.025008339822385053,-0.03069764447575389,-0.004920172990419843,0.06513086487196461,-0.113328932359669,0.0,0.017687053047981065,-0.0566644661798345,0.007439189694000619,0.027934916401961506,0.04281329578996274,0.032565432435982304,0.04000462212998292,0.02512624274198168,0.022317569082001856,0.05306115914394319,0.047937227466952975,0.0,0.022317569082001856,-0.025573712798763668,0.047937227466952975,-0.05285740045737281,-0.0454182107633722,-0.018134523104763045,-0.0065842022640778845,0.038182779755941955,-0.006489505903277134,0.04231988014699331,0.04099145341592177,0.04330671143293217,-0.10610187441466143,0.015371795030970666,-0.017483294361410686,0.08744843395396645,0.017687053047981065,-0.005996090260307707,-0.07803235147111287,0.03537410609596213,0.04512855380697314,0.020495726707960887,-0.021367885291278373,0.027283687658609147,0.005123931676990222,-0.03069764447575389,0.04049803777295235,0.03074359006194133,0.014878379388001238,0.004251773093672738,-0.0482755926951104,-0.015325849444783227,0.014878379388001238,0.0,-0.035328160509774685,-0.009676922503605018,0.029756758776002475,-0.027237742072421703,-0.02044978112177345,0.03305884807895173,-0.09196104706839062
parstriangularis-lh,-0.04514826652399934,0.03154839608450524,0.007648267294840325,-0.028486230309442234,0.027162130779164836,0.009636477629425084,-0.017633296491192087,-0.004369279843085784,-0.036312865274526464,-0.023723400205277564,0.0336845997643778,0.028426533750293588,-0.021587196525405007,-0.01581560013685171,-0.042470158234159124,0.026771590122546138,-0.019769500171064637,-0.01581560013685171,-0.022595962809793646,0.02381506759947789,0.008390008119244874,-0.004804232198763758,-0.011366464192719236,-0.008145503294217418,0.0017579997951917322,0.0021231758207720434,-0.04119436648978642,-0.035838149910105976,0.028426533750293588,0.033782750329974034,0.010123529765783458,0.03680646209858945,0.02058851001196539,0.002136203679872554,-0.03530409899013784,-0.03316004162026575,-0.022121247445373148,0.02134559721276803,0.009328998073535854,0.01472566874912146,0.01789737386302466,0.04985140006901537,0.01559746945786526,-0.01790032195117616,-0.008323179877298711,-0.027677300239490492,0.0034273418006433146,-0.018909088235564787,0.023561069998594336,-0.03175772507479823,0.02715074200592088,0.018540964121832988,0.028426533750293588,0.0007492335108030943,0.02286004018162622,0.000830398614144719,0.02057548215286488,-0.01581560013685171,0.027892482830325447,-0.028069902501875445,-0.04514826652399934,0.017670802498945752,-0.013552871655884344,-0.010908734290553366,0.002136203679872554,0.027892482830325447,0.013915099593313154,0.006520829899356399
parstriangularis-rh,0.0,-0.014600877333418714,0.05155134321667573,0.02049245941532452,-0.019852070058595624,-0.05776311997694598,0.019691972719413402,0.019691972719413402,0.01312798181294227,0.008164964298293362,-0.0034420927924177906,-0.004242579488328903,0.02297396817264897,0.0,0.0,0.04906983445935129,0.0,0.0,0.02297396817264897,0.04746886106752905,0.0449873523102046,0.03682238801191124,0.02865742371361788,0.028577375044026767,0.0548333386699113,0.05075085652076462,0.0,0.0,-0.016057763119976944,0.04301815503826326,-0.022765841631712077,-0.014600877333418714,-0.024222727418270303,-0.009189587269059586,0.009845986359706701,0.0,0.01312798181294227,0.05155134321667573,0.05563382536582242,-0.027568761807178762,0.04826934776344017,-1.0,0.039303896769235694,0.016409977266177836,0.019691972719413402,0.0,0.05155134321667573,0.019691972719413402,0.02297396817264897,0.0,0.04301815503826326,0.03762287470782236,-0.019339758573212514,0.0548333386699113,0.04666837437161794,0.0351413659504979,0.04666837437161794,0.0,-0.007524574941564473,0.024494892894880087,0.0,-0.047917133617239274,0.02625596362588454,0.016329928596586725,-0.02100477090070763,-0.019339758573212514,0.05891582081905799,0.028577375044026767
pericalcarine-lh,-0.039241663751639906,0.02678108289840223,0.010895014697694497,-0.017261453272040407,0.010261604280128187,0.006791879794280147,-0.018805517644574256,-0.013601939361205942,-0.030165655117857973,0.0172807599130363,0.029322365315861174,0.02964002561804354,0.010895014697694497,-0.018427350618166673,-0.03663987460995575,0.016203336843666007,-0.018427350618166673,-0.018427350618166673,-0.015886068200707735,0.031709327831167734,0.007657904951645615,0.005056115809961451,-0.003870911822839293,-0.0046552134281852104,0.010895014697694497,0.03484360390141185,-0.039241663751639906,-0.0340380854682716,0.02964002561804354,0.03484360390141185,-0.00742377168427212,0.022317569082001856,0.03484360390141185,-0.003752943447757872,-0.030483315420040343,-0.03143629632658744,-0.017579113574222767,0.006853905046079696,0.003512051437427599,0.048761293378001724,0.0016503267627113903,0.05013667844933441,-0.04971049400205368,-0.019123177946756616,-0.013601939361205942,-0.018427350618166673,0.013496803839378662,-0.01620372850289009,0.023355595550932175,-0.026232718043219135,0.016416253283245183,-0.013855664224790336,0.029322365315861174,0.013814464141561018,-0.0043572514262228265,0.012123328954844406,0.0011639871593278428,-0.0139638368017663,0.03160649415536296,-0.01506236999492183,-0.039241663751639906,0.020436146107065654,-0.005161251331788742,-0.06299247121505473,0.005460731861325464,0.03160649415536296,0.009350950325160647,0.008353732280235558
pericalcarine-rh,-0.017510964278221457,0.0,-0.020378876192964687,-0.01738099377896444,-0.005781710420122349,0.04176305474102086,-0.01738099377896444,-0.006029012371283495,0.0305917401099718,-0.010034578635750836,0.0004755519393174224,0.0004755519393174224,-0.02350750737268457,0.05175510889725431,-0.042729817340883554,-0.004891498109522653,0.03480874580700289,0.04478086855912872,0.04238928685016554,0.0010459901257570954,-0.01470288548912422,-0.01738099377896444,-0.014383111364964188,-0.03469549247136289,-0.02663613855240446,-0.011835751840843602,-0.04241004321672353,0.03268857674421272,0.0004755519393174224,0.005831768518997867,-0.021424866318721782,0.0,0.003153660229157643,0.05027370981632156,0.023486751006126575,0.03536668503405294,0.02369415123574935,-0.019052336572763454,-0.029764769732124344,0.03343724573325628,-0.011574254309404333,0.021900418258039202,-0.0023915817089631888,0.04109103721588042,-0.00589826360556386,0.010888142378625907,-0.017831516668844107,0.05204163547813134,0.021900418258039202,-0.03201738418152267,-0.005839987012843104,-0.020509624958684327,0.0004755519393174224,-0.02350750737268457,-0.01796226543456374,-0.014775357662123097,-0.015153408379003879,0.05175510889725431,-0.0004254938404419049,-0.045407925630723774,-0.045407925630723774,0.015643155898599433,0.019398019187464,-0.021424866318721782,0.028372513291819744,-0.0004254938404419049,-0.020509624958684327,-0.020985176898001747
postcentral-lh,0.10450570581799419,0.0,-0.015053243561639184,-0.01797223707108042,-0.00897999437930921,0.004695471637316768,-0.020969651301670826,-0.015027103321256128,-0.03310025387846648,-0.020798917931451437,0.002800540619987956,0.005395606792313756,-0.018374585129345027,-0.020798917931451437,0.20654193087225572,-0.006099389422713028,-0.02377019192165878,-0.020798917931451437,-0.015053243561639184,0.0027360118267598463,-0.023914785051495118,-0.023914785051495118,0.05079153241657533,-0.03155539043863617,-0.023914785051495118,-0.009084555340841436,-0.04453072130026516,-0.04453072130026516,0.005395606792313756,0.010585739136965349,-0.02076052937860638,0.0,0.0002054744476621602,-0.0035182151783082877,-0.03864045380061657,-0.04193565512793936,-0.016103446294134665,-0.010913313949483075,-0.021293578638786264,0.01472566874912146,-0.015027103321256128,0.023561069998594336,-0.00019687361060244545,-0.023914785051495118,0.4124118835557151,-0.020798917931451437,-0.017622169493581925,-0.020969651301670826,0.023561069998594336,-0.03377424879308042,-0.009084555340841436,-0.024264852628993607,0.005395606792313756,-0.017998377311463476,-0.020943511061287768,-0.012327476187398106,-0.015027103321256128,-0.017827643941244087,-0.0030897268796606257,-0.03896438113773202,-0.04453072130026516,0.1252733677157404,-0.015403311139137683,-0.01816546320628058,0.005395606792313756,0.00210040546499097,-0.020969651301670826,-0.02377019192165878
postcentral-rh,0.08592664531422665,-0.08608205217343573,-0.023125112700100606,-0.026428700228686406,0.0,0.011883380939767227,-0.019821525171514805,-0.013214350114343203,0.03774098479626809,-0.14630650049037058,0.0,0.0,-0.023125112700100606,-0.03064756741887173,0.04534924698331417,-0.019821525171514805,-0.05518182943130996,0.10267816995412636,0.024293047684954175,-0.023125112700100606,-0.019821525171514805,-0.019821525171514805,-0.016517937642929005,-0.023125112700100606,-0.023125112700100606,-0.023125112700100606,0.04865283451189997,0.10951893200826866,0.0,0.0,0.06847435968341478,0.0,0.0,0.04741816038505478,0.030900222742125776,0.10951893200826866,0.03774098479626809,-0.026428700228686406,-0.023125112700100606,-0.11303703820754187,-0.023125112700100606,0.0,-0.0033035875285858008,0.030900222742125776,-0.016517937642929005,-0.04483344875735028,-0.02973228775727221,0.03774098479626809,0.0,0.04534924698331417,-0.0066071750571716015,-0.019821525171514805,0.0,-0.026428700228686406,-0.016517937642929005,-0.016517937642929005,-0.023125112700100606,-0.0019535500277265048,0.0,0.04204565945472837,0.04534924698331417,0.0,0.027596635213539975,0.06847435968341478,0.04057739833091247,0.0,-0.019821525171514805,-0.09481725244382624
posteriorcingulate-lh,-0.04286133382223805,0.03265985719317345,0.006240520104949674,-0.02869593361412387,0.017178444494252508,0.0033300246549902344,-0.02174128047459032,-0.009087162060169648,-0.029733352009295777,-0.015100455208040618,0.03358842176043034,0.03523742435400724,-0.01988736564958908,-0.015510279670889322,-0.04286133382223805,0.027232495581251633,-0.01938784958861165,-0.015510279670889322,-0.02621442485679942,0.024203441561195072,0.0060035884056888825,-0.004610865182092486,-0.00889825956266352,-0.0044860016202592475,0.009522515558185243,0.00013438286308191304,-0.041433253194003726,-0.036534274615027715,0.03523742435400724,0.040136402932983255,0.002449489289488011,0.03265985719317345,0.027072460055713878,0.006660049309980469,-0.03158726683429702,-0.034084785325539706,-0.024834373430319762,0.014610396634667384,0.012772491543584367,0.019691972719413402,0.005408013941202123,0.05155134321667573,0.01725849316384362,-0.022573786638337884,-0.012964731977891978,-0.027142989424056314,0.000934869558993026,-0.023169361102824648,0.02297396817264897,-0.033063376664286014,0.031359854436284904,-0.0013608891966933622,0.03195542890077167,0.005644945640462914,0.011562180384824556,-0.007719967871740148,0.006256529838867908,-0.015510279670889322,0.034404918190259676,-0.0222440108450803,-0.04531082311172606,0.02297396817264897,-0.011706391617377496,-0.003265985719317343,0.006660049309980469,0.036854407479747685,0.017482567625054263,0.009189525455415116
posteriorcingulate-rh,-0.02555958897606384,0.004805218223397529,-0.015023924175695343,-0.02606697226673314,-0.012068121517261375,0.02678112269317012,-0.020028607889046493,-0.008833492421633,0.01743368338917927,0.0006704955660554694,0.008331671375236828,0.013136889598634358,-0.019829142399092874,0.03534070379417368,-0.042102353579813734,-0.004400764793985067,0.018005599680114576,0.030535485570776157,0.02530359039101588,0.011206160366423964,-0.010858978086231348,-0.008731868152674042,-0.015422855155602572,-0.024457592263498005,-0.013337620886117948,-0.001701698774724553,-0.04186101242578744,0.021157822834663356,0.008331671375236828,0.018493106178314803,-0.021424866318721782,0.0,0.01581499788847458,0.04093451827468401,0.012428999675828117,0.019030712901106042,0.019417293389704927,-0.01827398855123878,-0.02606697226673314,0.04442588400948585,-0.017350499599206273,0.02975653769395861,0.007297990710901314,0.022777549477551354,-0.011752941865499526,-0.002248953877811054,-0.012345815885855123,0.042197887861095094,0.02495131947056108,-0.03138992042045284,0.0022514313334774847,-0.026266437756686762,0.008331671375236828,-0.01794337361956187,-0.014431050155339745,-0.01894070106932994,-0.011553476375545912,0.049756358464366275,0.007450058087277004,-0.042894693090122955,-0.044780461869653954,0.01871348960292081,0.012231273587415433,-0.007009211648529194,0.02274732604542941,0.007450058087277004,-0.01690969295522636,-0.015630927883668124
precentral-lh,0.0,0.0,0.02297396817264897,0.016409977266177836,0.006563990906471135,0.01312798181294227,0.019691972719413402,0.019691972719413402,0.01312798181294227,0.0,0.02297396817264897,0.02625596362588454,0.02297396817264897,0.0,0.0,0.016409977266177836,0.0,0.0,0.02297396817264897,0.02297396817264897,0.016409977266177836,0.016409977266177836,0.016409977266177836,0.0,0.02625596362588454,0.02625596362588454,0.0,0.0,0.02625596362588454,0.02625596362588454,0.0,0.0,0.02625596362588454,0.02625596362588454,0.009845986359706701,0.0,0.01312798181294227,0.02297396817264897,0.02297396817264897,0.019691972719413402,0.019691972719413402,0.02297396817264897,0.02297396817264897,0.016409977266177836,0.019691972719413402,0.0,0.02297396817264897,0.019691972719413402,-0.9813166405174346,0.0,0.02625596362588454,0.01312798181294227,0.02297396817264897,0.02625596362588454,0.02625596362588454,0.006563990906471135,0.02625596362588454,0.0,0.02297396817264897,0.0,0.0,0.02297396817264897,0.02625596362588454,0.0,0.02625596362588454,0.02297396817264897,0.02625596362588454,0.0
precentral-rh,0.031052288653190242,0.0,-0.04344140772473385,-0.04677792137486701,-0.020085812173801672,-0.020085812173801672,-0.040104894074600675,-0.037449029209094674,-0.039424245289973514,-0.023355595550932175,-0.020085812173801672,-0.016068649739041336,-0.039424245289973514,0.05379396569249791,0.027035126218429902,-0.032070569205080016,-0.020019081900799006,0.05379396569249791,-0.04677792137486701,-0.023355595550932175,-0.040104894074600675,-0.040104894074600675,-0.03676838042446751,-0.023355595550932175,-0.04344140772473385,-0.040104894074600675,0.030371639868563078,0.02635447743380274,-0.016068649739041336,-0.008034324869520668,0.05039072176936208,0.0,-0.024102974608562006,-0.019405163389174505,-0.040104894074600675,0.02635447743380274,-0.03138992042045284,-0.026692109201065344,-0.039424245289973514,0.0,-0.04344140772473385,0.0,-0.02342232582393484,-0.040104894074600675,-0.04078554285922785,0.008546157770516533,-0.05079508380962735,-0.04344140772473385,0.0,0.9976379516836812,-0.026758839474068007,-0.036087731639840345,-0.016068649739041336,-0.04677792137486701,-0.03676838042446751,-0.029414704339574008,-0.04745857015949418,0.05379396569249791,-0.024102974608562006,0.027715775003057073,0.027035126218429902,0.0,-0.04745857015949418,0.05440788420412242,-0.016068649739041336,-0.012051487304281003,-0.040104894074600675,0.050457452042364744
precuneus-lh,-0.039278921584323265,0.03265985719317345,0.011545397323091422,-0.014842251430641978,0.017591260549705362,0.0046782144809867175,-0.024673626374962558,-0.01931740979528212,-0.027851761212589404,-0.009689090967308122,0.0334819347378396,0.03257758742631976,-0.021495491537335713,-0.02678108289840223,-0.04106432711088342,0.023554854009465605,-0.022317569082001856,-0.02678108289840223,-0.01703197772093534,0.024424267676266157,0.0034037221212775857,-0.007439350466856,-0.02006782858154973,-0.004452627197335983,0.01343815318194475,0.02670969975061293,-0.04820594921712401,-0.04284973263744357,0.03257758742631976,0.0379338040060002,0.0030700265761583055,0.03265985719317345,0.027090731417866613,-0.022780870516109237,-0.031029896050216253,-0.040171624347603345,-0.02121016565413544,0.025435965320079162,0.018806014309864963,0.022246943863387925,0.015508884591705173,0.05082431890741469,0.008224978508452127,-0.025173652922749184,-0.02378092361168249,-0.017854055265601486,0.018687019429332014,-0.02199551808512234,0.022246943863387925,-0.025888380135122152,0.004011099001357377,-0.006535003155336167,0.029399452588692906,0.014723532160718271,-0.0009757304593091389,0.01350877840055868,0.01637829825850572,-0.017854055265601486,0.03347029018959983,-0.014784028689443179,-0.04374243540072364,0.025425078701014774,-0.005819518013787825,-0.005094937722135056,0.004000212382292991,0.0379338040060002,0.01434250049346459,0.006259805962024909
precuneus-rh,-0.044478786019962885,0.03138408152156511,0.004786672533476789,-0.013871539793176835,0.03442102350090837,0.021753441896225547,-0.017322710269775058,-0.0054710235252143045,-0.043955576501644784,-0.023983059312001995,0.03159537767319357,0.02239060041060043,-0.023771763160373532,-0.017987294484001496,-0.04155082506168276,0.02232204460831233,-0.020985176898001747,-0.017987294484001496,-0.020320592683775306,0.01900558293712465,0.017614856858953608,-0.001317907184550794,-0.010873657379176583,-0.01644355984443067,-0.0021156684197196646,0.006980293952846406,-0.041480903605962634,-0.03562498168940238,0.02239060041060043,0.02239060041060043,0.010888354813604223,0.03766089782587813,0.015692889718534633,-0.005784468676372034,-0.041480903605962634,-0.03269702073112225,-0.01979738316545721,0.01619157097490129,0.00698679371230815,0.010353511429794675,0.026717318990981415,0.045814288076841445,0.003943518104539218,-0.00749240835829848,-0.005017735462616327,-0.023983059312001995,0.007261345429158936,-0.017392631725495183,0.02070702285958935,-0.02983898122856225,0.01925287508515993,0.033415029683047215,0.025318561368880558,0.001335502056878562,0.03819213888812607,0.013396953168599682,0.03529657160469115,-0.017987294484001496,0.024272142332244357,-0.028576298065303943,-0.041027615543364655,0.013804681906392901,-0.014987880285533153,-0.014218910403647865,0.00021129615162846402,0.021344181373964228,0.01061020077519182,0.0041220883192503435
rostralanteriorcingulate-lh,-0.020798917931451437,-0.005237901625320265,0.0307524252852243,-0.00030645851612691704,-0.028947268354924012,-0.07808452350908329,-0.0011069452120380334,0.004835602768376665,-0.010642210108716512,0.008164964298293362,-0.012537291088746178,-0.044732370888734906,0.0021750502411975324,0.0,-0.017827643941244087,0.04312728647893659,0.0,0.0,0.0021750502411975324,0.04746886106752905,0.027159708368960516,0.016023470080459803,0.007858505782166444,0.013721005092990029,0.034034420738459865,0.032923212579520536,-0.020798917931451437,-0.014856369951036738,-0.044732370888734906,-0.003863338080033849,-0.03420178385506507,-0.005237901625320265,-0.03748034750199014,-0.03244071312406061,-0.010952931571744734,-0.01188509596082939,-0.007670936118509167,0.036694973265638996,0.03483490743437098,-0.018205786099080315,0.030441703822196086,0.004179144693558583,0.018504978837784257,-0.0014176666750662504,0.004835602768376665,0.0,0.033723699275431646,0.0018643287781693154,0.02297396817264897,-0.005942547980414695,0.018056815319420355,0.013852682786163577,-0.04504309235176314,0.034034420738459865,0.02884073043037386,0.01137117402883912,0.03181200442058121,0.0,-0.02015166496210159,0.0007247009732213057,-0.020798917931451437,-0.043347109759715036,0.014370867665055147,-0.00446898933486471,-0.03244071312406061,-0.04207181836155578,0.03811690288760655,0.028577375044026767
rostralanteriorcingulate-rh,-0.04334647422587896,0.03265985719317345,0.007477844681535734,-0.026592198044655995,0.01820181373495391,0.004907171925454924,-0.02105878504405992,-0.009417446448575685,-0.030057589179428877,-0.014367196794112358,0.03409248792308814,0.03058635146988415,-0.02109953036249103,-0.0160944007802898,-0.0407446850841948,0.024033672161591614,-0.019313280936347762,-0.0160944007802898,-0.024318410518548984,0.024209675665862292,0.006942244304024167,-0.0038245091359533604,-0.008770593278188759,-0.006963731756799727,0.013834114356789433,0.009175286511700064,-0.040127594069821,-0.03492401578645268,0.03058635146988415,0.035789929753252465,0.0036805797614068523,0.03265985719317345,0.027624965454959096,0.0013918854114835788,-0.027415054719313613,-0.03232222664476853,-0.028032145733687414,0.01524246678815709,0.014738461668309272,0.022246943863387925,0.006901498985593048,0.05082431890741469,0.014543679170443455,-0.021635130740002603,-0.012636326604633643,-0.02575104124846368,0.003641873511103965,-0.02167587605843372,0.022246943863387925,-0.030337528517458183,0.029352169441136538,-0.0055219509661176775,0.030010005773941455,-0.015095061729301097,0.01470869951229615,-0.007795738492224687,0.007694593504237525,-0.0160944007802898,0.038391718894936616,-0.02467225062874098,-0.04334647422587896,0.025425078701014774,-0.01011602809981172,-0.0044843845368865085,0.004610765567541538,0.038391718894936616,0.01795734182436723,0.009264094107679005
rostralmiddlefrontal-lh,-0.041626114194671736,0.03213729947808267,0.003844745705168637,-0.024494964780112354,0.02230807224409462,0.002649617776118518,-0.02670543567231356,-0.015577433985218844,-0.023144121457100496,-0.020201247875949957,0.03208031845063927,0.02760730779633166,-0.023144121457100496,-0.023087140429657094,-0.04183389845853865,0.020617307619437607,-0.023087140429657094,-0.023087140429657094,-0.020258228903393363,0.01434939460066262,-0.003485666989124396,-0.022232425018005954,-0.03026674988752662,-0.009696598980455976,0.008081481581887632,0.010707521001822666,-0.04739789930208601,-0.04204168272240556,0.02760730779633166,0.032963524376012104,0.010712433159360893,0.040171624347603345,0.014216766347130544,-0.008039237027058888,-0.02670543567231356,-0.03936357443256534,-0.025585954969352107,0.049344096118730724,0.03059733808984916,0.028490513721704497,0.021916082072544273,0.04547085989984037,-0.005828766134857682,-0.0275886415976864,-0.021349219092633116,-0.020201247875949957,0.00940874654871599,-0.02402732738247334,0.021367885291278373,-0.028235572745470623,0.015855953317636198,0.02241220998390499,0.024045993581118592,0.0074060599203817044,0.058965539088851854,0.0004676373976390112,0.047785468531851956,-0.01731535532224282,0.04008615280643823,-0.0255574644556304,-0.04451200674837887,0.028490513721704497,-0.008662589818659633,-0.021424866318721782,0.003504333187769655,0.03652483859122516,0.01255449223619524,0.001015834178904913
rostralmiddlefrontal-rh,-0.04358286713761798,0.03265985719317345,0.008792863562571905,-0.022485928415904105,0.035962486141375684,0.027461776002068113,-0.008240941266626315,0.009158550864762482,-0.046510828095898106,-0.00064316273766586,0.03120281501014306,0.012648801687887706,-0.024544182612687482,0.0,-0.040654906179337855,0.03137108862843502,-0.011543570214828547,0.0,-0.03132808169628341,0.025206108121386114,0.032783736998145824,0.016931140610339717,0.020309746526874894,-0.01207753113531109,-0.0007264786998933421,-0.04329560961884146,-0.03203929692278943,-0.02618337500622918,0.02419237190271625,0.02419237190271625,0.0039991661869192,0.03265985719317345,0.02188332952098314,-0.0014570421830303918,-0.03203929692278943,-0.023255414047949053,-0.013193130177269738,-0.014101759087674384,-0.0014036676819792766,0.004759671131232624,0.01648049565208465,0.047616059568957265,0.019632557544788955,0.004206361954119058,0.013918221995995106,-0.03463071064448564,-0.01612598704003769,-0.016856550523174738,0.019038684524930495,-0.028943062346217345,0.0300482938192765,0.022845332932438896,0.02712033286099638,-0.0421410884279749,0.017123658389750513,-0.044357834159749004,0.0017241500496061734,0.0,0.023456912515091383,-0.03355950541584656,-0.038823196006385355,0.009519342262465248,-0.015760299737847105,-0.004165798111374161,-0.0014570421830303918,0.020528951556811253,0.01965924479531452,0.01703380482919822
superiorfrontal-lh,-0.04188886341155814,0.031882241545716936,0.0016746954387916826,-0.03254715542996263,0.025448542228793482,-0.00026279151112159916,-0.021461220523909932,-0.013553420455484078,-0.025998189223423906,-0.023723400205277564,0.03336865603049849,0.031171296654021893,-0.01964191954817021,-0.01581560013685171,-0.04448392958388395,0.028003415562786533,-0.019769500171064637,-0.01581560013685171,-0.026190885754708938,0.01446466443096883,-0.0007276742022490755,-0.016668794975107544,-0.020685455327323857,-0.0075969175629672534,0.008030965114045375,-0.003117730110010709,-0.04053002954967101,-0.04053002954967101,0.031171296654021893,0.036361428998673485,0.011121712167110557,0.03985280193214617,0.010040043536511828,0.007259615494734193,-0.027817490199163627,-0.03793496337734522,-0.023986191716399163,0.03778594226312229,0.0233890172216028,0.022246943863387925,0.014437681374023308,0.04615862502267563,0.0014864144847815477,-0.024639355361536778,-0.017507320489697012,-0.027677300239490492,-0.004874270767747037,-0.025415120558122867,0.022246943863387925,-0.03669873106690655,0.024622330447483166,0.030571498678166803,0.027993161816395048,0.0008989302422056049,0.0557915671146174,-0.0037131125085908905,0.052676192594993926,-0.01581560013685171,0.028576230481696094,-0.029901642672912607,-0.04448392958388395,0.025425078701014774,-0.016463784710543366,-0.01816546320628058,0.007259615494734193,0.033766362826347686,0.016777290697060694,0.0041421809882230655
superiorfrontal-rh,0.04503476309271372,-0.07774769027559272,-0.014149756207158852,-0.02248411810500187,0.004167180948921509,0.0006872457550481789,-0.02248411810500187,-0.014989412070001247,0.02335487233313472,-0.14095111936719903,0.008334361897843017,0.012501542846764524,-0.02248411810500187,-0.04009262550204686,0.04107857864753507,-0.018316937156080362,-0.07522872268706553,0.08649774115425045,0.019187691384213213,-0.009982575258237345,-0.009982575258237345,-0.005815394309315835,-0.01040240318965854,-0.009982575258237345,-0.009982575258237345,-0.002487869223236722,0.06650365734854984,0.11650982873560793,0.008334361897843017,0.012501542846764524,0.05085015740202955,0.004167180948921509,0.012501542846764524,0.03375727552279326,0.019187691384213213,0.08691756908567166,0.015020510435291706,-0.02248411810500187,-0.018316937156080362,-0.11846700126219717,-0.02248411810500187,0.008334361897843017,0.008754189829264212,0.015020510435291706,-0.018736765087501557,-0.09099920422396052,-0.014149756207158852,0.03168923423097775,0.0,0.01565349994652029,0.0008396558628423937,-0.02248411810500187,0.008334361897843017,-0.014149756207158852,-0.018736765087501557,0.0008396558628423937,-0.02248411810500187,-0.019104310649645104,0.008334361897843017,0.07483801924639286,0.053791117998042454,0.0,-0.0016482133603943276,0.09294395989873035,0.016668723795686034,0.008334361897843017,-0.018316937156080362,-0.08134460705984076
superiorparietal-lh,-0.018696899629868577,-0.015163505125401952,0.028132210767125132,-0.004731770533505646,-0.036531390416680326,-0.06209405713810775,-0.004629708479776981,-0.0019587228183671835,0.010594909790258861,0.008164964298293362,-0.027564509981947437,-0.012835621687165127,0.0022258213845081634,0.0,-0.021367885291278373,0.0452134898017995,0.0,0.0,-0.0004451642769016334,0.04541761390925683,0.01976312236137444,0.011598158063081074,0.003433193764787716,0.020564418059797376,0.036501299172875826,0.028234272820853803,-0.021367885291278373,-0.018696899629868577,-0.024791462266808978,0.04032971195422987,-0.04469635471497369,-0.015163505125401952,-0.03562741222651214,-0.05336883731083574,0.003739379925973717,-0.016025913968458778,-0.0049858399012982875,0.058225315885675505,0.04743931118630766,-0.01434700869557262,0.023947666564249785,0.0016767337398281013,0.015884764319685094,-0.008814252682652327,-0.0019587228183671835,0.0,0.028132210767125132,-0.004629708479776981,0.020922721014376738,-0.010683942645639186,-0.0035507667689310767,0.014167081670762206,-0.028976006469684325,0.03231675497000048,0.016380494294938614,0.00988047541415819,0.02682277633311692,0.0,-0.05228989559998984,0.005797993265011511,-0.021367885291278373,-0.030487393478091818,0.009081351248793312,-0.0023669710332818498,-0.04141299673119189,-0.017935932402523832,0.036399237119147165,0.028577375044026767
superiorparietal-rh,-0.007430186842653078,0.03017182086193384,-0.013449018546127654,-0.04261416681351388,0.009676094153972954,0.02128706750749606,-0.0403172518794757,-0.027854154905743837,-0.04654880036634162,-0.014504592453833795,0.009676094153972954,0.006748133195692825,-0.043620839408061496,0.05586336748788783,0.03168842668103546,0.0015664128155786533,-0.019821525171514805,0.028720378063831514,-0.04692442693664729,0.002736448038699828,0.001830193082090378,-0.01876595126380867,-0.024082883981489674,-0.010521057587847524,-0.013449018546127654,-0.01483131771098093,0.05015937953404534,0.0469676383092535,0.006748133195692825,0.006748133195692825,0.037246226473114555,0.03017182086193384,0.003983534865986267,-0.023799314236546687,-0.0403172518794757,0.022752609843477316,-0.03750113722498952,-0.018134905239566734,-0.013449018546127654,0.0,-0.01483131771098093,0.03017182086193384,-0.006558273744013065,-0.028341627779843465,-0.031157742434329637,-0.0083333739459822,-0.017128232645019136,-0.04069287844978137,0.0,-0.001838045192604546,0.005996880055081476,-0.0035985859393845875,0.009676094153972954,-0.01675260607471345,-0.01684466290007615,0.008325521835468029,-0.020523876998967613,0.03776804120518362,0.015532016070533205,0.06648580425739405,0.04685579200545954,0.0,-0.034836956533221115,0.06912661891538957,-0.020495726707960887,0.012604055112253078,-0.010145431017541855,0.08273160082123587
superiortemporal-lh,-0.011510051491231962,0.0,-0.044169908684405415,0.11850130310467002,-0.012649348835179871,0.02485448976812099,-0.041250459240538884,0.047045141675953514,-0.046771697826089566,-0.023355595550932175,-0.020814313133473233,-0.023416102275157388,-0.044169908684405415,0.04780301772314777,0.023751594843625653,-0.025639724390433966,-0.020436146107065654,0.02330812482826768,-0.04708935812827193,-0.023355595550932175,-0.02231874150226801,-0.033085494942245525,-0.030166045498379,-0.03636454125935294,-0.044169908684405415,-0.03572922065498821,0.11765230748778578,0.03743779772746968,-0.023416102275157388,-0.01821252399178908,0.011845544059700217,0.0,-0.01821252399178908,-0.02665321202120628,-0.041250459240538884,0.01554469397427375,-0.025238190946134522,-0.039283990703219474,-0.044169908684405415,0.0,-0.03048370580056137,0.0,-0.02665321202120628,-0.02231874150226801,-0.024962467215010695,-0.009945116398211972,-0.04156811954272125,-0.04156811954272125,0.0,-0.006666070081104551,-0.026970872323388642,-0.019357355487342954,-0.020814313133473233,-0.04708935812827193,-0.03572922065498821,-0.010599007155743388,-0.03604688095717058,0.03147308912656104,-0.015610734850104925,0.03195849571297753,0.7327578480070476,0.0,-0.03636454125935294,0.044505401252873666,-0.020814313133473233,-0.015610734850104925,-0.041250459240538884,0.04488356827928125
superiortemporal-rh,0.0,-0.042735770582556745,0.021187565584178978,0.012712539350507387,-0.053419713228195935,-0.06631257228580272,0.049346523715410394,0.01695005246734318,0.025425078701014774,0.0,-0.032232147644016954,-0.03867857717282035,0.021187565584178978,0.0,0.29156824123260494,0.012712539350507387,0.0,0.0,0.021187565584178978,0.021187565584178978,0.012712539350507387,0.012712539350507387,0.17469489559084345,0.0,0.029662591817850567,0.025425078701014774,0.0,0.0,-0.04936251981845953,0.0040571934097364,-0.042735770582556745,-0.042735770582556745,-0.03867857717282035,-0.01731069188154197,0.021187565584178978,0.0,0.00847502623367159,0.03390010493468636,0.03390010493468636,-0.008835665647870384,0.01695005246734318,-0.021548204998377767,0.021187565584178978,0.012712539350507387,0.24372535120381364,0.0,0.021187565584178978,0.01695005246734318,0.021187565584178978,0.0,0.0040571934097364,0.00847502623367159,-0.053600032935295326,0.025425078701014774,0.029662591817850567,0.0,0.025425078701014774,0.0,-0.030203550939148754,0.0,0.0,-0.7471634315134631,0.025425078701014774,0.0,-0.01731069188154197,-0.045125006701623734,0.025425078701014774,0.0
supramarginal-lh,-4.3938343631457055e-05,0.0,-0.02125201633175796,-0.03094479965714482,-0.01378709496896002,0.0360241965578081,-0.021093637519251637,-0.01729823373958726,0.036135435009959006,-0.00306689638547594,0.002103579219174215,0.00815933757740302,-0.018374392811156,0.04418352924570287,-0.04349896019514589,-0.0041284077126647716,0.030702666012841575,0.03403917966297474,0.026133217931749452,-0.0011086516875442483,-0.024271772356878482,-0.024271772356878482,-0.020935258706745313,-0.02911084259213609,-0.014895746656504267,-0.014737367843997946,-0.04016244654501272,0.017826027430754024,0.00815933757740302,0.013914584618606939,-0.02014336464421371,0.0,0.002404090536199105,0.05554457184091044,0.023271840719135257,0.017826027430754024,0.03871254721353608,-0.00702227754125449,-0.015196257973529154,0.052679992611572274,-0.024430151169384805,0.022246943863387925,-0.0012329344309589538,0.026449975556762092,-0.023512370910322388,0.024029638712575237,-0.02746615350249309,0.036435946326983895,0.022246943863387925,-0.04062133667454393,-0.0013913132434652765,-0.024572283673903374,0.004981202739776175,-0.021410395144264283,-0.00822271935623793,-0.02425552604889073,-0.023829128535335035,0.04418352924570287,0.002404090536199105,-0.0439578503246771,-0.04349896019514589,0.025425078701014774,0.02977024289890752,-0.01726574112361175,0.048736735908315496,0.011036961098004979,-0.014737367843997946,-0.020019081900799006
supramarginal-rh,0.017827643941244087,0.025212316536152725,0.004413398604701289,-0.003990706907349621,0.00021134584867583384,0.013370732955933067,-0.003990706907349621,-0.0022502116829603755,-0.02377019192165878,0.016808211024101814,0.004413398604701289,0.0056441773705193975,-0.003990706907349621,0.07725312374539105,0.05942547980414696,0.015067715799712575,0.0,0.048283202340869406,-0.020798917931451437,0.02941436929217818,0.011586725350934092,0.008615451360726743,-0.003990706907349621,0.014557999341141442,0.008615451360726743,0.011586725350934092,0.08837364501836373,0.07205339426252819,0.001442124614493943,0.008615451360726743,0.030433802209320446,0.02101026378012727,0.011586725350934092,-0.020798917931451437,-0.020798917931451437,0.046054746848213896,-0.012394812419400528,0.0019518410730650772,0.00021134584867583384,0.008404105512050907,-0.0010194329171422719,0.025212316536152725,-0.4977319057403405,-0.017827643941244087,-0.014856369951036738,0.019313280936347762,0.007384672594908637,-0.013625591185218631,0.0,0.023027373424106948,0.007384672594908637,-0.0015073931854085402,0.004413398604701289,0.004413398604701289,-0.00942353842919318,0.011098765082667827,-0.00645226443898583,0.06634394832109419,0.010355946585115986,0.09800852929623274,0.06611084628211349,0.0,-0.01188509596082939,-0.40367057097084763,-0.020798917931451437,0.007384672594908637,0.00021134584867583384,0.10246544028154377
temporalpole-lh,0.023836220232552278,-0.05285740045737281,0.0014480259319364906,-0.004908243743317202,-0.06730004871357055,-0.014666621037619617,-0.0017301089056903556,0.004212439074724342,0.04791440497148009,0.011158784541000928,-0.06462372463977953,-0.05120251367801682,0.0014480259319364906,0.05579392270500464,-0.017827643941244087,0.00994812620771954,0.05579392270500464,0.05579392270500464,0.05724194863694113,0.022246943863387925,-0.0019369697531098527,-0.004908243743317202,-0.004908243743317202,-0.014856369951036738,0.007804295607190183,0.007597434759770686,-0.020798917931451437,0.0409375527539679,-0.06441686379236003,0.0046261607695633365,-0.07365631838882425,-0.05285740045737281,-0.05847431581194533,0.02077703313153836,0.047707544124060586,0.04390882674417525,0.047707544124060586,0.010568708749978034,0.0046261607695633365,-0.008292887511983035,0.0012411650845169935,-0.030610456593984887,0.0014480259319364906,0.053856952951894785,0.004212439074724342,0.05579392270500464,0.004419299922143839,0.057035087789521634,0.022246943863387925,-0.005942547980414695,-0.005616915354572518,-0.011057652571151395,-0.06462372463977953,0.0046261607695633365,0.010775569597397531,-0.01741392224640509,0.010568708749978034,0.05579392270500464,-0.05550304182173799,-0.02377019192165878,-0.020798917931451437,-0.04064667187070125,0.06933390544519001,-0.020798917931451437,-0.003596101523805753,-0.05847431581194533,0.0046261607695633365,0.0
temporalpole-rh,-0.021675336878203243,-0.0035307953722349635,0.027824759180200262,-0.005039222120430516,-0.03425379539179031,-0.08572009915413756,-0.004937160066701851,0.0022879522260325635,0.003431928339048847,0.008164964298293362,-0.01333107437741357,-0.04037200174774123,-0.0007526158638265037,0.0,-0.018062780731836033,0.045785477858307645,0.0,0.0,-0.0007526158638265037,0.04541761390925683,0.023068226920816778,0.011290706476156204,0.0031257421778628455,0.014127150458557938,0.036193847585950956,0.03153937738029614,-0.021675336878203243,-0.014450224585468829,-0.049419664889093336,-0.0041813491823328025,-0.03337109654873157,-0.0035307953722349635,-0.04492440989966737,-0.032758724226359566,-0.0007526158638265037,-0.010837668439101621,-0.013306248472452547,0.047603504081560714,0.04446087393797299,-0.0027142989424056314,0.027252771123692125,0.004261780351642988,0.015577312732760222,-0.005509148123209989,0.0022879522260325635,0.0,0.03143731532656747,-0.001324603920334642,0.020922721014376738,-0.0036125561463672073,0.017526533246738613,0.011188644422427538,-0.05360420909196868,0.03200930338307561,0.03164143943402481,0.006902038165823523,0.031069451377516665,0.0,-0.006682474766551902,0.0028195560166768443,-0.021675336878203243,-0.03404183256933729,0.014269596778150468,-0.005345408281616517,-0.032758724226359566,-0.03325347613410008,0.036091785532222295,0.028577375044026767
transversetemporal-lh,-0.04479737244547523,0.031666820994732364,0.00459256084196901,-0.021384984272664692,0.021732609107188872,0.004907171925454924,-0.022730681005713897,-0.011531337894345094,-0.03150848739902515,-0.019459227741325944,0.03309945172464705,0.029151965849913693,-0.022550428582087303,-0.017987294484001496,-0.04219558330379107,0.02136874000149654,-0.020985176898001747,-0.017987294484001496,-0.022550428582087303,0.02088304240476619,0.0038359627223997195,-0.007813489560636539,-0.013863270287988396,-0.009849015596366454,0.010948830517222702,0.014842300492604711,-0.04179949003147498,-0.03659591174810667,0.029151965849913693,0.034355544133282005,0.0063286762905830785,0.03619065256540842,0.0253078809919299,-0.00138499926045896,-0.02908695068096759,-0.03399412260642252,-0.02948304395328369,0.024623726246000423,0.01681835882094796,0.022246943863387925,0.016061760701378665,0.04938993328744424,0.00900836061394235,-0.023307026701656592,-0.014529220308345345,-0.023983059312001995,0.010192232397653413,-0.023126774278029994,0.022246943863387925,-0.031788426737054454,0.02536189689128126,-2.1918827919388434e-05,0.028575620153971006,0.007770695679595853,0.019546384486907358,0.0010895095821518675,0.015972156376964412,-0.017987294484001496,0.036957333274966156,-0.02478000373377912,-0.04479737244547523,0.025425078701014774,-0.011566926319407995,-0.007242818421445078,0.004610765567541538,0.036957333274966156,0.015292409664272153,0.0061578125260545674
transversetemporal-rh,0.017862382716751484,-0.03144379868066166,0.0045943157320247705,-0.016902694748855064,0.03265985719317345,-0.021813049568180008,-0.020985176898001747,-0.014989412070001247,-0.023983059312001995,-0.16539329205265724,0.03265985719317345,0.028577375044026767,-0.023983059312001995,-0.13706873855518825,0.049246464238316606,0.011674680295171706,-0.08508883277183686,0.03431950805194036,-0.023983059312001995,0.000511833582878092,0.00759219814602502,-0.0005727661522683414,-0.005739848036561454,0.0045943157320247705,0.0045943157320247705,0.00950548082487884,0.07316706766669359,0.06270570715950521,0.028577375044026767,0.028577375044026767,0.06634033492363356,0.03265985719317345,0.020412410745733404,-0.005995764828000499,-0.020985176898001747,0.04178298614512847,-0.023983059312001995,0.0045943157320247705,0.008676797881171457,-0.12820731174767022,0.00759219814602502,0.028577375044026767,0.010334163768586228,-0.020985176898001747,-0.017987294484001496,-0.08853187946273874,0.00759219814602502,-0.023983059312001995,0.0,0.007401022209563115,0.01958372780202602,0.01397107650406671,0.028577375044026767,0.0045943157320247705,0.0024251162617319076,0.030045088309214388,-0.0005727661522683414,-0.04069067260598477,0.028577375044026767,0.09466407814757342,0.05970782474550496,0.0,-0.04535094460328037,0.08955945214690532,0.0,0.028577375044026767,0.011674680295171706,-0.09012136063388336
