,bankssts-lh,bankssts-rh,caudalanteriorcingulate-lh,caudalanteriorcingulate-rh,caudalmiddlefrontal-lh,caudalmiddlefrontal-rh,cuneus-lh,cuneus-rh,entorhinal-lh,entorhinal-rh,frontalpole-lh,frontalpole-rh,fusiform-lh,fusiform-rh,inferiorparietal-lh,inferiorparietal-rh,inferiortemporal-lh,inferiortemporal-rh,insula-lh,insula-rh,isthmuscingulate-lh,isthmuscingulate-rh,lateraloccipital-lh,lateraloccipital-rh,lateralorbitofrontal-lh,lateralorbitofrontal-rh,lingual-lh,lingual-rh,medialorbitofrontal-lh,medialorbitofrontal-rh,middletemporal-lh,middletemporal-rh,paracentral-lh,paracentral-rh,parahippocampal-lh,parahippocampal-rh,parsopercularis-lh,parsopercularis-rh,parsorbitalis-lh,parsorbitalis-rh,parstriangularis-lh,parstriangularis-rh,pericalcarine-lh,pericalcarine-rh,postcentral-lh,postcentral-rh,posteriorcingulate-lh,posteriorcingulate-rh,precentral-lh,precentral-rh,precuneus-lh,precuneus-rh,rostralanteriorcingulate-lh,rostralanteriorcingulate-rh,rostralmiddlefrontal-lh,rostralmiddlefrontal-rh,superiorfrontal-lh,superiorfrontal-rh,superiorparietal-lh,superiorparietal-rh,superiortemporal-lh,superiortemporal-rh,supramarginal-lh,supramarginal-rh,temporalpole-lh,temporalpole-rh,transversetemporal-lh,transversetemporal-rh
bankssts-lh,0.134394341290893,0.0,0.0,0.0,0.0,0.0673076923076923,0.0,0.0,0.0,0.0,0.04409814323607427,0.0,0.0,0.0,0.0,0.0,0.019230769230769232,0.017241379310344827,0.0,0.0,0.0,0.0,0.0,0.0,0.0,0.0,0.0,0.0,0.0,0.0,0.0,0.0,0.05172413793103448,0.017241379310344827,0.0,0.0,0.0,0.057692307692307696,0.0,0.0,0.017241379310344827,0.040229885057471264,0.0,0.017241379310344827,0.0,0.011494252873563218,0.08653846153846154,0.0,0.0,0.040229885057471264,0.0,0.0,0.0,0.0,0.04597701149425287,0.0,0.10366931918656057,0.005747126436781609,0.0,0.009615384615384616,0.019230769230769232,0.0,0.04597701149425287,0.0,0.040340406719717066,0.0,0.040229885057471264,0.0673076923076923
bankssts-rh,0.0,0.2387007874015748,0.0,0.015748031496062992,0.0,0.012795275590551181,0.0,0.0,0.015748031496062992,0.015748031496062992,0.0,0.0,0.017716535433070866,0.006889763779527559,0.0,0.013779527559055118,0.049842519685039374,0.0,0.015748031496062992,0.0,0.01968503937007874,0.017716535433070866,0.0,0.013779527559055118,0.017716535433070866,0.018700787401574805,0.017716535433070866,0.013779527559055118,0.0,0.007874015748031496,0.0,0.04,0.0,0.0,0.01673228346456693,0.012795275590551181,0.011811023622047244,0.0,0.011811023622047244,0.0,0.0,0.0,0.013779527559055118,0.0,0.017716535433070866,0.04,0.01968503937007874,0.013779527559055118,0.01673228346456693,0.0,0.0,0.0,0.011811023622047244,0.018700787401574805,0.0,0.017716535433070866,0.0,0.0,0.005905511811023622,0.1,0.0387007874015748,0.007874015748031496,0.0,0.0,0.04,0.014763779527559055,0.0,0.0
caudalanteriorcingulate-lh,0.0,0.0,0.013496143958868894,0.012853470437017995,0.0,0.0,0.012853470437017995,0.007712082262210797,0.012853470437017995,0.011568123393316195,0.0,0.010282776349614395,0.011568123393316195,0.0019280205655526992,0.0012853470437017994,0.012853470437017995,0.0,0.011568123393316195,0.012853470437017995,0.012210796915167094,0.012853470437017995,0.012853470437017995,0.0,0.012853470437017995,0.012853470437017995,0.012210796915167094,0.007069408740359897,0.0,0.012210796915167094,0.011568123393316195,0.0,0.0,0.012210796915167094,0.0,0.010925449871465296,0.012210796915167094,0.009640102827763496,0.0,0.012210796915167094,0.010925449871465296,0.007069408740359897,0.011568123393316195,0.012210796915167094,0.012210796915167094,0.0,0.0,0.0,0.0,0.010282776349614395,0.0,0.010925449871465296,0.011568123393316195,0.012853470437017995,0.012210796915167094,0.012210796915167094,0.012210796915167094,0.0,0.011568123393316195,0.011568123393316195,0.0,0.0,0.010925449871465296,0.0,0.006426735218508998,0.0,0.012853470437017995,0.012853470437017995,0.0
caudalanteriorcingulate-rh,0.0,0.018229166666666668,0.011406844106463879,0.03220552122940431,0.0,0.014322916666666666,0.012040557667934094,0.005703422053231939,0.02636347433460076,0.02636347433460076,0.0,0.011406844106463879,0.02960135456273764,0.0026041666666666665,0.0025348542458808617,0.02439302122940431,0.006510416666666667,0.009505703422053232,0.02636347433460076,0.012674271229404309,0.03157180766793409,0.028967641001267426,0.0,0.022491880544993664,0.028967641001267426,0.030903437896070977,0.0277695262991128,0.01171875,0.012674271229404309,0.02439302122940431,0.0,0.0,0.012674271229404309,0.0,0.027665557667934094,0.020556083650190113,0.019887713878326996,0.0,0.02960135456273764,0.012040557667934094,0.008238276299112801,0.012674271229404309,0.027665557667934094,0.012040557667934094,0.021467046894803547,0.0,0.020833333333333332,0.01171875,0.030972750316856777,0.0,0.012040557667934094,0.012040557667934094,0.021788854562737645,0.033507604562737645,0.010139416983523447,0.02960135456273764,0.0,0.012674271229404309,0.021788854562737645,0.0,0.018229166666666668,0.023759307667934094,0.0,0.0076045627376425855,0.0,0.025061391001267426,0.012040557667934094,0.0
caudalmiddlefrontal-lh,0.0,0.0,0.0,0.0,0.10526315789473684,0.0,0.0,0.0,0.0,0.0,0.0,0.0,0.0,0.0,0.0,0.0,0.0,0.0,0.0,0.0,0.0,0.0,0.0,0.0,0.0,0.0,0.0,0.0,0.0,0.0,0.0,0.0,0.02631578947368421,0.10526315789473684,0.0,0.0,0.0,0.0,0.0,0.0,0.02631578947368421,0.0,0.0,0.0,0.0,0.05263157894736842,0.0,0.0,0.0,0.0,0.0,0.0,0.0,0.0,0.0,0.0,0.05263157894736842,0.0,0.0,0.0,0.0,0.0,0.0,0.0,0.13157894736842105,0.0,0.0,0.0
caudalmiddlefrontal-rh,0.06578947368421052,0.01790633608815427,0.0,0.01790633608815427,0.0,0.14810787298825576,0.0,0.0,0.01652892561983471,0.01652892561983471,0.07894736842105263,0.0,0.01790633608815427,0.004132231404958678,0.0,0.013774104683195593,0.008264462809917356,0.0,0.01652892561983471,0.0,0.01790633608815427,0.01790633608815427,0.0,0.013774104683195593,0.01790633608815427,0.01790633608815427,0.01790633608815427,0.013774104683195593,0.0,0.006887052341597796,0.0,0.0,0.0,0.0,0.01790633608815427,0.012396694214876033,0.011019283746556474,0.039473684210526314,0.012396694214876033,0.0,0.0,0.0,0.01790633608815427,0.0,0.01790633608815427,0.0,0.110011599246049,0.013774104683195593,0.01790633608815427,0.0,0.0,0.0,0.011019283746556474,0.01790633608815427,0.0,0.01790633608815427,0.039473684210526314,0.0,0.004132231404958678,0.0,0.01790633608815427,0.006887052341597796,0.0,0.0,0.0,0.015151515151515152,0.0,0.05263157894736842
cuneus-lh,0.0,0.0,0.01164294954721863,0.0129366106080207,0.0,0.0,0.012289780077619664,0.005821474773609315,0.012289780077619664,0.012289780077619664,0.0,0.010996119016817595,0.012289780077619664,0.0,0.0019404915912031048,0.0129366106080207,0.0,0.009702457956015523,0.012289780077619664,0.0129366106080207,0.012289780077619664,0.012289780077619664,0.0,0.010996119016817595,0.012289780077619664,0.0129366106080207,0.007761966364812419,0.0,0.0129366106080207,0.012289780077619664,0.0,0.0,0.0129366106080207,0.0,0.01164294954721863,0.01034928848641656,0.01034928848641656,0.0,0.0129366106080207,0.01164294954721863,0.007761966364812419,0.012289780077619664,0.012289780077619664,0.012289780077619664,0.0,0.0,0.0,0.0,0.01034928848641656,0.0,0.01164294954721863,0.012289780077619664,0.0129366106080207,0.0129366106080207,0.01034928848641656,0.0129366106080207,0.0,0.012289780077619664,0.012289780077619664,0.0,0.0,0.01164294954721863,0.0,0.0071151358344113845,0.0,0.012289780077619664,0.012289780077619664,0.0
cuneus-rh,0.0,0.0,0.01627906976744186,0.012790697674418604,0.0,0.0,0.012790697674418604,0.022093023255813953,0.012790697674418604,0.010465116279069767,0.0,0.00813953488372093,0.010465116279069767,0.011627906976744186,0.0,0.012790697674418604,0.0,0.01627906976744186,0.012790697674418604,0.011627906976744186,0.012790697674418604,0.012790697674418604,0.0,0.015116279069767442,0.012790697674418604,0.011627906976744186,0.002325581395348837,0.0011627906976744186,0.011627906976744186,0.010465116279069767,0.0,0.0,0.011627906976744186,0.0,0.009302325581395349,0.015116279069767442,0.0069767441860465115,0.0,0.011627906976744186,0.009302325581395349,0.002325581395348837,0.010465116279069767,0.011627906976744186,0.011627906976744186,0.0,0.0,0.0,0.0,0.009302325581395349,0.0,0.009302325581395349,0.010465116279069767,0.012790697674418604,0.011627906976744186,0.01627906976744186,0.011627906976744186,0.0,0.010465116279069767,0.010465116279069767,0.0,0.0,0.009302325581395349,0.0,0.0011627906976744186,0.0,0.012790697674418604,0.012790697674418604,0.0
entorhinal-lh,0.0,0.016853932584269662,0.01164294954721863,0.025108895252215456,0.0,0.012172284644194757,0.012289780077619664,0.005821474773609315,0.03101637183791929,0.03101637183791929,0.0,0.010996119016817595,0.029143712661889327,0.010299625468164793,0.0019404915912031048,0.02979054319229036,0.013108614232209739,0.009702457956015523,0.03101637183791929,0.0129366106080207,0.030080042249904307,0.030080042249904307,0.0,0.027850051601087257,0.030080042249904307,0.030726872780305343,0.021806910185037137,0.016853932584269662,0.0129366106080207,0.01697142801769457,0.0,0.0,0.0129366106080207,0.0,0.03130587089553324,0.026266891482671244,0.02533056189465626,0.0,0.02136357690015553,0.01164294954721863,0.007761966364812419,0.012289780077619664,0.025398394309829403,0.012289780077619664,0.014044943820224719,0.0,0.016853932584269662,0.016853932584269662,0.0234579027186263,0.0,0.01164294954721863,0.012289780077619664,0.0279178840162604,0.0279178840162604,0.01034928848641656,0.030726872780305343,0.0,0.012289780077619664,0.015098768841664608,0.0,0.015917602996254682,0.016324597487293535,0.0,0.0071151358344113845,0.0,0.030080042249904307,0.012289780077619664,0.0
entorhinal-rh,0.0,0.016853932584269662,0.010958904109589041,0.024501051767482428,0.0,0.012172284644194757,0.011643835616438357,0.004794520547945206,0.030370427376737983,0.0310553588835873,0.0,0.012328767123287671,0.02986763121440665,0.010299625468164793,0.0027397260273972603,0.02918269970755733,0.013108614232209739,0.008904109589041096,0.030370427376737983,0.012328767123287671,0.029434097788723,0.029434097788723,0.0,0.027127905187009388,0.029434097788723,0.030119029295572315,0.022949053409265813,0.016853932584269662,0.012328767123287671,0.017695346570211892,0.0,0.0,0.012328767123287671,0.0,0.032676619978451595,0.025506644092145092,0.02662510902467806,0.0,0.0207557334154225,0.013013698630136987,0.008904109589041096,0.013013698630136987,0.024752449848648096,0.011643835616438357,0.014729875327074034,0.0,0.016853932584269662,0.016853932584269662,0.02406751834179878,0.0,0.013013698630136987,0.012328767123287671,0.02731004053152737,0.02731004053152737,0.009589041095890411,0.030119029295572315,0.0,0.013013698630136987,0.015822687394181932,0.0,0.015917602996254682,0.017695346570211892,0.0,0.00821917808219178,0.0,0.029434097788723,0.011643835616438357,0.0
frontalpole-lh,0.034482758620689655,0.0,0.0,0.0,0.0,0.15384615384615385,0.0,0.0,0.0,0.0,0.37665782493368705,0.0,0.0,0.0,0.0,0.0,0.0,0.0603448275862069,0.0,0.0,0.0,0.0,0.0,0.0,0.0,0.0,0.0,0.0,0.0,0.0,0.0,0.0,0.02586206896551724,0.0,0.0,0.0,0.0,0.0,0.0,0.0,0.0,0.017241379310344827,0.0,0.0603448275862069,0.0,0.0,0.038461538461538464,0.0,0.0,0.008620689655172414,0.0,0.0,0.0,0.0,0.017241379310344827,0.0,0.017241379310344827,0.04310344827586207,0.0,0.0,0.0,0.0,0.07758620689655173,0.0,0.0,0.0,0.06896551724137931,0.0
frontalpole-rh,0.0,0.0,0.010416666666666666,0.011904761904761904,0.0,0.0,0.011160714285714286,0.003720238095238095,0.011160714285714286,0.011904761904761904,0.0,0.013392857142857142,0.012648809523809524,0.0,0.004464285714285714,0.011904761904761904,0.0,0.00818452380952381,0.011160714285714286,0.011904761904761904,0.011160714285714286,0.011160714285714286,0.0,0.009672619047619048,0.011160714285714286,0.011904761904761904,0.011160714285714286,0.0,0.011904761904761904,0.012648809523809524,0.0,0.0,0.011904761904761904,0.001488095238095238,0.013392857142857142,0.008928571428571428,0.014136904761904762,0.0,0.011904761904761904,0.013392857142857142,0.011160714285714286,0.012648809523809524,0.011160714285714286,0.011160714285714286,0.002232142857142857,0.0,0.0,0.0,0.010416666666666666,0.0,0.012648809523809524,0.011904761904761904,0.011904761904761904,0.011904761904761904,0.008928571428571428,0.011904761904761904,0.0,0.012648809523809524,0.013392857142857142,0.0,0.0,0.013392857142857142,0.0,0.010416666666666666,0.0,0.011160714285714286,0.011160714285714286,0.0
fusiform-lh,0.0,0.019114688128772636,0.01078167115902965,0.027219923313465698,0.0,0.013078470824949699,0.011455525606469003,0.0047169811320754715,0.02755210508333017,0.028225959530769524,0.0,0.012803234501347708,0.030911886412816524,0.007042253521126761,0.0033692722371967657,0.026213887096161875,0.01006036217303823,0.00876010781671159,0.02755210508333017,0.012129380053908356,0.030570213735241637,0.029564177517937815,0.0,0.024192323753843815,0.029564177517937815,0.03124406818268099,0.026536577958315932,0.014084507042253521,0.012129380053908356,0.019845488022474468,0.0,0.0,0.012129380053908356,0.0006738544474393531,0.030579704642952052,0.022512433089100642,0.02420181466155423,0.0,0.023195778444250408,0.013477088948787063,0.009433962264150943,0.012803234501347708,0.025540032648722524,0.011455525606469003,0.018450324589043696,0.0,0.019114688128772636,0.014084507042253521,0.02687825063589082,0.0,0.012803234501347708,0.012129380053908356,0.02420181466155423,0.03023803196537717,0.009433962264150943,0.03023803196537717,0.0,0.012803234501347708,0.018507270035306177,0.0,0.019114688128772636,0.020519342469913823,0.0,0.00876010781671159,0.0,0.026546068866026347,0.011455525606469003,0.0
fusiform-rh,0.0,0.01347305389221557,0.030864197530864196,0.018333702964441485,0.0,0.0074850299401197605,0.012345679012345678,0.07407407407407407,0.031806756856657056,0.019461077844311378,0.0,0.0,0.01347305389221557,0.10700820581060103,0.0,0.031806756856657056,0.025449101796407185,0.030864197530864196,0.030309750868633103,0.006172839506172839,0.0273157388925852,0.0273157388925852,0.0,0.045649441857026685,0.0273157388925852,0.02114289938641236,0.008982035928143712,0.040973608338877796,0.006172839506172839,0.0,0.0,0.0,0.006172839506172839,0.0,0.017964071856287425,0.0516374658091225,0.02245508982035928,0.0,0.006172839506172839,0.0,0.0,0.0,0.0136578694462926,0.006172839506172839,0.008982035928143712,0.0,0.01347305389221557,0.020958083832335328,0.0074850299401197605,0.0,0.0,0.0,0.04228579877282472,0.016651881422340503,0.030864197530864196,0.02114289938641236,0.0,0.0,0.0,0.0,0.011976047904191617,0.0,0.0,0.0,0.0,0.031806756856657056,0.012345679012345678,0.0
inferiorparietal-lh,0.0,0.0,0.0,0.006369426751592357,0.0,0.0,0.0031847133757961785,0.0,0.0031847133757961785,0.006369426751592357,0.0,0.012738853503184714,0.009554140127388535,0.0,0.05732484076433121,0.006369426751592357,0.0,0.0,0.0031847133757961785,0.006369426751592357,0.0031847133757961785,0.0031847133757961785,0.0,0.0,0.0031847133757961785,0.006369426751592357,0.01910828025477707,0.0,0.006369426751592357,0.009554140127388535,0.0,0.0,0.006369426751592357,0.050955414012738856,0.012738853503184714,0.0,0.01592356687898089,0.0,0.006369426751592357,0.012738853503184714,0.025477707006369428,0.009554140127388535,0.0031847133757961785,0.0031847133757961785,0.009554140127388535,0.0,0.0,0.01592356687898089,0.0,0.044585987261146494,0.009554140127388535,0.006369426751592357,0.006369426751592357,0.006369426751592357,0.0,0.006369426751592357,0.0,0.009554140127388535,0.012738853503184714,0.0,0.0,0.012738853503184714,0.0,0.041401273885350316,0.0,0.0031847133757961785,0.0031847133757961785,0.0
inferiorparietal-rh,0.0,0.0163265306122449,0.011406844106463879,0.023898761025322676,0.0,0.012244897959183673,0.012040557667934094,0.005703422053231939,0.03142831276997491,0.03142831276997491,0.0,0.011406844106463879,0.02900080184164921,0.011224489795918367,0.0025348542458808617,0.03104161816817982,0.014285714285714285,0.009505703422053232,0.03142831276997491,0.012674271229404309,0.029387496443444298,0.029387496443444298,0.0,0.029140477483769175,0.029387496443444298,0.030021210004914513,0.02150358242156178,0.018367346938775512,0.012674271229404309,0.015735495719200226,0.0,0.0,0.012674271229404309,0.0,0.03142831276997491,0.027486355759033652,0.027099661157238563,0.0,0.01981712837226145,0.012040557667934094,0.008238276299112801,0.012674271229404309,0.024285455627117765,0.012040557667934094,0.013899019683919194,0.0,0.0163265306122449,0.018367346938775512,0.02238431494270712,0.0,0.012040557667934094,0.012040557667934094,0.02900080184164921,0.026959985515118592,0.010139416983523447,0.030021210004914513,0.0,0.012674271229404309,0.013694679392669615,0.0,0.015306122448979591,0.015101782157730012,0.0,0.0076045627376425855,0.0,0.03142831276997491,0.012040557667934094,0.0
inferiortemporal-lh,0.03076923076923077,0.014669926650366748,0.0,0.008557457212713936,0.0,0.01747225879255219,0.0,0.0,0.019559902200488997,0.019559902200488997,0.0,0.0,0.014669926650366748,0.018337408312958436,0.0,0.019559902200488997,0.08354335151401167,0.0,0.018337408312958436,0.0,0.01589242053789731,0.01589242053789731,0.0,0.02078239608801956,0.01589242053789731,0.01589242053789731,0.011002444987775062,0.022004889975550123,0.0,0.0,0.0,0.0,0.0,0.0,0.018337408312958436,0.023227383863080684,0.022004889975550123,0.05384615384615385,0.003667481662591687,0.0,0.0,0.0,0.009779951100244499,0.0,0.011002444987775062,0.046153846153846156,0.037746849727289825,0.02078239608801956,0.009779951100244499,0.0,0.0,0.0,0.023227383863080684,0.012224938875305624,0.0,0.01589242053789731,0.046153846153846156,0.0,0.0,0.05384615384615385,0.07498589430129773,0.0,0.0,0.0,0.06923076923076923,0.019559902200488997,0.0,0.046153846153846156
inferiortemporal-rh,0.011363636363636364,0.0,0.014328808446455505,0.01282051282051282,0.0,0.0,0.01282051282051282,0.00904977375565611,0.01282051282051282,0.011312217194570135,0.056818181818181816,0.00980392156862745,0.011312217194570135,0.0022624434389140274,0.0,0.01282051282051282,0.0,0.11584738790621144,0.01282051282051282,0.012066365007541479,0.01282051282051282,0.01282051282051282,0.0,0.014328808446455505,0.01282051282051282,0.012066365007541479,0.006033182503770739,0.0,0.012066365007541479,0.011312217194570135,0.0,0.0,0.012066365007541479,0.0,0.010558069381598794,0.014328808446455505,0.00904977375565611,0.0,0.012066365007541479,0.010558069381598794,0.006033182503770739,0.011312217194570135,0.012066365007541479,0.11433909228026876,0.0,0.0,0.0,0.0,0.010558069381598794,0.0,0.010558069381598794,0.011312217194570135,0.01282051282051282,0.012066365007541479,0.014328808446455505,0.012066365007541479,0.0,0.11358494446729742,0.011312217194570135,0.0,0.0,0.010558069381598794,0.06818181818181818,0.005279034690799397,0.0,0.01282051282051282,0.06963869463869464,0.0
insula-lh,0.0,0.01730769230769231,0.01164294954721863,0.0254366106080207,0.0,0.0125,0.012289780077619664,0.005821474773609315,0.030559010846850435,0.030559010846850435,0.0,0.010996119016817595,0.029597472385311973,0.009615384615384616,0.0019404915912031048,0.029282764454174548,0.0125,0.009702457956015523,0.030559010846850435,0.0129366106080207,0.030559010846850435,0.030559010846850435,0.0,0.02734227286297144,0.030559010846850435,0.03120584137725147,0.022185043287889342,0.016346153846153847,0.0129366106080207,0.017097472385311972,0.0,0.0,0.0129366106080207,0.0,0.030873718777987863,0.025733903871031943,0.024772365409493485,0.0,0.021590456761866855,0.01164294954721863,0.007761966364812419,0.012289780077619664,0.025751318539158127,0.012289780077619664,0.014423076923076924,0.0,0.01730769230769231,0.016346153846153847,0.02381082694795502,0.0,0.01164294954721863,0.012289780077619664,0.027359687531097625,0.028321225992636083,0.01034928848641656,0.03120584137725147,0.0,0.012289780077619664,0.015174395462235049,0.0,0.016346153846153847,0.016450641854910936,0.0,0.0071151358344113845,0.0,0.029597472385311973,0.012289780077619664,0.0
insula-rh,0.0,0.0,0.011140235910878113,0.012450851900393184,0.0,0.0,0.011795543905635648,0.005242463958060288,0.011795543905635648,0.012450851900393184,0.0,0.011795543905635648,0.01310615989515072,0.0,0.002621231979030144,0.012450851900393184,0.0,0.009174311926605505,0.011795543905635648,0.012450851900393184,0.011795543905635648,0.011795543905635648,0.0,0.010484927916120577,0.011795543905635648,0.012450851900393184,0.00851900393184797,0.0,0.012450851900393184,0.01310615989515072,0.0,0.0,0.012450851900393184,0.0,0.012450851900393184,0.009829619921363041,0.011140235910878113,0.0,0.012450851900393184,0.012450851900393184,0.00851900393184797,0.01310615989515072,0.011795543905635648,0.011795543905635648,0.000655307994757536,0.0,0.0,0.0,0.010484927916120577,0.0,0.012450851900393184,0.012450851900393184,0.012450851900393184,0.012450851900393184,0.009829619921363041,0.012450851900393184,0.0,0.01310615989515072,0.01310615989515072,0.0,0.0,0.012450851900393184,0.0,0.007863695937090432,0.0,0.011795543905635648,0.011795543905635648,0.0
isthmuscingulate-lh,0.0,0.01858736059479554,0.01164294954721863,0.027806499083857128,0.0,0.012081784386617101,0.012289780077619664,0.005821474773609315,0.02808903658319587,0.02808903658319587,0.0,0.010996119016817595,0.029947772642675428,0.007434944237918215,0.0019404915912031048,0.026877131054117355,0.010223048327137546,0.009702457956015523,0.02808903658319587,0.0129366106080207,0.031806508702154984,0.029947772642675428,0.0,0.02493663946291425,0.029947772642675428,0.03152397120281624,0.024490590900128402,0.013940520446096654,0.0129366106080207,0.020654092345277656,0.0,0.0,0.0129366106080207,0.0,0.028371574082534615,0.023360440902773436,0.022431072873033663,0.0,0.025018394994637802,0.01164294954721863,0.007761966364812419,0.012289780077619664,0.025300932493976542,0.012289780077619664,0.017657992565055763,0.0,0.020446096654275093,0.013940520446096654,0.02707791302173254,0.0,0.01164294954721863,0.012289780077619664,0.025018394994637802,0.03152397120281624,0.01034928848641656,0.03059460317307646,0.0,0.012289780077619664,0.018795356285798103,0.0,0.017657992565055763,0.020007261814876623,0.0,0.0071151358344113845,0.0,0.027159668553456095,0.012289780077619664,0.0
isthmuscingulate-rh,0.0,0.019267822736030827,0.01164294954721863,0.02738747766004382,0.0,0.012524084778420038,0.012289780077619664,0.005821474773609315,0.02866742940324587,0.02866742940324587,0.0,0.010996119016817595,0.03059421167684895,0.007707129094412331,0.0019404915912031048,0.02738747766004382,0.010597302504816955,0.009702457956015523,0.02866742940324587,0.0129366106080207,0.03155760281365049,0.03059421167684895,0.0,0.025446986068840716,0.03059421167684895,0.03220443334405153,0.024139615690438623,0.014450867052023121,0.0129366106080207,0.019033518035230453,0.0,0.0,0.0129366106080207,0.0,0.028983990009646375,0.02383676440163814,0.0228733732648366,0.0,0.023533913112837652,0.01164294954721863,0.007761966364812419,0.012289780077619664,0.025777255992841246,0.012289780077619664,0.016377649325626204,0.0,0.019267822736030827,0.014450867052023121,0.025763546675241222,0.0,0.01164294954721863,0.012289780077619664,0.02546069538644074,0.03027765107044844,0.01034928848641656,0.031241042207249985,0.0,0.012289780077619664,0.01710673576162737,0.0,0.018304431599229287,0.01838668750482942,0.0,0.0071151358344113845,0.0,0.027704038266444325,0.012289780077619664,0.0
lateraloccipital-lh,0.0,0.0,0.0,0.0,0.0,0.0,0.0,0.0,0.0,0.0,0.0,0.0,0.0,0.0,0.0,0.0,0.0,0.0,0.0,0.0,0.0,0.0,0.3888888888888889,0.0,0.0,0.0,0.0,0.0,0.0,0.0,0.0,0.0,0.0,0.0,0.0,0.0,0.0,0.0,0.0,0.1111111111111111,0.0,0.0,0.0,0.0,0.0,0.0,0.0,0.0,0.0,0.0,0.0,0.0,0.0,0.0,0.0,0.0,0.0,0.0,0.0,0.0,0.0,0.0,0.0,0.0,0.0,0.0,0.0,0.0
lateraloccipital-rh,0.0,0.01593625498007968,0.013623978201634877,0.023898954590357915,0.0,0.01195219123505976,0.012942779291553134,0.007493188010899182,0.032863098016652735,0.03150070019648925,0.0,0.010217983651226158,0.027516636451469324,0.013314589055223248,0.0006811989100817438,0.031867082080397756,0.014940239043824702,0.011580381471389645,0.031867082080397756,0.01226158038147139,0.029875050207887794,0.029875050207887794,0.0,0.031867082080397756,0.029875050207887794,0.02919385129780605,0.01976019627213218,0.018924302788844622,0.01226158038147139,0.014568429280154584,0.0,0.0,0.01226158038147139,0.0,0.029823485350152522,0.030189867234061033,0.026469055657479076,0.0,0.01923369193525625,0.010899182561307902,0.006811989100817439,0.011580381471389645,0.02421377161653115,0.01226158038147139,0.012948207171314742,0.0,0.01593625498007968,0.018924302788844622,0.02285137379636766,0.0,0.010899182561307902,0.011580381471389645,0.029875050207887794,0.026205803489041113,0.01226158038147139,0.02919385129780605,0.0,0.011580381471389645,0.012576397407644626,0.0,0.014940239043824702,0.01388723037007284,0.0,0.006130790190735695,0.0,0.032863098016652735,0.012942779291553134,0.0
lateralorbitofrontal-lh,0.0,0.019267822736030827,0.01164294954721863,0.02738747766004382,0.0,0.012524084778420038,0.012289780077619664,0.005821474773609315,0.02866742940324587,0.02866742940324587,0.0,0.010996119016817595,0.03059421167684895,0.007707129094412331,0.0019404915912031048,0.02738747766004382,0.010597302504816955,0.009702457956015523,0.02866742940324587,0.0129366106080207,0.03155760281365049,0.03059421167684895,0.0,0.025446986068840716,0.03059421167684895,0.03220443334405153,0.024139615690438623,0.014450867052023121,0.0129366106080207,0.019033518035230453,0.0,0.0,0.0129366106080207,0.0,0.028983990009646375,0.02383676440163814,0.0228733732648366,0.0,0.023533913112837652,0.01164294954721863,0.007761966364812419,0.012289780077619664,0.025777255992841246,0.012289780077619664,0.016377649325626204,0.0,0.019267822736030827,0.014450867052023121,0.025763546675241222,0.0,0.01164294954721863,0.012289780077619664,0.02546069538644074,0.03027765107044844,0.01034928848641656,0.031241042207249985,0.0,0.012289780077619664,0.01710673576162737,0.0,0.018304431599229287,0.01838668750482942,0.0,0.0071151358344113845,0.0,0.027704038266444325,0.012289780077619664,0.0
lateralorbitofrontal-rh,0.0,0.018867924528301886,0.011140235910878113,0.027545191523034696,0.0,0.012264150943396227,0.011795543905635648,0.005242463958060288,0.027833279754692252,0.02848858774944979,0.0,0.011795543905635648,0.031030688197037512,0.007547169811320755,0.002621231979030144,0.0266017952966196,0.010377358490566037,0.009174311926605505,0.027833279754692252,0.012450851900393184,0.03160686466035263,0.02972007220752244,0.0,0.024635871312346992,0.02972007220752244,0.03131877642869507,0.025500136007319665,0.014150943396226415,0.012450851900393184,0.020653329706471477,0.0,0.0,0.012450851900393184,0.0,0.029431983975864884,0.023037167091174364,0.023404386854274338,0.0,0.023771606617374316,0.012450851900393184,0.00851900393184797,0.01310615989515072,0.02500309107544697,0.011795543905635648,0.017636440070229235,0.0,0.01981132075471698,0.014150943396226415,0.02652266376517718,0.0,0.012450851900393184,0.012450851900393184,0.024715002843789413,0.030375380202279978,0.009829619921363041,0.030375380202279978,0.0,0.01310615989515072,0.018766537253641285,0.0,0.017924528301886792,0.01999802171171394,0.0,0.007863695937090432,0.0,0.026889883528277158,0.011795543905635648,0.0
lingual-lh,0.0,0.01805869074492099,0.009355509355509356,0.029493202179432427,0.0,0.014672686230248307,0.010395010395010396,0.0,0.025067696625258703,0.026107197664759742,0.0,0.013513513513513514,0.029404035047375907,0.004514672686230248,0.008316008316008316,0.023849861321644617,0.007900677200902935,0.006237006237006237,0.025067696625258703,0.011434511434511435,0.02958236931148895,0.027325032968373828,0.0,0.0207313582031415,0.027325032968373828,0.029493202179432427,0.03477987450899415,0.012415349887133182,0.011434511434511435,0.022632026018030535,0.0,0.0,0.011434511434511435,0.004158004158004158,0.029314867915319384,0.018563188992082896,0.024711028097032614,0.0,0.026107197664759742,0.013513513513513514,0.016632016632016633,0.012474012474012475,0.026196364796816266,0.010395010395010396,0.023434530206539236,0.0,0.020316027088036117,0.012415349887133182,0.029671536443545473,0.002079002079002079,0.012474012474012475,0.011434511434511435,0.021592524978529495,0.031750538522547556,0.007276507276507277,0.028364534007874868,0.0,0.012474012474012475,0.02141419071441645,0.0,0.01805869074492099,0.023671527057531574,0.0,0.016632016632016633,0.0,0.02393902845370114,0.010395010395010396,0.0
lingual-rh,0.0,0.01568627450980392,0.0,0.010784313725490196,0.0,0.011764705882352941,0.0,0.15,0.0196078431372549,0.0196078431372549,0.0,0.0,0.01568627450980392,0.2127450980392157,0.0,0.018627450980392157,0.01568627450980392,0.0,0.018627450980392157,0.0,0.016666666666666666,0.016666666666666666,0.0,0.0196078431372549,0.016666666666666666,0.016666666666666666,0.012745098039215686,0.1696078431372549,0.0,0.0029411764705882353,0.0,0.0,0.0,0.0,0.018627450980392157,0.018627450980392157,0.01764705882352941,0.0,0.006862745098039216,0.0,0.0,0.0,0.011764705882352941,0.0,0.012745098039215686,0.0,0.01568627450980392,0.0196078431372549,0.011764705882352941,0.0,0.0,0.0,0.01764705882352941,0.013725490196078431,0.0,0.016666666666666666,0.0,0.0,0.000980392156862745,0.0,0.014705882352941176,0.0029411764705882353,0.0,0.0,0.0,0.0196078431372549,0.0,0.0
medialorbitofrontal-lh,0.0,0.0,0.011140235910878113,0.012450851900393184,0.06666666666666667,0.0,0.011795543905635648,0.005242463958060288,0.011795543905635648,0.012450851900393184,0.0,0.011795543905635648,0.01310615989515072,0.0,0.002621231979030144,0.012450851900393184,0.0,0.009174311926605505,0.011795543905635648,0.012450851900393184,0.011795543905635648,0.011795543905635648,0.0,0.010484927916120577,0.011795543905635648,0.012450851900393184,0.00851900393184797,0.0,0.27911751856705985,0.01310615989515072,0.0,0.0,0.012450851900393184,0.0,0.012450851900393184,0.009829619921363041,0.011140235910878113,0.13333333333333333,0.012450851900393184,0.012450851900393184,0.00851900393184797,0.01310615989515072,0.011795543905635648,0.011795543905635648,0.000655307994757536,0.0,0.0,0.0,0.010484927916120577,0.0,0.012450851900393184,0.012450851900393184,0.012450851900393184,0.012450851900393184,0.009829619921363041,0.012450851900393184,0.0,0.01310615989515072,0.01310615989515072,0.0,0.0,0.012450851900393184,0.0,0.007863695937090432,0.03333333333333333,0.011795543905635648,0.011795543905635648,0.0
medialorbitofrontal-rh,0.0,0.016666666666666666,0.01078167115902965,0.031573824498352804,0.0,0.008333333333333333,0.011455525606469003,0.0047169811320754715,0.019788858939802336,0.02046271338724169,0.0,0.012803234501347708,0.026692123390236598,0.0,0.0033692722371967657,0.014907157831686134,0.0,0.00876010781671159,0.019788858939802336,0.012129380053908356,0.030899970050913446,0.02534441449535789,0.0,0.012885594489368074,0.02534441449535789,0.028796046720575022,0.028878406708595386,0.002777777777777778,0.012129380053908356,0.057247678945792156,0.0,0.0,0.012129380053908356,0.0006738544474393531,0.024588200059898174,0.009433962264150943,0.012129380053908356,0.002777777777777778,0.04824049116501947,0.013477088948787063,0.009433962264150943,0.012803234501347708,0.022566636717580114,0.011455525606469003,0.02356993111710093,0.0,0.022222222222222223,0.002777777777777778,0.03300389338125187,0.0,0.012803234501347708,0.012129380053908356,0.012129380053908356,0.03435160227613058,0.009433962264150943,0.026018268942797244,0.0,0.012803234501347708,0.05792153339323151,0.0,0.016666666666666666,0.06069931117100928,0.0,0.00876010781671159,0.0,0.017011081162024558,0.011455525606469003,0.0
middletemporal-lh,0.0,0.0,0.0,0.0,0.0,0.0,0.0,0.0,0.0,0.0,0.0,0.0,0.0,0.0,0.0,0.0,0.0,0.0,0.0,0.0,0.0,0.0,0.0,0.0,0.0,0.0,0.0,0.0,0.0,0.0,0.5,0.0,0.0,0.0,0.0,0.0,0.0,0.0,0.0,0.0,0.0,0.0,0.0,0.0,0.0,0.0,0.0,0.0,0.0,0.0,0.0,0.0,0.0,0.0,0.0,0.0,0.0,0.0,0.0,0.0,0.0,0.0,0.0,0.0,0.0,0.0,0.0,0.0
middletemporal-rh,0.0,0.2,0.0,0.0,0.0,0.0,0.0,0.0,0.0,0.0,0.0,0.0,0.0,0.0,0.0,0.0,0.0,0.0,0.0,0.0,0.0,0.0,0.0,0.0,0.0,0.0,0.0,0.0,0.0,0.0,0.0,0.3,0.0,0.0,0.0,0.0,0.0,0.0,0.0,0.0,0.0,0.0,0.0,0.0,0.0,0.0,0.0,0.0,0.0,0.0,0.0,0.0,0.0,0.0,0.0,0.0,0.0,0.0,0.0,0.0,0.0,0.0,0.0,0.0,0.0,0.0,0.0,0.0
paracentral-lh,0.05238095238095238,0.0,0.011140235910878113,0.012450851900393184,0.0,0.0,0.011795543905635648,0.005242463958060288,0.011795543905635648,0.012450851900393184,0.023809523809523808,0.011795543905635648,0.01310615989515072,0.0,0.002621231979030144,0.012450851900393184,0.0,0.01869812145041503,0.011795543905635648,0.012450851900393184,0.011795543905635648,0.011795543905635648,0.0,0.010484927916120577,0.011795543905635648,0.012450851900393184,0.00851900393184797,0.0,0.012450851900393184,0.01310615989515072,0.0,0.0,0.06959370904325032,0.02857142857142857,0.012450851900393184,0.009829619921363041,0.011140235910878113,0.0,0.012450851900393184,0.012450851900393184,0.03709043250327654,0.04643949322848405,0.011795543905635648,0.021319353429445173,0.000655307994757536,0.023809523809523808,0.0,0.0,0.010484927916120577,0.04285714285714286,0.012450851900393184,0.012450851900393184,0.012450851900393184,0.012450851900393184,0.06221057230231542,0.012450851900393184,0.05238095238095238,0.01310615989515072,0.01310615989515072,0.0,0.0,0.012450851900393184,0.03333333333333333,0.007863695937090432,0.023809523809523808,0.011795543905635648,0.04036697247706422,0.0
paracentral-rh,0.034722222222222224,0.0,0.0,0.0,0.013888888888888888,0.0,0.0,0.0,0.0,0.0,0.0,0.0,0.0,0.0,0.10144927536231885,0.0,0.0,0.0,0.0,0.0,0.0,0.0,0.0,0.0,0.0,0.0,0.014492753623188406,0.0,0.0,0.0,0.0,0.014492753623188406,0.05555555555555555,0.17844202898550726,0.0,0.0,0.007246376811594203,0.0,0.0,0.0,0.07759661835748792,0.020833333333333332,0.0,0.0,0.007246376811594203,0.04861111111111111,0.0,0.043478260869565216,0.0,0.1431159420289855,0.0,0.0,0.0,0.0,0.04861111111111111,0.0,0.0625,0.0,0.0,0.0,0.0,0.0,0.006944444444444444,0.06521739130434782,0.05555555555555555,0.0,0.0,0.0
parahippocampal-lh,0.0,0.017657992565055763,0.010548523206751054,0.02496614538400807,0.0,0.012081784386617101,0.011251758087201125,0.004219409282700422,0.02890975065225689,0.029612985532706956,0.0,0.013361462728551337,0.030316220413157027,0.00929368029739777,0.004219409282700422,0.027754249473227403,0.012081784386617101,0.008438818565400843,0.02890975065225689,0.011954992967651195,0.029839118681996665,0.029839118681996665,0.0,0.02564454483187719,0.029839118681996665,0.030542353562446736,0.025418411682587485,0.015799256505576207,0.011954992967651195,0.018234436026539926,0.0,0.0,0.011954992967651195,0.0014064697609001407,0.03194882332334688,0.024011941921687346,0.027301983174647992,0.0,0.021248673265048965,0.013361462728551337,0.010548523206751054,0.012658227848101266,0.024262910503558003,0.011251758087201125,0.01697959311718664,0.0,0.017657992565055763,0.015799256505576207,0.02448904365284771,0.0,0.012658227848101266,0.011954992967651195,0.02589551341374785,0.027754249473227403,0.009142053445850914,0.030542353562446736,0.0,0.012658227848101266,0.017078934847510444,0.0,0.016728624535315983,0.018937670906989997,0.0,0.009845288326300985,0.0,0.02798038262251711,0.011251758087201125,0.0
parahippocampal-rh,0.0,0.01503006012024048,0.013669064748201438,0.022969680367930102,0.0,0.011022044088176353,0.012949640287769784,0.007913669064748202,0.03198771644007439,0.030548867519211084,0.0,0.010071942446043165,0.026540851487146955,0.01747091304911982,0.0,0.03198771644007439,0.01903807615230461,0.01223021582733813,0.03098571243205836,0.01223021582733813,0.028981704416026294,0.028981704416026294,0.0,0.03370914490852208,0.028981704416026294,0.02826227995559464,0.018498868240077276,0.021042084168336674,0.01223021582733813,0.01351479938293854,0.0,0.0,0.01223021582733813,0.0,0.028827439050763397,0.03499372846412249,0.02839059413791612,0.0,0.018242239875434323,0.01079136690647482,0.006474820143884892,0.011510791366906475,0.02325225991551448,0.01223021582733813,0.012024048096192385,0.0,0.01503006012024048,0.02004008016032064,0.021813410994651172,0.0,0.01079136690647482,0.011510791366906475,0.03399172445610646,0.025256267931546547,0.012949640287769784,0.02826227995559464,0.0,0.011510791366906475,0.011510791366906475,0.0,0.014028056112224449,0.012795374922506885,0.0,0.0057553956834532375,0.0,0.03198771644007439,0.012949640287769784,0.0
parsopercularis-lh,0.0,0.015317286652078774,0.01018808777429467,0.021602313026896143,0.0,0.010940919037199124,0.0109717868338558,0.003134796238244514,0.030665441100814227,0.03144914016037535,0.0,0.013322884012539185,0.02785647160505683,0.014223194748358862,0.0054858934169279,0.03144914016037535,0.0175054704595186,0.007836990595611285,0.02957134919709431,0.011755485893416929,0.027383165389654483,0.027383165389654483,0.0,0.030192134885411878,0.027383165389654483,0.028166864449215616,0.024574195893897095,0.020787746170678335,0.011755485893416929,0.01363327685669797,0.0,0.0,0.011755485893416929,0.0023510971786833857,0.031922446375777694,0.02940843582585075,0.033800237339058736,0.0,0.01722594541201649,0.013322884012539185,0.012539184952978056,0.012539184952978056,0.021912705871054924,0.0109717868338558,0.014386108119602423,0.0,0.015317286652078774,0.020787746170678335,0.021129006811493795,0.0007836990595611285,0.012539184952978056,0.011755485893416929,0.03144914016037535,0.02488458873805588,0.008620689655172414,0.028166864449215616,0.0,0.012539184952978056,0.013322884012539185,0.0,0.014223194748358862,0.014416975916259098,0.0,0.011755485893416929,0.0,0.030665441100814227,0.0109717868338558,0.0
parsopercularis-rh,0.056338028169014086,0.0,0.0,0.0,0.0,0.035211267605633804,0.0,0.0,0.0,0.0,0.0,0.0,0.0,0.0,0.0,0.0,0.035211267605633804,0.0,0.0,0.0,0.0,0.0,0.0,0.0,0.0,0.0,0.0,0.0,0.17647058823529413,0.0,0.0,0.0,0.0,0.0,0.0,0.0,0.0,0.328086164043082,0.0,0.0,0.0,0.0,0.0,0.0,0.0,0.02112676056338028,0.04929577464788732,0.0,0.0,0.0,0.0,0.0,0.0,0.0,0.0,0.0,0.06338028169014084,0.0,0.0,0.028169014084507043,0.035211267605633804,0.058823529411764705,0.0,0.0,0.04225352112676056,0.0,0.0,0.07042253521126761
parsorbitalis-lh,0.0,0.017361111111111112,0.011140235910878113,0.031548074122615406,0.0,0.012152777777777778,0.011795543905635648,0.005242463958060288,0.023948321683413425,0.024603629678170962,0.0,0.011795543905635648,0.02873115989515072,0.0,0.002621231979030144,0.021131407455948742,0.001736111111111111,0.009174311926605505,0.023948321683413425,0.012450851900393184,0.030892766127857872,0.02742054390563565,0.0,0.019165483471676133,0.02742054390563565,0.029811963011504294,0.027616226154070195,0.008680555555555556,0.012450851900393184,0.03914782656181739,0.0,0.0,0.012450851900393184,0.0,0.02633974078928207,0.016774064365807487,0.016348569244211446,0.0,0.04196474078928207,0.012450851900393184,0.00851900393184797,0.01310615989515072,0.025684432794524537,0.011795543905635648,0.02148864132809087,0.0,0.020833333333333332,0.008680555555555556,0.03131826124945391,0.0,0.012450851900393184,0.012450851900393184,0.017659185233726518,0.03328418523372652,0.009829619921363041,0.028075851900393183,0.0,0.01310615989515072,0.035675604339595164,0.0,0.017361111111111112,0.038492518567059854,0.0,0.007863695937090432,0.0,0.022212210572302313,0.011795543905635648,0.0
parsorbitalis-rh,0.0,0.0,0.010548523206751054,0.011954992967651195,0.0,0.0,0.011251758087201125,0.004219409282700422,0.011251758087201125,0.011954992967651195,0.0,0.013361462728551337,0.012658227848101266,0.0,0.004219409282700422,0.011954992967651195,0.0,0.008438818565400843,0.011251758087201125,0.011954992967651195,0.011251758087201125,0.011251758087201125,0.0,0.009845288326300985,0.011251758087201125,0.011954992967651195,0.010548523206751054,0.0,0.011954992967651195,0.012658227848101266,0.0,0.0,0.011954992967651195,0.0014064697609001407,0.013361462728551337,0.009142053445850914,0.013361462728551337,0.0,0.011954992967651195,0.5133614627285513,0.010548523206751054,0.012658227848101266,0.011251758087201125,0.011251758087201125,0.002109704641350211,0.0,0.0,0.0,0.010548523206751054,0.0,0.012658227848101266,0.011954992967651195,0.011954992967651195,0.011954992967651195,0.009142053445850914,0.011954992967651195,0.0,0.012658227848101266,0.013361462728551337,0.0,0.0,0.013361462728551337,0.0,0.009845288326300985,0.0,0.011251758087201125,0.011251758087201125,0.0
parstriangularis-lh,0.04310344827586207,0.0,0.009183673469387756,0.011224489795918367,0.0,0.0,0.01020408163265306,0.0,0.01020408163265306,0.011224489795918367,0.0,0.013265306122448979,0.012244897959183673,0.0,0.01020408163265306,0.011224489795918367,0.0,0.006122448979591836,0.01020408163265306,0.011224489795918367,0.01020408163265306,0.01020408163265306,0.0,0.00816326530612245,0.01020408163265306,0.011224489795918367,0.015306122448979591,0.0,0.011224489795918367,0.012244897959183673,0.0,0.0,0.07156931738212527,0.057846586910626316,0.013265306122448979,0.007142857142857143,0.014285714285714285,0.0,0.011224489795918367,0.013265306122448979,0.06907107670654469,0.03810696692470091,0.01020408163265306,0.01020408163265306,0.003061224489795918,0.04310344827586207,0.0,0.0,0.009183673469387756,0.05580577058409571,0.012244897959183673,0.011224489795918367,0.011224489795918367,0.011224489795918367,0.06748768472906404,0.011224489795918367,0.0603448275862069,0.012244897959183673,0.013265306122448979,0.0,0.0,0.013265306122448979,0.008620689655172414,0.018367346938775512,0.04310344827586207,0.01020408163265306,0.01020408163265306,0.0
parstriangularis-rh,0.0625,0.0,0.01078167115902965,0.012129380053908356,0.0,0.0,0.011455525606469003,0.0047169811320754715,0.011455525606469003,0.012129380053908356,0.03571428571428571,0.012803234501347708,0.012803234501347708,0.0,0.0033692722371967657,0.012129380053908356,0.0,0.01768867924528302,0.011455525606469003,0.012129380053908356,0.011455525606469003,0.011455525606469003,0.0,0.010107816711590296,0.011455525606469003,0.012129380053908356,0.009433962264150943,0.0,0.012129380053908356,0.012803234501347708,0.0,0.0,0.07462938005390836,0.00960242587601078,0.013477088948787063,0.009433962264150943,0.012129380053908356,0.0,0.012129380053908356,0.013477088948787063,0.018362533692722373,0.06637466307277627,0.011455525606469003,0.020384097035040433,0.0013477088948787063,0.0,0.0,0.0,0.01078167115902965,0.044642857142857144,0.012803234501347708,0.012129380053908356,0.012129380053908356,0.012129380053908356,0.06300539083557952,0.012129380053908356,0.05357142857142857,0.012803234501347708,0.013477088948787063,0.0,0.0,0.013477088948787063,0.05357142857142857,0.00876010781671159,0.0,0.011455525606469003,0.056098382749326145,0.0
pericalcarine-lh,0.0,0.01837270341207349,0.011378848728246318,0.031090240225995845,0.0,0.015748031496062992,0.012048192771084338,0.00535475234270415,0.02779622426714733,0.028465568309985347,0.0,0.011378848728246318,0.031090240225995845,0.003937007874015748,0.002008032128514056,0.025840896393974848,0.007874015748031496,0.009370816599732263,0.02779622426714733,0.012717536813922356,0.03042089618315783,0.03042089618315783,0.0,0.023832864265460794,0.03042089618315783,0.031090240225995845,0.026404831926129715,0.013123359580052493,0.012717536813922356,0.02059155256195385,0.0,0.0,0.012717536813922356,0.0,0.02910856022515258,0.021851184264617525,0.021208192349450296,0.0,0.025840896393974848,0.012048192771084338,0.008032128514056224,0.012717536813922356,0.02910856022515258,0.012048192771084338,0.01837270341207349,0.0,0.01837270341207349,0.013123359580052493,0.029082208097481792,0.0,0.012048192771084338,0.012717536813922356,0.02321622447796435,0.031090240225995845,0.010040160642570281,0.031090240225995845,0.0,0.012717536813922356,0.017966880645943352,0.0,0.01837270341207349,0.019922208519115834,0.0,0.007362784471218206,0.0,0.02648388830914208,0.012048192771084338,0.0
pericalcarine-rh,0.011363636363636364,0.0,0.011378848728246318,0.012717536813922356,0.0,0.0,0.012048192771084338,0.00535475234270415,0.012048192771084338,0.012717536813922356,0.056818181818181816,0.011378848728246318,0.012717536813922356,0.0,0.002008032128514056,0.012717536813922356,0.0,0.11164354387245955,0.012048192771084338,0.012717536813922356,0.012048192771084338,0.012048192771084338,0.0,0.0107095046854083,0.012048192771084338,0.012717536813922356,0.008032128514056224,0.0,0.012717536813922356,0.012717536813922356,0.0,0.0,0.012717536813922356,0.0,0.012048192771084338,0.010040160642570281,0.0107095046854083,0.0,0.012717536813922356,0.012048192771084338,0.008032128514056224,0.012717536813922356,0.012048192771084338,0.11432092004381161,0.0,0.0,0.0,0.0,0.0107095046854083,0.0,0.012048192771084338,0.012717536813922356,0.012717536813922356,0.012717536813922356,0.010040160642570281,0.012717536813922356,0.0,0.11499026408664964,0.012717536813922356,0.0,0.0,0.012048192771084338,0.06818181818181818,0.007362784471218206,0.0,0.012048192771084338,0.06886637458926616,0.0
postcentral-lh,0.0,0.017897091722595078,0.0,0.017897091722595078,0.0,0.0145413870246085,0.0,0.0,0.0145413870246085,0.0145413870246085,0.0,0.02,0.016778523489932886,0.0044742729306487695,0.06,0.012304250559284116,0.007829977628635347,0.0,0.0145413870246085,0.0,0.01901565995525727,0.016778523489932886,0.0,0.012304250559284116,0.016778523489932886,0.017897091722595078,0.07901565995525726,0.012304250559284116,0.0,0.011185682326621925,0.0,0.0,0.0,0.06,0.0356599552572707,0.011185682326621925,0.05006711409395973,0.0,0.015659955257270694,0.02,0.06,0.0,0.015659955257270694,0.0,0.06013422818791946,0.0,0.020134228187919462,0.012304250559284116,0.020134228187919462,0.02,0.0,0.0,0.010067114093959731,0.020134228187919462,0.0,0.016778523489932886,0.0,0.0,0.02894854586129754,0.0,0.017897091722595078,0.031185682326621923,0.0,0.06,0.0,0.013422818791946308,0.0,0.0
postcentral-rh,0.055087719298245616,0.0,0.0,0.0,0.0,0.0,0.0,0.0,0.0,0.0,0.0,0.0,0.0,0.0,0.0,0.0,0.07,0.0,0.0,0.0,0.0,0.0,0.0,0.0,0.0,0.0,0.0,0.0,0.0,0.0,0.0,0.0,0.06140350877192982,0.06140350877192982,0.0,0.0,0.0,0.05,0.0,0.0,0.06140350877192982,0.017543859649122806,0.0,0.0,0.0,0.11263157894736842,0.01,0.0,0.0,0.043859649122807015,0.0,0.0,0.0,0.0,0.05263157894736842,0.0,0.10140350877192983,0.0,0.0,0.07,0.07,0.0,0.0,0.0,0.12263157894736842,0.0,0.0,0.04
posteriorcingulate-lh,0.07291666666666667,0.01826923076923077,0.0,0.015384615384615385,0.0,0.10625,0.0,0.0,0.015384615384615385,0.015384615384615385,0.03125,0.0,0.01730769230769231,0.006730769230769231,0.0,0.013461538461538462,0.02003205128205128,0.0,0.015384615384615385,0.0,0.019230769230769232,0.01730769230769231,0.0,0.013461538461538462,0.01730769230769231,0.01826923076923077,0.01730769230769231,0.013461538461538462,0.0,0.009615384615384616,0.0,0.0,0.0,0.0,0.016346153846153847,0.0125,0.011538461538461539,0.052083333333333336,0.013461538461538462,0.0,0.0,0.0,0.013461538461538462,0.0,0.01826923076923077,0.0,0.11394230769230769,0.013461538461538462,0.01730769230769231,0.0,0.0,0.0,0.011538461538461539,0.019230769230769232,0.0,0.01730769230769231,0.052083333333333336,0.0,0.007692307692307693,0.0,0.028685897435897438,0.009615384615384616,0.0,0.0,0.020833333333333332,0.014423076923076924,0.0,0.0625
posteriorcingulate-rh,0.0,0.01593625498007968,0.0,0.010956175298804782,0.0,0.01195219123505976,0.0,0.0,0.0199203187250996,0.0199203187250996,0.0,0.0,0.01593625498007968,0.01195219123505976,0.07894736842105263,0.018924302788844622,0.014940239043824702,0.0,0.018924302788844622,0.0,0.01693227091633466,0.01693227091633466,0.0,0.018924302788844622,0.01693227091633466,0.01693227091633466,0.012948207171314742,0.018924302788844622,0.0,0.00298804780876494,0.0,0.05263157894736842,0.0,0.13157894736842105,0.018924302788844622,0.017928286852589643,0.01693227091633466,0.0,0.0069721115537848604,0.0,0.0,0.0,0.01195219123505976,0.0,0.012948207171314742,0.0,0.01593625498007968,0.15050325015726568,0.01195219123505976,0.10526315789473684,0.0,0.0,0.01693227091633466,0.013944223107569721,0.0,0.01693227091633466,0.0,0.0,0.00099601593625498,0.0,0.014940239043824702,0.00298804780876494,0.0,0.0,0.0,0.0199203187250996,0.0,0.0
precentral-lh,0.0,0.017942583732057416,0.011556240369799691,0.03146541237531425,0.0,0.014354066985645933,0.012326656394453005,0.004622496147919877,0.02668072338009894,0.02668072338009894,0.0,0.012326656394453005,0.029073067877706596,0.0035885167464114833,0.0015408320493066256,0.02428837888249128,0.007177033492822967,0.009244992295839754,0.02668072338009894,0.012326656394453005,0.03146541237531425,0.029073067877706596,0.0,0.022747546833184657,0.029073067877706596,0.030269240126510423,0.027613332252047686,0.011961722488038277,0.012326656394453005,0.02428837888249128,0.0,0.0,0.012326656394453005,0.0,0.027876895628902765,0.020780958559727516,0.021125618360230313,0.0,0.029073067877706596,0.012326656394453005,0.00847457627118644,0.012326656394453005,0.027876895628902765,0.012326656394453005,0.02033492822966507,0.0,0.02033492822966507,0.011961722488038277,0.03189116859946476,0.0,0.012326656394453005,0.012326656394453005,0.021896034384883627,0.03266158462411808,0.010015408320493066,0.029073067877706596,0.0,0.012326656394453005,0.021896034384883627,0.0,0.017942583732057416,0.02428837888249128,0.0,0.007704160246533128,0.0,0.025484551131295108,0.012326656394453005,0.0
precentral-rh,0.05844155844155844,0.0,0.0,0.0,0.0,0.0,0.0,0.0,0.0,0.0,0.01948051948051948,0.0,0.0,0.0,0.10909090909090909,0.0,0.0,0.0,0.0,0.0,0.0,0.0,0.0,0.0,0.0,0.0,0.0,0.0,0.0,0.0,0.0,0.00909090909090909,0.05844155844155844,0.15324675324675324,0.0,0.0,0.0,0.0,0.0,0.0,0.04415584415584416,0.045454545454545456,0.0,0.0,0.0,0.01948051948051948,0.0,0.05454545454545454,0.0,0.17012987012987013,0.0,0.0,0.0,0.0,0.05844155844155844,0.0,0.05844155844155844,0.0,0.0,0.0,0.0,0.0,0.032467532467532464,0.06363636363636363,0.01948051948051948,0.0,0.025974025974025976,0.0
precuneus-lh,0.0,0.0,0.01065340909090909,0.012073863636363636,0.0,0.0,0.011363636363636364,0.004261363636363636,0.011363636363636364,0.012073863636363636,0.0,0.013494318181818182,0.01278409090909091,0.0,0.0035511363636363635,0.012073863636363636,0.0,0.008522727272727272,0.011363636363636364,0.012073863636363636,0.011363636363636364,0.011363636363636364,0.0,0.009943181818181818,0.011363636363636364,0.012073863636363636,0.009943181818181818,0.0,0.012073863636363636,0.01278409090909091,0.0,0.0,0.012073863636363636,0.0007102272727272727,0.013494318181818182,0.009232954545454546,0.01278409090909091,0.0,0.012073863636363636,0.013494318181818182,0.009943181818181818,0.01278409090909091,0.011363636363636364,0.011363636363636364,0.0014204545454545455,0.0,0.0,0.0,0.01065340909090909,0.0,0.01278409090909091,0.012073863636363636,0.012073863636363636,0.012073863636363636,0.009232954545454546,0.012073863636363636,0.0,0.01278409090909091,0.013494318181818182,0.0,0.0,0.013494318181818182,0.0,0.009232954545454546,0.0,0.011363636363636364,0.011363636363636364,0.0
precuneus-rh,0.0,0.0,0.010958904109589041,0.012328767123287671,0.0,0.0,0.011643835616438357,0.004794520547945206,0.011643835616438357,0.012328767123287671,0.0,0.012328767123287671,0.013013698630136987,0.0,0.0027397260273972603,0.012328767123287671,0.0,0.008904109589041096,0.011643835616438357,0.012328767123287671,0.011643835616438357,0.011643835616438357,0.0,0.010273972602739725,0.011643835616438357,0.012328767123287671,0.008904109589041096,0.0,0.012328767123287671,0.013013698630136987,0.0,0.0,0.012328767123287671,0.0,0.013013698630136987,0.009589041095890411,0.011643835616438357,0.0,0.012328767123287671,0.013013698630136987,0.008904109589041096,0.013013698630136987,0.011643835616438357,0.011643835616438357,0.0006849315068493151,0.0,0.0,0.0,0.010958904109589041,0.0,0.013013698630136987,0.012328767123287671,0.012328767123287671,0.012328767123287671,0.009589041095890411,0.012328767123287671,0.0,0.013013698630136987,0.013013698630136987,0.0,0.0,0.013013698630136987,0.0,0.00821917808219178,0.0,0.011643835616438357,0.011643835616438357,0.0
rostralanteriorcingulate-lh,0.0,0.014705882352941176,0.011406844106463879,0.022128052742009352,0.0,0.01050420168067227,0.012040557667934094,0.005703422053231939,0.030948120693144177,0.030948120693144177,0.0,0.011406844106463879,0.027380153582345485,0.018907563025210083,0.0025348542458808617,0.03158183425461439,0.01995798319327731,0.009505703422053232,0.02989770052507695,0.012674271229404309,0.027796860188942497,0.027796860188942497,0.0,0.030731113738270973,0.027796860188942497,0.028430573750412712,0.019792898147852296,0.02100840336134454,0.012674271229404309,0.013724691397471536,0.0,0.0,0.012674271229404309,0.0,0.02989770052507695,0.034299080849069664,0.030731113738270973,0.0,0.017926372069740446,0.012040557667934094,0.008238276299112801,0.012674271229404309,0.022544759348606364,0.012040557667934094,0.012188335410209711,0.0,0.014705882352941176,0.01995798319327731,0.020643618664195715,0.0,0.012040557667934094,0.012040557667934094,0.03683393509495053,0.025279313246211032,0.010139416983523447,0.028430573750412712,0.0,0.012674271229404309,0.012674271229404309,0.0,0.01365546218487395,0.01309097783600132,0.0,0.0076045627376425855,0.0,0.030948120693144177,0.012040557667934094,0.0
rostralanteriorcingulate-rh,0.0,0.017970401691331923,0.011140235910878113,0.02936417113929382,0.0,0.013742071881606765,0.011795543905635648,0.005242463958060288,0.026594698239673704,0.02725000623443124,0.0,0.011795543905635648,0.030019479134051355,0.005285412262156448,0.002621231979030144,0.02513584132956866,0.008456659619450317,0.009174311926605505,0.026594698239673704,0.012450851900393184,0.030823028049398862,0.028708863144536283,0.0,0.023169917345296054,0.028708863144536283,0.03042125359172511,0.027546488075611185,0.012684989429175475,0.012450851900393184,0.023676984419463615,0.0,0.0,0.012450851900393184,0.0,0.028307088686862526,0.021457526898107225,0.02171106043519101,0.0,0.02725000623443124,0.012450851900393184,0.00851900393184797,0.01310615989515072,0.026594698239673704,0.011795543905635648,0.02073987459095204,0.0,0.0200845665961945,0.012684989429175475,0.02951241205988379,0.0,0.012450851900393184,0.012450851900393184,0.02302167642470608,0.032535418496587684,0.009829619921363041,0.02936417113929382,0.0,0.01310615989515072,0.02156281951460104,0.0,0.017970401691331923,0.02302167642470608,0.0,0.007863695937090432,0.0,0.025537615787242413,0.011795543905635648,0.0
rostralmiddlefrontal-lh,0.05434782608695652,0.0,0.014245014245014245,0.01282051282051282,0.0,0.0,0.01282051282051282,0.008547008547008548,0.01282051282051282,0.011396011396011397,0.021739130434782608,0.009971509971509971,0.011396011396011397,0.002136752136752137,0.0,0.01282051282051282,0.0,0.018255295429208472,0.01282051282051282,0.012108262108262107,0.01282051282051282,0.01282051282051282,0.0,0.014245014245014245,0.01282051282051282,0.012108262108262107,0.00641025641025641,0.0,0.012108262108262107,0.011396011396011397,0.0,0.0,0.07189087080391428,0.02717391304347826,0.010683760683760684,0.013532763532763533,0.009259259259259259,0.0,0.012108262108262107,0.010683760683760684,0.03358416945373467,0.04943948965688096,0.012108262108262107,0.017543044716957758,0.0,0.021739130434782608,0.0,0.0,0.010683760683760684,0.04891304347826087,0.010683760683760684,0.011396011396011397,0.01282051282051282,0.012108262108262107,0.06788058961972006,0.012108262108262107,0.05434782608695652,0.011396011396011397,0.011396011396011397,0.0,0.0,0.010683760683760684,0.03260869565217391,0.005698005698005698,0.021739130434782608,0.01282051282051282,0.03999442586399108,0.0
rostralmiddlefrontal-rh,0.0,0.019267822736030827,0.011140235910878113,0.026901718952416304,0.0,0.012524084778420038,0.011795543905635648,0.005242463958060288,0.028173193231261853,0.02882850122601939,0.0,0.011795543905635648,0.03141059149438001,0.007707129094412331,0.002621231979030144,0.026901718952416304,0.010597302504816955,0.009174311926605505,0.028173193231261853,0.012450851900393184,0.031063366641666475,0.030099975504864936,0.0,0.024935794968143698,0.030099975504864936,0.03171867463642401,0.02489665325747417,0.014450867052023121,0.012450851900393184,0.01984989785276151,0.0,0.0,0.012450851900393184,0.0,0.029791892362820926,0.02331709583658462,0.02366432068929815,0.0,0.023048154405210138,0.012450851900393184,0.00851900393184797,0.01310615989515072,0.025283019820857226,0.011795543905635648,0.01703295732038374,0.0,0.019267822736030827,0.014450867052023121,0.025899186104945238,0.0,0.012450851900393184,0.012450851900393184,0.024974936678813224,0.029791892362820926,0.009829619921363041,0.03075528349962247,0.0,0.01310615989515072,0.017923115579158426,0.0,0.018304431599229287,0.019194589858003975,0.0,0.007863695937090432,0.0,0.027209802094460313,0.011795543905635648,0.0
superiorfrontal-lh,0.1111111111111111,0.0,0.0,0.0,0.0,0.03968253968253968,0.0,0.0,0.0,0.0,0.01904761904761905,0.0,0.0,0.0,0.0,0.0,0.031746031746031744,0.004761904761904762,0.0,0.0,0.0,0.0,0.0,0.0,0.0,0.0,0.0,0.0,0.0,0.0,0.0,0.0,0.06190476190476191,0.03333333333333333,0.0,0.0,0.0,0.06349206349206349,0.0,0.0,0.03333333333333333,0.03333333333333333,0.0,0.004761904761904762,0.0,0.04444444444444444,0.05555555555555555,0.0,0.0,0.04285714285714286,0.0,0.0,0.0,0.0,0.05238095238095238,0.0,0.12063492063492062,0.0,0.0,0.023809523809523808,0.031746031746031744,0.0,0.02857142857142857,0.0,0.06825396825396825,0.0,0.023809523809523808,0.07142857142857142
superiorfrontal-rh,0.0,0.0,0.01078167115902965,0.012129380053908356,0.0,0.0,0.011455525606469003,0.0047169811320754715,0.011455525606469003,0.012129380053908356,0.046875,0.012803234501347708,0.012803234501347708,0.0,0.0033692722371967657,0.012129380053908356,0.0,0.11813510781671159,0.011455525606469003,0.012129380053908356,0.011455525606469003,0.011455525606469003,0.0,0.010107816711590296,0.011455525606469003,0.012129380053908356,0.009433962264150943,0.0,0.012129380053908356,0.012803234501347708,0.0,0.0,0.012129380053908356,0.0006738544474393531,0.013477088948787063,0.009433962264150943,0.012129380053908356,0.0,0.012129380053908356,0.013477088948787063,0.009433962264150943,0.012803234501347708,0.011455525606469003,0.12083052560646901,0.0013477088948787063,0.0,0.0,0.0,0.01078167115902965,0.0,0.012803234501347708,0.012129380053908356,0.012129380053908356,0.012129380053908356,0.009433962264150943,0.012129380053908356,0.0,0.1378032345013477,0.013477088948787063,0.0,0.0,0.013477088948787063,0.0625,0.00876010781671159,0.0,0.011455525606469003,0.058330525606469,0.0
superiorparietal-lh,0.0,0.015503875968992248,0.010680907877169559,0.03139586632305606,0.0,0.003875968992248062,0.011348464619492658,0.004672897196261682,0.01522443361174072,0.015891990354063815,0.0,0.012683578104138851,0.024311485080883037,0.0,0.004005340453938585,0.012016021361815754,0.0,0.008678237650200267,0.01522443361174072,0.012016021361815754,0.030728309580732967,0.022976371596236844,0.0,0.010013351134846462,0.022976371596236844,0.027519897330808,0.029393196096086774,0.0,0.012016021361815754,0.06694714399561172,0.0,0.0,0.012016021361815754,0.0013351134846461949,0.021103072830958074,0.009345794392523364,0.012683578104138851,0.007751937984496124,0.054651680276544434,0.01335113484646195,0.010013351134846462,0.012683578104138851,0.01910040260398878,0.011348464619492658,0.025258484180457664,0.0,0.023255813953488372,0.0,0.033936721830657934,0.0,0.012683578104138851,0.012016021361815754,0.012016021361815754,0.035271835315304124,0.009345794392523364,0.02364392833855994,0.0,0.012683578104138851,0.07149066973018288,0.0,0.015503875968992248,0.07536663872243093,0.0,0.009345794392523364,0.0,0.011348464619492658,0.011348464619492658,0.0
superiorparietal-rh,0.022388059701492536,0.022388059701492536,0.0,0.0,0.0,0.0,0.0,0.0,0.0,0.0,0.0,0.0,0.0,0.0,0.0,0.0,0.06716417910447761,0.0,0.0,0.0,0.0,0.0,0.0,0.0,0.0,0.0,0.0,0.0,0.0,0.0,0.0,0.0,0.0,0.0,0.0,0.0,0.0,0.04477611940298507,0.0,0.0,0.0,0.0,0.0,0.0,0.0,0.05223880597014925,0.014925373134328358,0.0,0.0,0.0,0.0,0.0,0.0,0.0,0.0,0.0,0.03731343283582089,0.0,0.0,0.07462686567164178,0.05970149253731343,0.0,0.0,0.0,0.06716417910447761,0.0,0.0,0.03731343283582089
superiortemporal-lh,0.03333333333333333,0.018556701030927835,0.0,0.016494845360824743,0.0,0.021735395189003436,0.0,0.0,0.015463917525773196,0.015463917525773196,0.0,0.0,0.01752577319587629,0.006185567010309278,0.0,0.013402061855670102,0.06761168384879725,0.0,0.015463917525773196,0.0,0.01958762886597938,0.01752577319587629,0.0,0.013402061855670102,0.01752577319587629,0.018556701030927835,0.018556701030927835,0.013402061855670102,0.0,0.008247422680412371,0.0,0.0,0.0,0.0,0.016494845360824743,0.012371134020618556,0.01134020618556701,0.058333333333333334,0.012371134020618556,0.0,0.0,0.0,0.01443298969072165,0.0,0.018556701030927835,0.041666666666666664,0.04458762886597938,0.013402061855670102,0.01752577319587629,0.0,0.0,0.0,0.01134020618556701,0.01958762886597938,0.0,0.01752577319587629,0.05,0.0,0.006185567010309278,0.05,0.07689003436426117,0.008247422680412371,0.0,0.0,0.06666666666666667,0.01443298969072165,0.0,0.05
superiortemporal-rh,0.0,0.016216216216216217,0.010548523206751054,0.030873911886570113,0.0,0.008108108108108109,0.011251758087201125,0.004219409282700422,0.019359866195309234,0.0200631010757593,0.0,0.013361462728551337,0.026171741361614778,0.0,0.004219409282700422,0.014657695670353897,0.0,0.008438818565400843,0.019359866195309234,0.011954992967651195,0.030170677006120045,0.02476527160071464,0.0,0.012547991029003688,0.02476527160071464,0.02817120918386741,0.029467442125669974,0.002702702702702703,0.011954992967651195,0.05590147109134451,0.0,0.0,0.011954992967651195,0.0014064697609001407,0.024172273539362146,0.009142053445850914,0.013361462728551337,0.010810810810810811,0.04709012810278633,0.013361462728551337,0.010548523206751054,0.012658227848101266,0.022062568898011937,0.011251758087201125,0.023731326262971832,0.0,0.021621621621621623,0.002702702702702703,0.032170144828372674,0.0,0.012658227848101266,0.011954992967651195,0.011954992967651195,0.033576614589272816,0.009142053445850914,0.025468506481164707,0.0,0.012658227848101266,0.05660470597179458,0.0,0.016216216216216217,0.06471281407990269,0.0,0.009845288326300985,0.0,0.01665716349260653,0.011251758087201125,0.0
supramarginal-lh,0.038461538461538464,0.0,0.0,0.0,0.0,0.0,0.0,0.0,0.0,0.0,0.057692307692307696,0.0,0.0,0.0,0.0,0.0,0.0,0.05128205128205128,0.0,0.0,0.0,0.0,0.0,0.0,0.0,0.0,0.0,0.0,0.0,0.0,0.0,0.0,0.03205128205128205,0.0,0.0,0.0,0.0,0.0,0.0,0.0,0.0,0.02564102564102564,0.0,0.05128205128205128,0.0,0.0,0.0,0.0,0.0,0.019230769230769232,0.0,0.0,0.0,0.0,0.02564102564102564,0.0,0.02564102564102564,0.038461538461538464,0.0,0.0,0.0,0.0,0.07051282051282051,0.0,0.0,0.0,0.0641025641025641,0.0
supramarginal-rh,0.0,0.0,0.008565310492505354,0.010706638115631691,0.0,0.0,0.009635974304068522,0.0,0.009635974304068522,0.010706638115631691,0.0,0.01284796573875803,0.011777301927194861,0.0,0.016059957173447537,0.010706638115631691,0.0,0.0053533190578158455,0.009635974304068522,0.010706638115631691,0.009635974304068522,0.009635974304068522,0.0,0.007494646680942184,0.009635974304068522,0.010706638115631691,0.014989293361884369,0.0,0.010706638115631691,0.011777301927194861,0.0,0.0,0.010706638115631691,0.011777301927194861,0.01284796573875803,0.006423982869379015,0.013918629550321198,0.0,0.010706638115631691,0.01284796573875803,0.017130620985010708,0.011777301927194861,0.009635974304068522,0.009635974304068522,0.0032119914346895075,0.0,0.0,0.0,0.008565310492505354,0.009635974304068522,0.011777301927194861,0.010706638115631691,0.010706638115631691,0.010706638115631691,0.006423982869379015,0.010706638115631691,0.0,0.011777301927194861,0.01284796573875803,0.0,0.0,0.01284796573875803,0.0,0.022483940042826552,0.0,0.009635974304068522,0.009635974304068522,0.0
temporalpole-lh,0.06462303231151616,0.0,0.0,0.0,0.022058823529411766,0.014084507042253521,0.0,0.0,0.0,0.0,0.0,0.0,0.0,0.0,0.0,0.0,0.056338028169014086,0.0,0.0,0.0,0.0,0.0,0.0,0.0,0.0,0.0,0.0,0.0,0.0,0.0,0.0,0.0,0.051470588235294115,0.07352941176470588,0.0,0.0,0.0,0.056338028169014086,0.0,0.0,0.051470588235294115,0.014705882352941176,0.0,0.0,0.0,0.09372410936205468,0.028169014084507043,0.0,0.0,0.03676470588235294,0.0,0.0,0.0,0.0,0.04411764705882353,0.0,0.10811930405965203,0.0,0.0,0.04929577464788732,0.056338028169014086,0.0,0.0,0.0,0.12955675227837615,0.0,0.0,0.04929577464788732
temporalpole-rh,0.0,0.016536964980544747,0.01164294954721863,0.02460976235899346,0.0,0.01264591439688716,0.012289780077619664,0.005821474773609315,0.0317450329959076,0.0317450329959076,0.0,0.010996119016817595,0.02882674505816441,0.010700389105058366,0.0019404915912031048,0.03044633823447984,0.013618677042801557,0.009702457956015523,0.0317450329959076,0.0129366106080207,0.02979950770407881,0.02979950770407881,0.0,0.02850584664327674,0.02979950770407881,0.03044633823447984,0.021380643407613975,0.017509727626459144,0.0129366106080207,0.016180830661277252,0.0,0.0,0.0129366106080207,0.0,0.03109820246550657,0.02688625346696131,0.02591349082104691,0.0,0.020718711775335873,0.01164294954721863,0.007761966364812419,0.012289780077619664,0.024935694474506824,0.012289780077619664,0.013618677042801557,0.0,0.016536964980544747,0.017509727626459144,0.02299520288330372,0.0,0.01164294954721863,0.012289780077619664,0.028500812942651048,0.027528050296736654,0.01034928848641656,0.03044633823447984,0.0,0.012289780077619664,0.014235305369448458,0.0,0.01556420233463035,0.015534000130876217,0.0,0.0071151358344113845,0.0,0.030772270349993205,0.012289780077619664,0.0
transversetemporal-lh,0.03731343283582089,0.0,0.01164294954721863,0.0129366106080207,0.0,0.0,0.012289780077619664,0.005821474773609315,0.012289780077619664,0.012289780077619664,0.06716417910447761,0.010996119016817595,0.012289780077619664,0.0,0.0019404915912031048,0.0129366106080207,0.0,0.06194126392616477,0.012289780077619664,0.0129366106080207,0.012289780077619664,0.012289780077619664,0.0,0.010996119016817595,0.012289780077619664,0.0129366106080207,0.007761966364812419,0.0,0.0129366106080207,0.012289780077619664,0.0,0.0,0.04278735687667742,0.0,0.01164294954721863,0.01034928848641656,0.01034928848641656,0.0,0.0129366106080207,0.01164294954721863,0.007761966364812419,0.0346778397791122,0.012289780077619664,0.06452858604776891,0.0,0.0,0.0,0.0,0.01034928848641656,0.014925373134328358,0.01164294954721863,0.012289780077619664,0.0129366106080207,0.0129366106080207,0.0327373481879091,0.0129366106080207,0.022388059701492536,0.04960321291344055,0.012289780077619664,0.0,0.0,0.01164294954721863,0.07462686567164178,0.0071151358344113845,0.0,0.012289780077619664,0.07945395918209727,0.0
transversetemporal-rh,0.06818181818181818,0.0,0.0,0.0,0.0,0.045454545454545456,0.0,0.0,0.0,0.0,0.0,0.0,0.0,0.0,0.0,0.0,0.030303030303030304,0.0,0.0,0.0,0.0,0.0,0.0,0.0,0.0,0.0,0.0,0.0,0.0,0.0,0.0,0.0,0.0,0.0,0.0,0.0,0.0,0.06060606060606061,0.0,0.0,0.0,0.0,0.0,0.0,0.0,0.015151515151515152,0.06060606060606061,0.0,0.0,0.0,0.0,0.0,0.0,0.0,0.0,0.0,0.06060606060606061,0.0,0.0,0.022727272727272728,0.030303030303030304,0.0,0.0,0.0,0.03787878787878788,0.0,0.0,0.06818181818181818
