,bankssts-lh,bankssts-rh,caudalanteriorcingulate-lh,caudalanteriorcingulate-rh,caudalmiddlefrontal-lh,caudalmiddlefrontal-rh,cuneus-lh,cuneus-rh,entorhinal-lh,entorhinal-rh,frontalpole-lh,frontalpole-rh,fusiform-lh,fusiform-rh,inferiorparietal-lh,inferiorparietal-rh,inferiortemporal-lh,inferiortemporal-rh,insula-lh,insula-rh,isthmuscingulate-lh,isthmuscingulate-rh,lateraloccipital-lh,lateraloccipital-rh,lateralorbitofrontal-lh,lateralorbitofrontal-rh,lingual-lh,lingual-rh,medialorbitofrontal-lh,medialorbitofrontal-rh,middletemporal-lh,middletemporal-rh,paracentral-lh,paracentral-rh,parahippocampal-lh,parahippocampal-rh,parsopercularis-lh,parsopercularis-rh,parsorbitalis-lh,parsorbitalis-rh,parstriangularis-lh,parstriangularis-rh,pericalcarine-lh,pericalcarine-rh,postcentral-lh,postcentral-rh,posteriorcingulate-lh,posteriorcingulate-rh,precentral-lh,precentral-rh,precuneus-lh,precuneus-rh,rostralanteriorcingulate-lh,rostralanteriorcingulate-rh,rostralmiddlefrontal-lh,rostralmiddlefrontal-rh,superiorfrontal-lh,superiorfrontal-rh,superiorparietal-lh,superiorparietal-rh,superiortemporal-lh,superiortemporal-rh,supramarginal-lh,supramarginal-rh,temporalpole-lh,temporalpole-rh,transversetemporal-lh,transversetemporal-rh
bankssts-lh,0.0667779632721202,0.0,0.06844741235392321,0.06844741235392321,0.0,0.0,0.0,0.0,0.0,0.0,0.0,0.06844741235392321,0.0,0.0,0.0,0.0,0.0,0.0,0.0,0.06844741235392321,0.0,0.0,0.0,0.0,0.0,0.06844741235392321,0.0,0.0,0.0,0.0,0.0,0.06844741235392321,0.0,0.0,0.0,0.06844741235392321,0.0,0.0,0.0,0.06844741235392321,0.0,0.06844741235392321,0.0,0.0,0.0,0.0,0.0,0.0,0.0,0.0,0.0,0.0,0.06844741235392321,0.06176961602671119,0.0,0.06844741235392321,0.0,0.0,0.05008347245409015,0.0,0.0,0.0,0.0,0.0,0.0,0.0,0.0,0.06844741235392321
bankssts-rh,0.0,0.0,0.0,0.0,0.0,0.0,0.0,0.0,0.0,0.0,0.0,0.0,0.0,0.0,0.0,0.0,0.0,0.0,0.0,0.0,0.0,0.0,0.0,0.0,0.0,0.0,0.0,0.0,0.0,0.0,0.0,0.0,0.0,0.0,0.0,0.0,0.0,0.0,0.0,0.0,0.0,0.0,0.0,0.0,0.0,0.0,0.0,0.0,0.0,0.0,0.0,0.0,0.0,0.0,0.0,0.0,0.0,0.0,0.0,0.0,0.0,0.0,0.0,0.0,0.0,0.0,0.0,0.0
caudalanteriorcingulate-lh,0.00703862660944206,0.0,0.05716738197424893,0.05751072961373391,0.01630901287553648,0.0,0.0,0.0,0.008412017167381974,0.0,0.025064377682403435,0.05751072961373391,0.00034334763948497857,0.03776824034334764,0.0,0.022317596566523604,0.0,0.004120171673819743,0.0,0.04446351931330472,0.010128755364806867,0.01184549356223176,0.0,0.00017167381974248928,0.0005150214592274678,0.053047210300429186,0.0,0.014420600858369098,0.03776824034334764,0.011158798283261802,0.0,0.04532188841201717,0.0,0.0,0.0,0.04669527896995708,0.010128755364806867,0.0,0.0,0.05047210300429185,0.01407725321888412,0.041201716738197426,0.0034334763948497852,0.0,0.0,0.0,0.005493562231759657,0.0,0.0,0.0,0.010300429184549357,0.003776824034334764,0.05751072961373391,0.053390557939914166,0.01390557939914163,0.05527896995708154,0.0,0.004291845493562232,0.008583690987124463,0.012532188841201717,0.01648068669527897,0.0,0.0,0.009785407725321889,0.018540772532188842,0.0,0.0,0.04171673819742489
caudalanteriorcingulate-rh,0.005899280575539568,0.0,0.04820143884892086,0.057410071942446045,0.022446043165467625,0.0,0.0,0.0018705035971223023,0.007482014388489209,0.0,0.021007194244604316,0.05453237410071943,0.0007194244604316547,0.04043165467625899,0.0,0.02748201438848921,0.0,0.011366906474820145,0.0,0.03798561151079137,0.011942446043165468,0.013381294964028777,0.0,0.0005755395683453237,0.0008633093525179857,0.05050359712230216,0.0034532374100719426,0.01553956834532374,0.0358273381294964,0.00935251798561151,0.0,0.038705035971223024,0.0,0.0,0.002158273381294964,0.0479136690647482,0.008920863309352519,0.0,0.0,0.047769784172661874,0.020575539568345323,0.039280575539568346,0.005179856115107914,0.0,0.0,0.0,0.005035971223021582,0.0,0.0,0.0,0.012086330935251799,0.0035971223021582736,0.05453237410071943,0.0539568345323741,0.015107913669064749,0.052805755395683454,0.0,0.004028776978417266,0.007913669064748202,0.010935251798561151,0.022589928057553957,0.0,0.0,0.008633093525179856,0.024316546762589927,0.0,0.0,0.035683453237410075
caudalmiddlefrontal-lh,0.0,0.0,0.013333333333333334,0.02227106227106227,0.05274725274725275,0.0,0.0,0.029010989010989013,0.0077655677655677656,0.0020512820512820513,0.00967032967032967,0.02197802197802198,0.010256410256410256,0.041025641025641026,0.0,0.04586080586080586,0.0,0.03296703296703297,0.0013186813186813187,0.002490842490842491,0.04,0.04146520146520147,0.0,0.010256410256410256,0.02564102564102564,0.01611721611721612,0.031355311355311354,0.03985347985347985,0.03457875457875458,0.006153846153846154,0.0,0.005860805860805861,0.0,0.0,0.024761904761904763,0.04586080586080586,0.0,0.0,0.0,0.01391941391941392,0.028424908424908427,0.008498168498168498,0.029743589743589743,0.005860805860805861,0.0,0.0,0.012747252747252748,0.0,0.0,0.0,0.03194139194139194,0.013626373626373627,0.02197802197802198,0.02783882783882784,0.04058608058608058,0.02271062271062271,0.010256410256410256,0.0,0.02827838827838828,0.0026373626373626374,0.04424908424908425,0.0,0.0,0.0,0.03355311355311355,0.0032234432234432234,0.0,0.005274725274725275
caudalmiddlefrontal-rh,0.0,0.0,0.0,0.0,0.0,0.0,0.0,0.0,0.0,0.0,0.0,0.0,0.0,0.0,0.0,0.0,0.0,0.0,0.0,0.0,0.0,0.0,0.0,0.0,0.0,0.0,0.0,0.0,0.0,0.0,0.0,0.0,0.0,0.0,0.0,0.0,0.0,0.0,0.0,0.0,0.0,0.0,0.0,0.0,0.0,0.0,0.0,0.0,0.0,0.0,0.0,0.0,0.0,0.0,0.0,0.0,0.0,0.0,0.0,0.0,0.0,0.0,0.0,0.0,0.0,0.0,0.0,0.0
cuneus-lh,0.0,0.0,0.0,0.0,0.0,0.0,0.0,0.0,0.0,0.0,0.0,0.0,0.0,0.0,0.0,0.0,0.0,0.0,0.0,0.0,0.0,0.0,0.0,0.0,0.0,0.0,0.0,0.0,0.0,0.0,0.0,0.0,0.0,0.0,0.0,0.0,0.0,0.0,0.0,0.0,0.0,0.0,0.0,0.0,0.0,0.0,0.0,0.0,0.0,0.0,0.0,0.0,0.0,0.0,0.0,0.0,0.0,0.0,0.0,0.0,0.0,0.0,0.0,0.0,0.0,0.0,0.0,0.0
cuneus-rh,0.0,0.0,0.0,0.0022026431718061676,0.039447336804165,0.0,0.0,0.05246295554665599,0.02382859431317581,0.016019223067681217,0.0,0.0,0.02723267921505807,0.024028834601521828,0.0,0.037444933920704845,0.0,0.02803364036844213,0.01461754104925911,0.0,0.05286343612334802,0.05286343612334802,0.0,0.02723267921505807,0.04745694833800561,0.0,0.05286343612334802,0.039647577092511016,0.025630756908289948,0.0,0.0,0.003604325190228274,0.0,0.0,0.04525430516619944,0.030837004405286344,0.0,0.0,0.0,0.0,0.010412494993992792,0.0,0.05286343612334802,0.0092110532639167,0.0,0.0,0.029835802963556268,0.0,0.0,0.0,0.02923508209851822,0.03103724469363236,0.010012014417300761,0.006007208650380457,0.034641569883860635,0.00020024028834601522,0.017420905086103323,0.006007208650380457,0.0408490188225871,0.01682018422106528,0.03724469363235883,0.0,0.003604325190228274,0.0,0.016019223067681217,0.004405286343612335,0.0,0.0006007208650380457
entorhinal-lh,0.0,0.0,0.010015710919088767,0.010604870384917517,0.010015710919088767,0.0,0.0,0.02297721916732129,0.05675569520816968,0.0204241948153967,0.004124116260801257,0.015318146111547526,0.028868813825608797,0.007069913589945012,0.0,0.01610369206598586,0.0,0.008248232521602514,0.014336213668499607,0.030636292223095052,0.028279654359780047,0.03613511390416339,0.0,0.028672427336999214,0.04477611940298507,0.026512175962293796,0.02670856245090338,0.014532600157109192,0.031421838177533384,0.0,0.0,0.03377847604084839,0.0,0.0,0.02199528672427337,0.011586802827965436,0.014139827179890024,0.0,0.0,0.026904948939512962,0.0,0.01669285153181461,0.04241948153967007,0.009033778476040848,0.007659073055773763,0.0,0.04281225451688924,0.0,0.0,0.0,0.010015710919088767,0.038295365278868815,0.03240377062058131,0.012568735271013355,0.011390416339355853,0.010408483896307934,0.013550667714061273,0.01610369206598586,0.032010997643362134,0.03161822466614297,0.01335428122545169,0.0,0.01826394344069128,0.01237234878240377,0.001767478397486253,0.0025530243519245877,0.0,0.02376276512175962
entorhinal-rh,0.0,0.0,0.0,0.001002004008016032,0.006012024048096192,0.0,0.0,0.03907815631262525,0.052104208416833664,0.051603206412825654,0.0,0.01002004008016032,0.052104208416833664,0.0,0.0,0.02154308617234469,0.0,0.001503006012024048,0.03657314629258517,0.006513026052104208,0.04158316633266533,0.045090180360721446,0.0,0.052104208416833664,0.052104208416833664,0.000501002004008016,0.047094188376753505,0.01753507014028056,0.006012024048096192,0.0,0.0,0.02154308617234469,0.0,0.0,0.03657314629258517,0.0070140280561122245,0.01002004008016032,0.0,0.0,0.0,0.0,0.0,0.052104208416833664,0.009519038076152305,0.0,0.0,0.052104208416833664,0.0,0.0,0.0,0.006012024048096192,0.052104208416833664,0.037575150300601205,0.006012024048096192,0.009519038076152305,0.0,0.01503006012024048,0.02755511022044088,0.014028056112224449,0.052104208416833664,0.014529058116232466,0.0,0.017034068136272545,0.005511022044088177,0.0,0.0,0.0,0.014028056112224449
frontalpole-lh,0.0,0.0,0.051663128096249115,0.051663128096249115,0.024062278839348902,0.0,0.0,0.0,0.006723283793347488,0.0,0.05130927105449398,0.051663128096249115,0.0,0.043170559094125975,0.0,0.022292993630573247,0.0,0.0,0.0,0.03397027600849257,0.012031139419674451,0.01556970983722576,0.0,0.0,0.0,0.05130927105449398,0.0,0.020877565463552725,0.051663128096249115,0.02300070771408351,0.0,0.04210898796886058,0.0,0.0,0.0,0.04670912951167728,0.010261854210898797,0.0,0.0,0.04847841472045294,0.017338995046001414,0.037154989384288746,0.0,0.0,0.0,0.0,0.0007077140835102619,0.0,0.0,0.0,0.012384996461429583,0.0,0.051663128096249115,0.051663128096249115,0.019815994338287332,0.051663128096249115,0.0,0.0,0.0,0.01521585279547063,0.013800424628450107,0.0,0.0,0.009554140127388535,0.019815994338287332,0.0,0.0,0.04069355980184006
frontalpole-rh,0.005655172413793103,0.0,0.046206896551724136,0.052551724137931036,0.02110344827586207,0.0,0.0,0.0,0.010206896551724139,0.0024827586206896553,0.020137931034482758,0.05862068965517241,0.003172413793103448,0.038344827586206894,0.0,0.02593103448275862,0.0,0.010482758620689656,0.0,0.03944827586206896,0.008551724137931035,0.010620689655172414,0.0,0.0030344827586206895,0.003310344827586207,0.05062068965517241,0.0016551724137931034,0.012,0.0343448275862069,0.00896551724137931,0.0,0.04096551724137931,0.0,0.0,0.0,0.04551724137931035,0.011034482758620689,0.0,0.0,0.04717241379310345,0.019310344827586208,0.03903448275862069,0.005655172413793103,0.0,0.0,0.0,0.007310344827586207,0.0,0.0,0.0,0.008689655172413793,0.00593103448275862,0.05862068965517241,0.05282758620689655,0.013931034482758621,0.05406896551724138,0.0,0.006344827586206896,0.008551724137931035,0.01296551724137931,0.021241379310344827,0.0,0.002758620689655172,0.009655172413793104,0.02289655172413793,0.0,0.0,0.03806896551724138
fusiform-lh,0.0,0.0,0.001152073732718894,0.0020161290322580645,0.019873271889400922,0.0,0.0,0.03888248847926267,0.0429147465437788,0.029953917050691243,0.0,0.007200460829493088,0.04752304147465438,0.01555299539170507,0.0,0.02880184331797235,0.0,0.01728110599078341,0.021025345622119815,0.005184331797235023,0.04032258064516129,0.04233870967741935,0.0,0.04723502304147465,0.0478110599078341,0.0017281105990783411,0.04349078341013825,0.026497695852534562,0.004896313364055299,0.0,0.0,0.013824884792626729,0.0,0.0,0.03744239631336405,0.02044930875576037,0.007200460829493088,0.0,0.0,0.0,0.0002880184331797235,0.0,0.0478110599078341,0.013248847926267281,0.0,0.0,0.0478110599078341,0.0,0.0,0.0,0.019873271889400922,0.0478110599078341,0.02304147465437788,0.004896313364055299,0.021889400921658985,0.0002880184331797235,0.025057603686635944,0.01728110599078341,0.0244815668202765,0.032834101382488476,0.02476958525345622,0.0,0.009792626728110598,0.004608294930875576,0.007776497695852535,0.006336405529953917,0.0,0.009504608294930876
fusiform-rh,0.0,0.0,0.028406102051551814,0.0364281956864808,0.03734876380852183,0.0,0.0,0.016175697001578115,0.004997369805365597,0.0,0.015781167806417674,0.0361651762230405,0.007233035244608101,0.05326144134665965,0.0,0.04195160441872699,0.0,0.027222514466070487,0.0,0.018674381904260916,0.025381378221988427,0.0266964755391899,0.0,0.007233035244608101,0.012493424513413993,0.030904786954234615,0.017622304050499738,0.02866912151499211,0.02958968963703314,0.008548132561809575,0.0,0.01933193056286165,0.0,0.0,0.01643871646501841,0.05352446081009995,0.0005260389268805891,0.0,0.0,0.028932140978432403,0.026433456075749606,0.024066280904786953,0.016175697001578115,0.003287743293003682,0.0,0.0,0.007233035244608101,0.0,0.0,0.0,0.025512887953708575,0.007233035244608101,0.0361651762230405,0.041425565491846394,0.03051025775907417,0.03682272488164124,0.007233035244608101,0.0,0.014860599684376644,0.002761704366123093,0.03748027354024198,0.0,0.0,0.0002630194634402946,0.03353498158863756,0.0028932140978432403,0.0,0.01657022619673856
inferiorparietal-lh,0.0,0.0,0.0,0.0,0.0,0.0,0.0,0.0,0.0,0.0,0.0,0.0,0.0,0.0,0.0,0.0,0.0,0.0,0.0,0.0,0.0,0.0,0.0,0.0,0.0,0.0,0.0,0.0,0.0,0.0,0.0,0.0,0.0,0.0,0.0,0.0,0.0,0.0,0.0,0.0,0.0,0.0,0.0,0.0,0.0,0.0,0.0,0.0,0.0,0.0,0.0,0.0,0.0,0.0,0.0,0.0,0.0,0.0,0.0,0.0,0.0,0.0,0.0,0.0,0.0,0.0,0.0,0.0
inferiorparietal-rh,0.0,0.0,0.016885553470919325,0.025060305548110427,0.04194585901902975,0.0,0.0,0.025462342535513268,0.01125703564727955,0.006030554811042616,0.008174752077191101,0.024792280889841867,0.013535245242562315,0.04221388367729831,0.0,0.05119270972929509,0.0,0.03015277405521308,0.005360493165371214,0.006968641114982578,0.03484320557491289,0.03618332886625569,0.0,0.013535245242562315,0.021709997319753416,0.019431787724470653,0.026936478155990352,0.036987402841061376,0.025060305548110427,0.0049584561779683735,0.0,0.007638702760653981,0.0,0.0,0.025730367193781828,0.04677030286786384,0.0,0.0,0.0,0.017421602787456445,0.026936478155990352,0.012463146609488072,0.025462342535513268,0.006164567140176896,0.0,0.0,0.013535245242562315,0.0,0.0,0.0,0.029214687751273116,0.013535245242562315,0.02680246582685607,0.03015277405521308,0.03671937818279282,0.025462342535513268,0.011659072634682391,0.0,0.02197802197802198,0.006566604127579738,0.04516215491825248,0.0,0.0,0.0,0.03417314392924149,0.0029482712409541678,0.0,0.004824443848834093
inferiortemporal-lh,0.0,0.0,0.0,0.0,0.0,0.0,0.0,0.0,0.0,0.0,0.0,0.0,0.0,0.0,0.0,0.0,0.0,0.0,0.0,0.0,0.0,0.0,0.0,0.0,0.0,0.0,0.0,0.0,0.0,0.0,0.0,0.0,0.0,0.0,0.0,0.0,0.0,0.0,0.0,0.0,0.0,0.0,0.0,0.0,0.0,0.0,0.0,0.0,0.0,0.0,0.0,0.0,0.0,0.0,0.0,0.0,0.0,0.0,0.0,0.0,0.0,0.0,0.0,0.0,0.0,0.0,0.0,0.0
inferiortemporal-rh,0.0,0.0,0.004988662131519274,0.017006802721088437,0.05102040816326531,0.0,0.0,0.032426303854875285,0.009977324263038548,0.0011337868480725624,0.0,0.01655328798185941,0.013832199546485261,0.046031746031746035,0.0,0.05102040816326531,0.0,0.05056689342403628,0.0,0.0,0.04013605442176871,0.04013605442176871,0.0,0.013832199546485261,0.026077097505668934,0.00816326530612245,0.03492063492063492,0.04013605442176871,0.026303854875283448,0.0,0.0,0.0,0.0,0.0,0.032879818594104306,0.05102040816326531,0.0,0.0,0.0,0.006575963718820862,0.030612244897959183,0.005442176870748299,0.032426303854875285,0.007029478458049887,0.0,0.0,0.013832199546485261,0.0,0.0,0.0,0.03922902494331066,0.013832199546485261,0.01655328798185941,0.02562358276643991,0.04399092970521542,0.017687074829931974,0.013832199546485261,0.0,0.03015873015873016,0.0020408163265306124,0.05102040816326531,0.0,0.0,0.0,0.03696145124716553,0.004988662131519274,0.0,0.0
insula-lh,0.0,0.0,0.0,0.0,0.005021520803443328,0.0,0.0,0.05236728837876614,0.05236728837876614,0.05236728837876614,0.0,0.0,0.05236728837876614,0.0,0.0,0.027259684361549498,0.0,0.0,0.05164992826398852,0.0,0.05236728837876614,0.05236728837876614,0.0,0.05236728837876614,0.05236728837876614,0.0,0.05236728837876614,0.021520803443328552,0.0,0.0,0.0,0.012195121951219513,0.0,0.0,0.04878048780487805,0.006456241032998565,0.0,0.0,0.0,0.0,0.0,0.0,0.05236728837876614,0.010043041606886656,0.0,0.0,0.05236728837876614,0.0,0.0,0.0,0.005021520803443328,0.05236728837876614,0.0351506456241033,0.0,0.010043041606886656,0.0,0.017934002869440458,0.02080344332855093,0.01649928263988522,0.05236728837876614,0.01721664275466284,0.0,0.012195121951219513,0.0,0.0,0.0,0.0,0.0014347202295552368
insula-rh,0.0071917207507454835,0.0,0.04595684967549553,0.04700929661462901,0.0036835642869671986,0.0,0.0,0.0,0.02666198912471496,0.0019294860550780565,0.017189966672513594,0.0505174530784073,0.0028065251710226277,0.025609542185581476,0.0,0.009822838098579197,0.0,0.0,0.0,0.06490089457989827,0.0028065251710226277,0.008594983336256797,0.0,0.0026311173478337133,0.015962111910191194,0.06191896158568672,0.00035081564637782847,0.0017540782318891423,0.04507981055955096,0.0071917207507454835,0.0,0.05963865988423084,0.0,0.0,0.0,0.03473074899140502,0.012804771092790738,0.0,0.0,0.06156814593930889,0.0014032625855113139,0.05314857042624101,0.013857218031924223,0.0,0.006139273811611998,0.0,0.014208033678302052,0.0,0.0,0.0,0.0,0.010173653744957024,0.05613050342045255,0.04402736362041747,0.0012278547623223997,0.04753552008419575,0.0,0.006840905104367655,0.02578495000877039,0.015260480617435538,0.0056130503420452555,0.0,0.011752324153657253,0.012278547623223996,0.0059638659884230835,0.0,0.0,0.05034204525521838
isthmuscingulate-lh,0.0,0.0,0.008236994219653179,0.011705202312138728,0.03901734104046243,0.0,0.0,0.03800578034682081,0.02138728323699422,0.012283236994219654,0.004624277456647399,0.008670520231213872,0.0203757225433526,0.02745664739884393,0.0,0.037138728323699424,0.0,0.025433526011560695,0.010549132947976879,0.002601156069364162,0.05375722543352601,0.054046242774566475,0.0,0.0203757225433526,0.04002890173410405,0.005924855491329479,0.04277456647398844,0.03872832369942197,0.03367052023121387,0.0011560693641618498,0.0,0.00476878612716763,0.0,0.0,0.033092485549132945,0.03236994219653179,0.0,0.0,0.0,0.006502890173410405,0.01763005780346821,0.0,0.04407514450867052,0.006647398843930636,0.0030346820809248553,0.0,0.0273121387283237,0.0,0.0,0.0,0.03121387283236994,0.028179190751445087,0.016618497109826588,0.014450867052023121,0.03511560693641619,0.00939306358381503,0.012572254335260116,0.0050578034682080926,0.03453757225433526,0.012861271676300579,0.03699421965317919,0.0,0.003323699421965318,0.0,0.02167630057803468,0.003179190751445087,0.0,0.001445086705202312
isthmuscingulate-rh,0.0,0.0,0.008718282368249838,0.01184124918672739,0.03643461288223813,0.0,0.0,0.03422251138581653,0.02446324007807417,0.011971372804163955,0.005465191932335719,0.010019518542615485,0.019258295380611582,0.026024723487312947,0.0,0.03474300585556279,0.0,0.022901756668835392,0.009499024072869226,0.006636304489264801,0.04853610930383865,0.05491216655823032,0.0,0.019258295380611582,0.04124918672739102,0.010930383864671439,0.03942745608327911,0.036174365647364995,0.03591411841249187,0.0023422251138581654,0.0,0.010800260247234874,0.0,0.0,0.029798308392973323,0.03044892648015615,0.0009108653220559532,0.0,0.0,0.011450878334417696,0.017176317501626546,0.003383214053350683,0.04424202992843201,0.005985686402081978,0.005074821080026025,0.0,0.027846454131424853,0.0,0.0,0.0,0.028366948601171112,0.0269355888093689,0.017176317501626546,0.014313597918022121,0.03292127521145088,0.009759271307742356,0.011320754716981131,0.005465191932335719,0.03539362394274561,0.012491867273910214,0.03409238776837996,0.0,0.006376057254391672,0.0,0.02081977878985036,0.002862719583604424,0.0,0.0036434612882238126
lateraloccipital-lh,0.0,0.0,0.0,0.0,0.0,0.0,0.0,0.0,0.0,0.0,0.0,0.0,0.0,0.0,0.0,0.0,0.0,0.0,0.0,0.0,0.0,0.0,0.0,0.0,0.0,0.0,0.0,0.0,0.0,0.0,0.0,0.0,0.0,0.0,0.0,0.0,0.0,0.0,0.0,0.0,0.0,0.0,0.0,0.0,0.0,0.0,0.0,0.0,0.0,0.0,0.0,0.0,0.0,0.0,0.0,0.0,0.0,0.0,0.0,0.0,0.0,0.0,0.0,0.0,0.0,0.0,0.0,0.0
lateraloccipital-rh,0.0,0.0,0.0008688097306689834,0.0017376194613379669,0.01998262380538662,0.0,0.0,0.03909643788010426,0.04286128004633652,0.030118737329858095,0.0,0.0069504778453518675,0.04778453518679409,0.015638575152041704,0.0,0.028960324355632783,0.0,0.01737619461337967,0.021141036779611933,0.004923255140457573,0.040544454097885894,0.04257167680278019,0.0,0.04749493194323776,0.04778453518679409,0.0014480162177816392,0.0437300897770055,0.02664349840718216,0.004633651896901245,0.0,0.0,0.013611352447147408,0.0,0.0,0.037648421662322615,0.020561830292499274,0.0069504778453518675,0.0,0.0,0.0,0.0002896032435563278,0.0,0.04778453518679409,0.01332174920359108,0.0,0.0,0.04778453518679409,0.0,0.0,0.0,0.01998262380538662,0.04778453518679409,0.0228786562409499,0.004633651896901245,0.022009846510280914,0.0002896032435563278,0.02519548218940052,0.017086591369823344,0.024616275702287867,0.032725166521865044,0.024905878945844194,0.0,0.009846510280915146,0.004344048653344918,0.007819287576020852,0.006371271358239212,0.0,0.00926730379380249
lateralorbitofrontal-lh,0.0,0.0,0.0008180628272251309,0.0013089005235602095,0.0281413612565445,0.0,0.0,0.03828534031413613,0.03795811518324607,0.017015706806282723,0.0,0.004253926701570681,0.02699607329842932,0.015052356020942409,0.0,0.026014397905759164,0.0,0.01832460732984293,0.011943717277486911,0.015543193717277488,0.044829842931937175,0.05137434554973822,0.0,0.026832460732984294,0.058573298429319375,0.012107329842931938,0.043520942408376964,0.027814136125654452,0.03452225130890053,0.0,0.0,0.018160994764397906,0.0,0.0,0.032395287958115186,0.0206151832460733,0.004253926701570681,0.0,0.0,0.012925392670157068,0.003926701570680628,0.008017015706806283,0.05399214659685864,0.007526178010471204,0.006380890052356021,0.0,0.038121727748691096,0.0,0.0,0.0,0.01930628272251309,0.03697643979057592,0.017015706806282723,0.0032722513089005235,0.023723821989528795,0.0003272251308900524,0.014234293193717277,0.009980366492146597,0.04548429319371728,0.01881544502617801,0.025850785340314136,0.0,0.012761780104712041,0.002781413612565445,0.008507853403141362,0.003599476439790576,0.0,0.00981675392670157
lateralorbitofrontal-rh,0.005752771151957345,0.0,0.04363687385996913,0.04924933352041532,0.015995510032271645,0.0,0.0,0.0,0.018380805387961274,0.0,0.020485477760628597,0.05177494036761611,0.000561245966044619,0.03353444647116599,0.0,0.02090641223516206,0.0,0.005331836677423881,0.0,0.04896871053739301,0.005752771151957345,0.011786165286937,0.0,0.0004209344745334643,0.009821804405780834,0.062017679247930405,0.0,0.008278377999158131,0.039988775080679106,0.00912024694822506,0.0,0.049109022028904166,0.0,0.0,0.0,0.04083064402974604,0.00855900098218044,0.0,0.0,0.05865020345166269,0.014171460642626631,0.04798653009681493,0.008138066507646976,0.0,0.003648098779290024,0.0,0.008418689490669286,0.0,0.0,0.0,0.004910902202890417,0.005191525185912726,0.05626490809597306,0.046583415181703385,0.008699312473691595,0.05107338291006033,0.0,0.0037884102708011787,0.019362985828539358,0.010523361863336607,0.016135821523782796,0.0,0.008979935456713904,0.008278377999158131,0.017819559421916657,0.0,0.0,0.04111126701276835
lingual-lh,0.0,0.0,0.0,0.0039034776437189495,0.037437899219304474,0.0,0.0,0.04666430092264017,0.0248403122782115,0.017033356990773598,0.0,0.0021291696238466998,0.0269694819020582,0.023243435060326473,0.0,0.035131298793470545,0.0,0.026792051100070973,0.012952448545067424,0.0007097232079489,0.05234208658623137,0.053584102200141946,0.0,0.0269694819020582,0.04772888573456352,0.0,0.05411639460610362,0.03708303761533002,0.028034066713981547,0.0,0.0,0.00603264726756565,0.0,0.0,0.04063165365507452,0.02927608232789212,0.0019517388218594747,0.0,0.0,0.00035486160397445,0.011178140525195173,0.0,0.05269694819020582,0.008161816891412349,0.00035486160397445,0.0,0.03211497515968772,0.0,0.0,0.0,0.02785663591199432,0.033179559971611074,0.011887863733144073,0.007806955287437899,0.032647267565649396,0.0010645848119233499,0.015436479772888574,0.008161816891412349,0.03903477643718949,0.017743080198722498,0.03495386799148332,0.0,0.00603264726756565,0.00035486160397445,0.016146202980837472,0.0039034776437189495,0.0,0.003371185237757275
lingual-rh,0.0,0.0,0.013612217795484728,0.01759628154050465,0.0449867197875166,0.0,0.0,0.03336653386454183,0.012616201859229747,0.006142098273572377,0.009462151394422311,0.014110225763612217,0.015438247011952191,0.03569057104913679,0.0,0.04565073041168659,0.0,0.029216467463479414,0.005312084993359893,0.0013280212483399733,0.0449867197875166,0.04664674634794157,0.0,0.015438247011952191,0.028718459495351924,0.009462151394422311,0.0351925630810093,0.048638778220451526,0.03353253652058433,0.005478087649402391,0.0,0.005146082337317397,0.0,0.0,0.03187250996015936,0.04133466135458167,0.0,0.0,0.0,0.008134130146082337,0.022908366533864542,0.0028220451527224437,0.03336653386454183,0.0076361221779548474,0.0,0.0,0.015438247011952191,0.0,0.0,0.0,0.03618857901726428,0.015438247011952191,0.015272244355909695,0.020750332005312084,0.04415670650730412,0.014940239043824702,0.01444223107569721,0.0,0.030378486055776893,0.006806108897742364,0.04349269588313413,0.0,0.0,0.0,0.028718459495351924,0.0036520584329349268,0.0,0.004482071713147411
medialorbitofrontal-lh,0.00012376237623762376,0.0,0.027475247524752475,0.031064356435643564,0.02920792079207921,0.0,0.0,0.015841584158415842,0.019554455445544554,0.0012376237623762376,0.018069306930693068,0.030816831683168316,0.0018564356435643563,0.027846534653465347,0.0,0.023143564356435643,0.0,0.014356435643564357,0.0,0.03180693069306931,0.028836633663366338,0.03415841584158416,0.0,0.0017326732673267327,0.025866336633663365,0.03551980198019802,0.019306930693069307,0.025,0.060396039603960394,0.008044554455445545,0.0,0.03292079207920792,0.0,0.0,0.012252475247524753,0.03131188118811881,0.00891089108910891,0.0,0.0,0.03477722772277228,0.016955445544554457,0.024381188118811882,0.027846534653465347,0.0,0.004826732673267327,0.0,0.013737623762376238,0.0,0.0,0.0,0.01844059405940594,0.011633663366336634,0.03477722772277228,0.031683168316831684,0.023514851485148515,0.02933168316831683,0.0,0.004702970297029703,0.031435643564356436,0.010643564356435644,0.02178217821782178,0.0,0.008168316831683169,0.008663366336633664,0.018069306930693068,0.0,0.0,0.02797029702970297
medialorbitofrontal-rh,0.0,0.0,0.04946727549467275,0.04946727549467275,0.0334855403348554,0.0,0.0,0.0,0.0,0.0,0.04946727549467275,0.04946727549467275,0.0,0.04946727549467275,0.0,0.02968036529680365,0.0,0.0,0.0,0.02968036529680365,0.0076103500761035,0.015220700152207,0.0,0.0,0.0,0.04946727549467275,0.0,0.02663622526636225,0.04946727549467275,0.0487062404870624,0.0,0.0471841704718417,0.0,0.0,0.0,0.04946727549467275,0.0,0.0,0.0,0.04946727549467275,0.01902587519025875,0.0365296803652968,0.0,0.0,0.0,0.0,0.0,0.0,0.0,0.0,0.00837138508371385,0.0,0.04946727549467275,0.04946727549467275,0.0243531202435312,0.04946727549467275,0.0,0.0,0.0,0.0,0.01141552511415525,0.0,0.0,0.0,0.0243531202435312,0.0,0.0,0.0441400304414003
middletemporal-lh,0.0,0.0,0.0,0.0,0.0,0.0,0.0,0.0,0.0,0.0,0.0,0.0,0.0,0.0,0.0,0.0,0.0,0.0,0.0,0.0,0.0,0.0,0.0,0.0,0.0,0.0,0.0,0.0,0.0,0.0,0.0,0.0,0.0,0.0,0.0,0.0,0.0,0.0,0.0,0.0,0.0,0.0,0.0,0.0,0.0,0.0,0.0,0.0,0.0,0.0,0.0,0.0,0.0,0.0,0.0,0.0,0.0,0.0,0.0,0.0,0.0,0.0,0.0,0.0,0.0,0.0,0.0,0.0
middletemporal-rh,0.006482213438735178,0.0,0.042371541501976286,0.04316205533596838,0.0066403162055335965,0.0,0.0,0.0025296442687747036,0.026561264822134386,0.006482213438735178,0.019130434782608695,0.04758893280632411,0.007272727272727273,0.023873517786561264,0.0,0.009644268774703557,0.0,0.0,0.0023715415019762848,0.05375494071146245,0.004901185770750988,0.012806324110671936,0.0,0.0071146245059288534,0.01691699604743083,0.05565217391304348,0.005059288537549407,0.0052173913043478265,0.042055335968379445,0.010118577075098814,0.0,0.06181818181818182,0.0,0.0,0.0017391304347826088,0.03209486166007905,0.012806324110671936,0.0,0.0,0.054071146245059286,0.0036363636363636364,0.04632411067193676,0.015019762845849802,0.0,0.0033201581027667982,0.0,0.015335968379446641,0.0,0.0,0.0,0.0014229249011857706,0.011699604743083004,0.05612648221343874,0.04047430830039526,0.0047430830039525695,0.04363636363636364,0.0,0.01090909090909091,0.021027667984189723,0.01849802371541502,0.004268774703557313,0.0,0.015335968379446641,0.011067193675889328,0.0061660079051383395,0.0,0.0,0.05075098814229249
paracentral-lh,0.0,0.0,0.0,0.0,0.0,0.0,0.0,0.0,0.0,0.0,0.0,0.0,0.0,0.0,0.0,0.0,0.0,0.0,0.0,0.0,0.0,0.0,0.0,0.0,0.0,0.0,0.0,0.0,0.0,0.0,0.0,0.0,0.0,0.0,0.0,0.0,0.0,0.0,0.0,0.0,0.0,0.0,0.0,0.0,0.0,0.0,0.0,0.0,0.0,0.0,0.0,0.0,0.0,0.0,0.0,0.0,0.0,0.0,0.0,0.0,0.0,0.0,0.0,0.0,0.0,0.0,0.0,0.0
paracentral-rh,0.0,0.0,0.0,0.0,0.0,0.0,0.0,0.0,0.0,0.0,0.0,0.0,0.0,0.0,0.0,0.0,0.0,0.0,0.0,0.0,0.0,0.0,0.0,0.0,0.0,0.0,0.0,0.0,0.0,0.0,0.0,0.0,0.0,0.0,0.0,0.0,0.0,0.0,0.0,0.0,0.0,0.0,0.0,0.0,0.0,0.0,0.0,0.0,0.0,0.0,0.0,0.0,0.0,0.0,0.0,0.0,0.0,0.0,0.0,0.0,0.0,0.0,0.0,0.0,0.0,0.0,0.0,0.0
parahippocampal-lh,0.0,0.0,0.0,0.002813852813852814,0.03636363636363636,0.0,0.0,0.049567099567099565,0.024675324675324677,0.016233766233766232,0.0,0.0,0.028354978354978355,0.026406926406926406,0.0,0.04090909090909091,0.0,0.030735930735930735,0.015151515151515152,0.0,0.049783549783549784,0.049783549783549784,0.0,0.028354978354978355,0.04350649350649351,0.0,0.049783549783549784,0.04134199134199134,0.02142857142857143,0.0,0.0,0.002813852813852814,0.0,0.0,0.04935064935064935,0.033766233766233764,0.0,0.0,0.0,0.0,0.011688311688311689,0.0,0.049567099567099565,0.009956709956709957,0.0,0.0,0.028354978354978355,0.0,0.0,0.0,0.032034632034632034,0.028354978354978355,0.00974025974025974,0.006926406926406926,0.03787878787878788,0.00021645021645021645,0.01883116883116883,0.005411255411255411,0.03744588744588745,0.0170995670995671,0.04004329004329004,0.0,0.002813852813852814,0.0,0.01774891774891775,0.004761904761904762,0.0,0.0
parahippocampal-rh,0.0043980208905992305,0.0,0.029466739967014842,0.03617372182517867,0.034634414513468936,0.0,0.0,0.01726223199560198,0.006487080813633864,0.0017592083562396922,0.014293567894447499,0.03595382078064871,0.007916437603078615,0.04474986256184717,0.0,0.03881253435953821,0.0,0.02473886750962067,0.0012094557449147884,0.021330401319406268,0.02495876855415063,0.02605827377680044,0.0,0.007916437603078615,0.014183617372182518,0.03155579989004948,0.018471687740516766,0.02770753161077515,0.02770753161077515,0.007146783947223749,0.0,0.021880153930731172,0.0,0.0,0.01748213304013194,0.053985706432105554,0.0015393073117097307,0.0,0.0,0.029906542056074768,0.022100054975261133,0.02583837273227048,0.01726223199560198,0.004617921935129192,0.0,0.0,0.007916437603078615,0.0,0.0,0.0,0.023969213853765804,0.007916437603078615,0.03595382078064871,0.039912039582188016,0.02924683892248488,0.03650357339197361,0.007916437603078615,0.0,0.019461242440901593,0.005277625068719077,0.035074216602528865,0.0,0.0,0.0013194062671797692,0.028037383177570093,0.002418911489829577,0.0,0.019571192963166575
parsopercularis-lh,0.0,0.0,0.040290620871862616,0.04227212681638045,0.0,0.0,0.0,0.0,0.046235138705416116,0.011889035667107,0.02047556142668428,0.053500660501981503,0.015191545574636724,0.003963011889035667,0.0,0.0,0.0,0.0,0.0,0.04953764861294584,0.0,0.0033025099075297227,0.0,0.01453104359313078,0.015852047556142668,0.0416116248348745,0.0059445178335535,0.0,0.0488771466314399,0.0,0.0,0.053500660501981503,0.0,0.0,0.0,0.010568031704095112,0.052840158520475564,0.0,0.0,0.03500660501981506,0.0,0.02047556142668428,0.027080581241743725,0.0,0.0,0.0,0.03500660501981506,0.0,0.0,0.0,0.0,0.028401585204755615,0.053500660501981503,0.0488771466314399,0.0,0.031043593130779392,0.0,0.03038309114927345,0.0,0.053500660501981503,0.0,0.0,0.0066050198150594455,0.046235138705416116,0.0,0.0,0.0,0.053500660501981503
parsopercularis-rh,0.0,0.0,0.0,0.0,0.0,0.0,0.0,0.0,0.0,0.0,0.0,0.0,0.0,0.0,0.0,0.0,0.0,0.0,0.0,0.0,0.0,0.0,0.0,0.0,0.0,0.0,0.0,0.0,0.0,0.0,0.0,0.0,0.0,0.0,0.0,0.0,0.0,0.0,0.0,0.0,0.0,0.0,0.0,0.0,0.0,0.0,0.0,0.0,0.0,0.0,0.0,0.0,0.0,0.0,0.0,0.0,0.0,0.0,0.0,0.0,0.0,0.0,0.0,0.0,0.0,0.0,0.0,0.0
parsorbitalis-lh,0.0,0.0,0.0,0.0,0.0,0.0,0.0,0.0,0.0,0.0,0.0,0.0,0.0,0.0,0.0,0.0,0.0,0.0,0.0,0.0,0.0,0.0,0.0,0.0,0.0,0.0,0.0,0.0,0.0,0.0,0.0,0.0,0.0,0.0,0.0,0.0,0.0,0.0,0.0,0.0,0.0,0.0,0.0,0.0,0.0,0.0,0.0,0.0,0.0,0.0,0.0,0.0,0.0,0.0,0.0,0.0,0.0,0.0,0.0,0.0,0.0,0.0,0.0,0.0,0.0,0.0,0.0,0.0
parsorbitalis-rh,0.006015258215962441,0.0,0.043133802816901406,0.0488556338028169,0.014524647887323943,0.0,0.0,0.0,0.019512910798122066,0.0,0.02039319248826291,0.05046948356807512,0.0,0.03286384976525822,0.0,0.01965962441314554,0.0,0.004548122065727699,0.0,0.051203051643192485,0.006602112676056338,0.012910798122065728,0.0,0.0,0.011296948356807512,0.061619718309859156,0.0,0.007482394366197183,0.0409330985915493,0.009536384976525822,0.0,0.04988262910798122,0.0,0.0,0.0,0.040492957746478875,0.007482394366197183,0.0,0.0,0.06294014084507042,0.01261737089201878,0.05017605633802817,0.008802816901408451,0.0,0.005575117370892019,0.0,0.009096244131455399,0.0,0.0,0.0,0.003961267605633803,0.005721830985915493,0.05516431924882629,0.04504107981220657,0.007042253521126761,0.051203051643192485,0.0,0.002494131455399061,0.022007042253521125,0.009536384976525822,0.014671361502347418,0.0,0.009389671361502348,0.007188967136150234,0.01643192488262911,0.0,0.0,0.041519953051643195
parstriangularis-lh,0.0,0.0,0.020467069010758333,0.03647336657045395,0.051430070847546576,0.0,0.0,0.01443190763579113,0.0,0.0,0.012332721070585148,0.035948569929152456,0.0005247966413014956,0.05274206245080031,0.0,0.05274206245080031,0.0,0.03647336657045395,0.0,0.001574389923904487,0.03279979008134348,0.03542377328785096,0.0,0.0005247966413014956,0.007084754657570191,0.02545263710312254,0.017318289162949356,0.03647336657045395,0.035948569929152456,0.0060351613749672,0.0,0.005510364733665705,0.0,0.0,0.014956704277092626,0.05274206245080031,0.0,0.0,0.0,0.021516662293361324,0.05221726580949882,0.011807924429283653,0.01443190763579113,0.0,0.0,0.0,0.0005247966413014956,0.0,0.0,0.0,0.03306218840199423,0.0005247966413014956,0.035948569929152456,0.04644450275518237,0.040934138021516665,0.03726056153240619,0.0005247966413014956,0.0,0.011807924429283653,0.0,0.050380477564943585,0.0,0.0,0.0,0.05274206245080031,0.0,0.0,0.004460771451062713
parstriangularis-rh,0.00784688995215311,0.0,0.045933014354066985,0.05263157894736842,0.01186602870813397,0.0,0.0,0.0,0.015502392344497608,0.0,0.02028708133971292,0.05454545454545454,0.0,0.035789473684210524,0.0,0.018564593301435405,0.0,0.004976076555023924,0.0,0.05722488038277512,0.0,0.004976076555023924,0.0,0.0,0.008995215311004785,0.06545454545454546,0.0,0.0036363636363636364,0.03732057416267943,0.009569377990430622,0.0,0.05569377990430622,0.0,0.0,0.0,0.045741626794258375,0.005550239234449761,0.0,0.0,0.06545454545454546,0.00937799043062201,0.06507177033492823,0.003444976076555024,0.0,0.0015311004784688996,0.0,0.0019138755980861245,0.0,0.0,0.0,0.0,0.0,0.060669856459330145,0.04746411483253588,0.003062200956937799,0.05645933014354067,0.0,0.0,0.022966507177033493,0.008229665071770335,0.012248803827751197,0.0,0.012248803827751197,0.005167464114832536,0.014354066985645933,0.0,0.0,0.04822966507177034
pericalcarine-lh,0.0,0.0,0.003303303303303303,0.005405405405405406,0.03003003003003003,0.0,0.0,0.03933933933933934,0.03303303303303303,0.015615615615615615,0.0,0.006456456456456456,0.024774774774774775,0.018018018018018018,0.0,0.028078078078078078,0.0,0.021021021021021023,0.01096096096096096,0.012462462462462463,0.045345345345345345,0.0509009009009009,0.0,0.024624624624624624,0.0496996996996997,0.009309309309309309,0.044144144144144144,0.02972972972972973,0.03408408408408409,0.0,0.0,0.014864864864864866,0.0,0.0,0.03393393393393394,0.02312312312312312,0.006456456456456456,0.0,0.0,0.00960960960960961,0.007807807807807808,0.003003003003003003,0.056156156156156156,0.006906906906906907,0.005855855855855856,0.0,0.03753753753753754,0.0,0.0,0.0,0.02192192192192192,0.03648648648648649,0.014714714714714715,0.00975975975975976,0.025975975975975975,0.0013513513513513514,0.013063063063063063,0.011711711711711712,0.04024024024024024,0.01981981981981982,0.027927927927927927,0.0,0.007357357357357357,0.005105105105105105,0.012012012012012012,0.003303303303303303,0.0,0.0076576576576576575
pericalcarine-rh,0.0,0.0,0.0,0.0,0.034482758620689655,0.0,0.0,0.041742286751361164,0.041742286751361164,0.019056261343012703,0.0,0.0,0.041742286751361164,0.020871143375680582,0.0,0.041742286751361164,0.0,0.02631578947368421,0.014519056261343012,0.0,0.041742286751361164,0.041742286751361164,0.0,0.041742286751361164,0.041742286751361164,0.0,0.041742286751361164,0.041742286751361164,0.0,0.0,0.0,0.0,0.0,0.0,0.041742286751361164,0.036297640653357534,0.0,0.0,0.0,0.0,0.0,0.0,0.041742286751361164,0.04083484573502722,0.0,0.0,0.041742286751361164,0.0,0.0,0.0,0.034482758620689655,0.041742286751361164,0.0,0.0,0.04083484573502722,0.0,0.041742286751361164,0.0,0.041742286751361164,0.022686025408348458,0.041742286751361164,0.0,0.0,0.0,0.0,0.0,0.0,0.0
postcentral-lh,0.0,0.0,0.0,0.0,0.0,0.0,0.0,0.0,0.07862903225806452,0.0,0.0,0.0,0.0,0.0,0.0,0.0,0.0,0.0,0.0,0.07459677419354839,0.038306451612903226,0.07862903225806452,0.0,0.0,0.07862903225806452,0.056451612903225805,0.0,0.0,0.07862903225806452,0.0,0.0,0.046370967741935484,0.0,0.0,0.0,0.0,0.0,0.0,0.0,0.07862903225806452,0.0,0.020161290322580645,0.07862903225806452,0.0,0.07661290322580645,0.0,0.07661290322580645,0.0,0.0,0.0,0.0,0.05040322580645161,0.0,0.0,0.0,0.0,0.0,0.0,0.07862903225806452,0.0,0.0,0.0,0.010080645161290322,0.0,0.0,0.0,0.0,0.0
postcentral-rh,0.0,0.0,0.0,0.0,0.0,0.0,0.0,0.0,0.0,0.0,0.0,0.0,0.0,0.0,0.0,0.0,0.0,0.0,0.0,0.0,0.0,0.0,0.0,0.0,0.0,0.0,0.0,0.0,0.0,0.0,0.0,0.0,0.0,0.0,0.0,0.0,0.0,0.0,0.0,0.0,0.0,0.0,0.0,0.0,0.0,0.0,0.0,0.0,0.0,0.0,0.0,0.0,0.0,0.0,0.0,0.0,0.0,0.0,0.0,0.0,0.0,0.0,0.0,0.0,0.0,0.0,0.0,0.0
posteriorcingulate-lh,0.0,0.0,0.007077435470441299,0.007701915070774354,0.017485428809325562,0.0,0.0,0.030391340549542047,0.04621149042464613,0.02164862614487927,0.0008326394671107411,0.01144879267277269,0.034346378018318066,0.011240632805995004,0.0,0.020815986677768527,0.0,0.012489592006661115,0.015195670274771023,0.017693588676103246,0.03871773522064946,0.044338051623646964,0.0,0.03413821815154038,0.04829308909242298,0.013322231473771857,0.037052456286427976,0.019150707743547043,0.023522064945878433,0.0,0.0,0.02102414654454621,0.0,0.0,0.027060782681099085,0.014779350541215654,0.01144879267277269,0.0,0.0,0.013738551207327226,0.00020815986677768527,0.0029142381348875937,0.05183180682764363,0.009575353871773521,0.008118234804329725,0.0,0.05412156536219817,0.0,0.0,0.0,0.014363030807660283,0.04933388842631141,0.02289758534554538,0.009783513738551207,0.01582014987510408,0.0043713572023313906,0.018109908409658617,0.01706910907577019,0.03143213988343047,0.02997502081598668,0.017901748542880933,0.0,0.008118234804329725,0.009575353871773521,0.005620316402997502,0.004579517069109076,0.0,0.013114071606994172
posteriorcingulate-rh,0.0,0.0,0.0,0.0,0.0,0.0,0.0,0.0,0.0,0.0,0.0,0.0,0.0,0.0,0.0,0.0,0.0,0.0,0.0,0.0,0.0,0.0,0.0,0.0,0.0,0.0,0.0,0.0,0.0,0.0,0.0,0.0,0.0,0.0,0.0,0.0,0.0,0.0,0.0,0.0,0.0,0.0,0.0,0.0,0.0,0.0,0.0,0.0,0.0,0.0,0.0,0.0,0.0,0.0,0.0,0.0,0.0,0.0,0.0,0.0,0.0,0.0,0.0,0.0,0.0,0.0,0.0,0.0
precentral-lh,0.0,0.0,0.0,0.0,0.0,0.0,0.0,0.0,0.0,0.0,0.0,0.0,0.0,0.0,0.0,0.0,0.0,0.0,0.0,0.0,0.0,0.0,0.0,0.0,0.0,0.0,0.0,0.0,0.0,0.0,0.0,0.0,0.0,0.0,0.0,0.0,0.0,0.0,0.0,0.0,0.0,0.0,0.0,0.0,0.0,0.0,0.0,0.0,0.0,0.0,0.0,0.0,0.0,0.0,0.0,0.0,0.0,0.0,0.0,0.0,0.0,0.0,0.0,0.0,0.0,0.0,0.0,0.0
precentral-rh,0.0,0.0,0.0,0.0,0.0,0.0,0.0,0.0,0.0,0.0,0.0,0.0,0.0,0.0,0.0,0.0,0.0,0.0,0.0,0.0,0.0,0.0,0.0,0.0,0.0,0.0,0.0,0.0,0.0,0.0,0.0,0.0,0.0,0.0,0.0,0.0,0.0,0.0,0.0,0.0,0.0,0.0,0.0,0.0,0.0,0.0,0.0,0.0,0.0,0.0,0.0,0.0,0.0,0.0,0.0,0.0,0.0,0.0,0.0,0.0,0.0,0.0,0.0,0.0,0.0,0.0,0.0,0.0
precuneus-lh,0.0,0.0,0.012419700214132762,0.017558886509635975,0.046680942184154174,0.0,0.0,0.03190578158458244,0.011349036402569594,0.0029978586723768737,0.007066381156316916,0.013062098501070664,0.014989293361884369,0.040899357601713066,0.0,0.04689507494646681,0.0,0.037259100642398284,0.0019271948608137045,0.0,0.04689507494646681,0.04689507494646681,0.0,0.014989293361884369,0.025910064239828695,0.007066381156316916,0.034261241970021415,0.04689507494646681,0.03190578158458244,0.0019271948608137045,0.0,0.0014989293361884369,0.0,0.0,0.03233404710920771,0.04689507494646681,0.0,0.0,0.0,0.0053533190578158455,0.026338329764453963,0.0,0.03190578158458244,0.008565310492505354,0.0,0.0,0.014989293361884369,0.0,0.0,0.0,0.04646680942184154,0.014989293361884369,0.013062098501070664,0.021627408993576017,0.04689507494646681,0.014132762312633832,0.014989293361884369,0.0,0.029764453961456102,0.003854389721627409,0.04689507494646681,0.0,0.0,0.0,0.03233404710920771,0.004710920770877944,0.0,0.0006423982869379015
precuneus-rh,0.0,0.0,0.00531326101394731,0.0059774186406907235,0.019924728802302415,0.0,0.0,0.03365065308833296,0.044055789240646445,0.023024131060438345,0.0,0.009962364401151207,0.03652866947088776,0.011954837281381447,0.0,0.022138587558113793,0.0,0.013283152534868276,0.016161168917423068,0.01372592428603055,0.04250608811157848,0.04560549036971441,0.0,0.03630728359530662,0.04981182200575603,0.009076820898826655,0.040735001106929375,0.020367500553464687,0.02125304405578924,0.0,0.0,0.017268098295328757,0.0,0.0,0.02878016382554793,0.015718397166260792,0.009962364401151207,0.0,0.0,0.009519592649988931,0.00022138587558113792,0.0,0.053575381890635376,0.010183750276732344,0.0059774186406907235,0.0,0.0531326101394731,0.0,0.0,0.0,0.015275625415098517,0.053796767766216516,0.022138587558113793,0.008191277396502104,0.01682532654416648,0.0024352446313925173,0.019260571175559,0.017710870046491033,0.03187956608368386,0.029665707327872482,0.019039185299977862,0.0,0.00752711976975869,0.007969891520920966,0.0059774186406907235,0.004870489262785035,0.0,0.01173345140580031
rostralanteriorcingulate-lh,0.004767996278637051,0.0,0.03895801837422956,0.04430747761367601,0.01779276660076753,0.0,0.0,0.005582044423770206,0.018723107338062567,0.008489359227817189,0.016978718455634378,0.04965693685312245,0.009070822188626584,0.03232934062100244,0.0,0.023374811024537735,0.0,0.008838237004302826,0.005465751831608327,0.03698104430747761,0.013373648098616119,0.015350622165368066,0.0,0.008954529596464705,0.011629259216187928,0.04640074427258983,0.007791603674845912,0.010698918478892894,0.03267821839748808,0.007559018490522154,0.0,0.04105128503314339,0.0,0.0,0.005000581462960809,0.038376555413420166,0.009419699965112223,0.0,0.0,0.04349342946854285,0.0162809629026631,0.03663216653099197,0.011164088847540412,0.0,0.0,0.0,0.012559599953482964,0.0,0.0,0.0,0.007326433306198395,0.01139667403186417,0.05954180718688219,0.04454006279799977,0.011745551808349809,0.046865914641237356,0.0,0.009535992557274102,0.010931503663216654,0.017327596232120015,0.01790905919292941,0.0,0.008838237004302826,0.00814048145133155,0.019304570298871962,0.0,0.0,0.03686475171531573
rostralanteriorcingulate-rh,0.004723984343366176,0.0,0.041706033202861384,0.050344176002159534,0.026049399379133486,0.0,0.0,0.004319071399649076,0.008368200836820083,0.0013497098123903361,0.019705763260898908,0.05128897287083277,0.002024564718585504,0.042920772034012684,0.0,0.030773383722499662,0.0,0.015656633823727898,0.0,0.0333378323660413,0.013767040086381428,0.015116749898771764,0.0,0.0018895937373464705,0.0026994196247806723,0.04454042380888109,0.0059387231745174785,0.017141314617357267,0.03468754217843164,0.008773113780537184,0.0,0.03401268727223647,0.0,0.0,0.004589013362127143,0.04912943717100823,0.00971791064921042,0.0,0.0,0.04116614927790525,0.024294776623026048,0.03320286138480227,0.008773113780537184,0.0,0.0,0.0,0.006073694155756512,0.0,0.0,0.0,0.013902011067620462,0.004723984343366176,0.05128897287083277,0.056687812120394115,0.019030908354703738,0.04831961128357403,0.0,0.005128897287083277,0.00634363611823458,0.01160750438655689,0.02618437036037252,0.0,0.00026994196247806724,0.009447968686732353,0.027804022135240924,0.0,0.0,0.031178296666216763
rostralmiddlefrontal-lh,0.0,0.0,0.013672551055728626,0.017826237452405677,0.047594323295257875,0.0,0.0,0.03046036690896504,0.010384215991692628,0.0036344755970924196,0.009345794392523364,0.016960886119764623,0.013326410522672204,0.03946002076843198,0.0,0.04707511249567324,0.0,0.033229491173416406,0.0027691242644513675,0.0008653513326410523,0.04257528556593977,0.04430598823122188,0.0,0.013326410522672204,0.02561439944617515,0.010038075458636206,0.03236413984077535,0.046209761163032194,0.032883350640359986,0.005192107995846314,0.0,0.004845967462789893,0.0,0.0,0.03046036690896504,0.04534440983039114,0.0,0.0,0.0,0.007961232260297681,0.02665282104534441,0.0024229837313949464,0.03046036690896504,0.007961232260297681,0.0,0.0,0.013326410522672204,0.0,0.0,0.0,0.03772931810314988,0.013326410522672204,0.016960886119764623,0.023883696780893044,0.048632744894427135,0.017826237452405677,0.013326410522672204,0.0,0.028729664243682937,0.004326756663205262,0.046209761163032194,0.0,0.0,0.0,0.032537210107303566,0.00380754586362063,0.0,0.004153686396677051
rostralmiddlefrontal-rh,0.00600820633059789,0.0,0.04689331770222743,0.053780773739742084,0.023300117233294254,0.0,0.0,0.00029308323563892143,0.007180539273153576,0.0,0.021395076201641265,0.057297772567409144,0.00029308323563892143,0.041617819460726846,0.0,0.028429073856975382,0.0,0.01201641266119578,0.0,0.039126611957796015,0.00996483001172333,0.011430246189917937,0.0,0.00029308323563892143,0.00029308323563892143,0.05275498241500586,0.0013188745603751465,0.013628370457209847,0.03443728018757327,0.009525205158264946,0.0,0.03985932004689332,0.0,0.0,0.00029308323563892143,0.0492379835873388,0.006594372801875733,0.0,0.0,0.05055685814771395,0.021248534583821806,0.04293669402110199,0.0011723329425556857,0.0,0.0,0.0,0.0029308323563892145,0.0,0.0,0.0,0.01011137162954279,0.0014654161781946073,0.05861664712778429,0.0526084407971864,0.0156799531066823,0.059349355216881595,0.00029308323563892143,0.001611957796014068,0.010844079718640093,0.008645955451348183,0.023446658851113716,0.0,0.0029308323563892145,0.006301289566236812,0.025205158264947247,0.0,0.0,0.036781946072684646
superiorfrontal-lh,0.0,0.0,0.0,0.0,0.03339787028073572,0.0,0.0,0.04259438528557599,0.03436592449177154,0.015488867376573089,0.0,0.0,0.04259438528557599,0.026137463697967087,0.0,0.04259438528557599,0.0,0.02904162633107454,0.013068731848983543,0.0,0.04259438528557599,0.04259438528557599,0.0,0.04259438528557599,0.04259438528557599,0.0,0.04259438528557599,0.04259438528557599,0.0,0.0,0.0,0.0,0.0,0.0,0.04259438528557599,0.03436592449177154,0.0,0.0,0.0,0.0,0.000484027105517909,0.0,0.04259438528557599,0.022265246853823813,0.0,0.0,0.04259438528557599,0.0,0.0,0.0,0.03339787028073572,0.04259438528557599,0.000968054211035818,0.0,0.036786060019361085,0.000484027105517909,0.04211035818005808,0.0,0.04114230396902226,0.017424975798644726,0.041626331074540175,0.0,0.0,0.0,0.013068731848983543,0.010648596321393998,0.0,0.0
superiorfrontal-rh,0.0,0.0,0.017763157894736842,0.019736842105263157,0.0,0.0,0.0,0.018421052631578946,0.05394736842105263,0.034868421052631576,0.0,0.031578947368421054,0.038157894736842106,0.0,0.0,0.0,0.0,0.0,0.017763157894736842,0.026973684210526316,0.021710526315789475,0.02631578947368421,0.0,0.0375,0.03881578947368421,0.019078947368421053,0.02894736842105263,0.0,0.02631578947368421,0.0,0.0,0.04671052631578947,0.0,0.0,0.015131578947368421,0.0,0.031578947368421054,0.0,0.0,0.0125,0.0,0.0,0.05,0.0,0.0,0.0,0.05394736842105263,0.0,0.0,0.0,0.0,0.05131578947368421,0.05394736842105263,0.02631578947368421,0.0,0.008552631578947369,0.0,0.053289473684210525,0.0,0.05394736842105263,0.0,0.0,0.02236842105263158,0.025657894736842105,0.0,0.0,0.0,0.03684210526315789
superiorparietal-lh,0.005328892589508743,0.0,0.008659450457951707,0.009159034138218152,0.03164029975020816,0.0,0.0,0.033805162364696086,0.027477102414654453,0.004995836802664446,0.0,0.010657785179017486,0.014321398834304746,0.018318068276436304,0.0,0.02714404662781016,0.0,0.02164862614487927,0.004163197335553705,0.024812656119900082,0.03963363863447127,0.045129059117402164,0.0,0.014321398834304746,0.04646128226477935,0.02331390507910075,0.03646960865945046,0.030308076602830976,0.04196502914238135,0.0,0.0,0.022481265611990008,0.0,0.0,0.028642797668609492,0.029308909242298085,0.0,0.0,0.0,0.025312239800166527,0.0069941715237302245,0.02031640299750208,0.04446294754371357,0.007660283097418817,0.00649458784346378,0.0,0.025312239800166527,0.0,0.0,0.0,0.022647793505412156,0.02414654454621149,0.015986677768526227,0.007826810990840967,0.02714404662781016,0.012489592006661115,0.014321398834304746,0.0,0.06128226477935054,0.005661948376353039,0.029308909242298085,0.0,0.010657785179017486,0.0,0.011656952539550375,0.0036636136552872607,0.0,0.016486261448792672
superiorparietal-rh,0.0,0.0,0.021514629948364887,0.022375215146299483,0.004589787722317842,0.0,0.0,0.023522662076878944,0.04561101549053356,0.02983362019506598,0.012908777969018933,0.027538726333907058,0.0321285140562249,0.006024096385542169,0.0,0.013482501434308663,0.0,0.002008032128514056,0.02094090648307516,0.025530694205393,0.02495697074010327,0.026965002868617326,0.0,0.031841652323580036,0.032415375788869764,0.02208835341365462,0.028112449799196786,0.011187607573149742,0.025243832472748137,0.0,0.0,0.03413654618473896,0.0,0.0,0.02208835341365462,0.013769363166953529,0.02323580034423408,0.0,0.0,0.019219736087205966,0.0,0.012908777969018933,0.037292025243832475,0.006597819850831899,0.0,0.0,0.04073436603557085,0.0,0.0,0.0,0.004589787722317842,0.0378657487091222,0.04331612162937464,0.025243832472748137,0.006597819850831899,0.017498565691336777,0.009753298909925417,0.023522662076878944,0.009179575444635685,0.05249569707401033,0.00946643717728055,0.0,0.009753298909925417,0.020080321285140562,0.0,0.0,0.0,0.02983362019506598
superiortemporal-lh,0.0,0.0,0.013696590739913653,0.022778025904421618,0.044960547863629595,0.0,0.0,0.02813756141134435,0.010421319041238648,0.004615155575405687,0.005508411493226143,0.022480273931814797,0.012952210808396605,0.041834152151258,0.0,0.0498734554116421,0.0,0.033497096918267084,0.0038707756438886407,0.0044662795891022775,0.038558880452582996,0.039154384397796636,0.0,0.012952210808396605,0.023969033794848892,0.01652523447967843,0.02977519726068185,0.039154384397796636,0.02620217358940003,0.0019353878219443203,0.0,0.003424147684978413,0.0,0.0,0.027690933452434122,0.04689593568557392,0.0,0.0,0.0,0.014292094685127288,0.02828643739764776,0.009230311150811374,0.02813756141134435,0.006848295369956826,0.0,0.0,0.012952210808396605,0.0,0.0,0.0,0.03245496501414322,0.012952210808396605,0.022629149918118208,0.02843531338395117,0.03945213637040346,0.023224653863331845,0.012952210808396605,0.0,0.026351049575703438,0.005210659520619324,0.051659967247283015,0.0,0.0,0.0,0.03528360875390799,0.003275271698675004,0.0,0.001042131904123865
superiortemporal-rh,0.0,0.0,0.0,0.0,0.0,0.0,0.0,0.0,0.0,0.0,0.0,0.0,0.0,0.0,0.0,0.0,0.0,0.0,0.0,0.0,0.0,0.0,0.0,0.0,0.0,0.0,0.0,0.0,0.0,0.0,0.0,0.0,0.0,0.0,0.0,0.0,0.0,0.0,0.0,0.0,0.0,0.0,0.0,0.0,0.0,0.0,0.0,0.0,0.0,0.0,0.0,0.0,0.0,0.0,0.0,0.0,0.0,0.0,0.0,0.0,0.0,0.0,0.0,0.0,0.0,0.0,0.0,0.0
supramarginal-lh,0.0,0.0,0.0,0.0014316392269148174,0.0,0.0,0.0,0.01145311381531854,0.06513958482462419,0.024337866857551897,0.0,0.01717967072297781,0.024337866857551897,0.0,0.0,0.0,0.0,0.0,0.010737294201861132,0.049391553328561204,0.015032211882605583,0.03221188260558339,0.0,0.024337866857551897,0.05440229062276306,0.04581245526127416,0.02290622763063708,0.0,0.048675733715103794,0.0,0.0,0.07015032211882606,0.0,0.0,0.007874015748031496,0.0,0.008589835361488905,0.0,0.0,0.04581245526127416,0.0,0.04581245526127416,0.03364352183249821,0.0,0.0021474588403722263,0.0,0.026485325697924122,0.0,0.0,0.0,0.0,0.024337866857551897,0.05583392984967788,0.002863278453829635,0.0,0.015748031496062992,0.0,0.024337866857551897,0.04581245526127416,0.024337866857551897,0.0,0.0,0.06871868289191124,0.0021474588403722263,0.0,0.0,0.0,0.047959914101646385
supramarginal-rh,0.0,0.0,0.04493526275704494,0.04722010662604722,0.0,0.0,0.0,0.0,0.046458492003046456,0.006854531607006854,0.022086824067022087,0.053313023610053314,0.010662604722010662,0.0030464584920030465,0.0,0.0,0.0,0.0,0.0,0.053313023610053314,0.0,0.0,0.0,0.009900990099009901,0.011424219345011425,0.046458492003046456,0.0,0.0,0.053313023610053314,0.0,0.0,0.053313023610053314,0.0,0.0,0.0,0.010662604722010662,0.053313023610053314,0.0,0.0,0.03884234577303884,0.0,0.022086824067022087,0.024371667936024372,0.0,0.0,0.0,0.03351104341203351,0.0,0.0,0.0,0.0,0.025894897182025894,0.053313023610053314,0.053313023610053314,0.0,0.03427265803503427,0.0,0.02817974105102818,0.0,0.053313023610053314,0.0,0.0,0.0007616146230007616,0.05255140898705255,0.0,0.0,0.0,0.053313023610053314
temporalpole-lh,0.0,0.0,0.021133915870757976,0.033529770371875635,0.04694167852062589,0.0,0.0,0.016866490550701076,0.002235318024791709,0.0,0.010973379394432025,0.0331233489128226,0.005689900426742532,0.05181873602926235,0.0,0.05181873602926235,0.0,0.03393619183092867,0.0,0.00609632188579557,0.031091241617557407,0.0331233489128226,0.0,0.005689900426742532,0.011176590123958545,0.024994919731761836,0.019101808575492787,0.0353586669376143,0.029668766510871775,0.00609632188579557,0.0,0.007112375533428165,0.0,0.0,0.017272912009754116,0.05181873602926235,0.0,0.0,0.0,0.02194675878886405,0.04084535663483032,0.01442796179638285,0.016866490550701076,0.0,0.0,0.0,0.005689900426742532,0.0,0.0,0.0,0.031294452347083924,0.005689900426742532,0.0331233489128226,0.041251778093883355,0.03881324933956513,0.034139402560455195,0.005689900426742532,0.0,0.014834383255435887,0.0,0.04856736435683804,0.0,0.0,0.0,0.051412314570209304,0.003861003861003861,0.0,0.004877057508636456
temporalpole-rh,0.0,0.0,0.0,0.0,0.04081632653061224,0.0,0.0,0.04081632653061224,0.027829313543599257,0.0,0.0,0.0,0.04081632653061224,0.04081632653061224,0.0,0.04081632653061224,0.0,0.04081632653061224,0.0,0.0,0.04081632653061224,0.04081632653061224,0.0,0.04081632653061224,0.04081632653061224,0.0,0.04081632653061224,0.04081632653061224,0.0,0.0,0.0,0.0,0.0,0.0,0.04081632653061224,0.04081632653061224,0.0,0.0,0.0,0.0,0.0,0.0,0.04081632653061224,0.0037105751391465678,0.0,0.0,0.04081632653061224,0.0,0.0,0.0,0.04081632653061224,0.04081632653061224,0.0,0.0,0.04081632653061224,0.0,0.04081632653061224,0.0,0.04081632653061224,0.0,0.04081632653061224,0.0,0.0,0.0,0.03153988868274583,0.03896103896103896,0.0,0.0
transversetemporal-lh,0.0,0.0,0.0,0.0,0.0,0.0,0.0,0.0,0.0,0.0,0.0,0.0,0.0,0.0,0.0,0.0,0.0,0.0,0.0,0.0,0.0,0.0,0.0,0.0,0.0,0.0,0.0,0.0,0.0,0.0,0.0,0.0,0.0,0.0,0.0,0.0,0.0,0.0,0.0,0.0,0.0,0.0,0.0,0.0,0.0,0.0,0.0,0.0,0.0,0.0,0.0,0.0,0.0,0.0,0.0,0.0,0.0,0.0,0.0,0.0,0.0,0.0,0.0,0.0,0.0,0.0,0.0,0.0
transversetemporal-rh,0.007827415043909889,0.0,0.04715540282550592,0.048109965635738834,0.007254677357770141,0.0,0.0,0.00019091256204658267,0.022336769759450172,0.004963726613211149,0.022336769759450172,0.053455517373043146,0.005918289423444063,0.024818633066055747,0.0,0.007636502481863307,0.0,0.0,0.0,0.05479190530736922,0.0019091256204658267,0.005154639175257732,0.0,0.0057273768613974796,0.010691103474608629,0.05631920580374189,0.0032455135547919053,0.005536464299350897,0.043146239022527684,0.011454753722794959,0.0,0.06128293241695303,0.0,0.0,0.0,0.034746086292478044,0.015463917525773196,0.0,0.0,0.05441008018327606,0.0036273386788850705,0.048109965635738834,0.009354715540282551,0.0,0.0,0.0,0.011645666284841543,0.0,0.0,0.0,0.0009545628102329134,0.009736540664375716,0.06090110729285987,0.04486445208094693,0.004963726613211149,0.04868270332187858,0.0,0.010309278350515464,0.018518518518518517,0.019473081328751432,0.001718213058419244,0.0,0.012027491408934709,0.013363879343260786,0.004963726613211149,0.0,0.0,0.06090110729285987
