,S1_D1 hbo,S1_D3 hbo,S2_D1 hbo,S2_D2 hbo,S2_D4 hbo,S3_D1 hbo,S3_D3 hbo,S3_D4 hbo,S3_D5 hbo,S4_D2 hbo,S4_D4 hbo,S4_D6 hbo,S4_D11 hbo,S5_D3 hbo,S5_D5 hbo,S5_D7 hbo,S6_D4 hbo,S6_D5 hbo,S6_D6 hbo,S6_D8 hbo,S7_D5 hbo,S7_D7 hbo,S7_D8 hbo,S8_D6 hbo,S8_D8 hbo,S8_D15 hbo,S9_D2 hbo,S9_D9 hbo,S9_D11 hbo,S10_D9 hbo,S10_D10 hbo,S10_D12 hbo,S11_D9 hbo,S11_D11 hbo,S11_D12 hbo,S11_D13 hbo,S12_D10 hbo,S12_D12 hbo,S12_D14 hbo,S13_D6 hbo,S13_D11 hbo,S13_D13 hbo,S13_D15 hbo,S14_D12 hbo,S14_D13 hbo,S14_D14 hbo,S14_D16 hbo,S15_D13 hbo,S15_D15 hbo,S15_D16 hbo,S16_D14 hbo,S16_D16 hbo
S1_D1 hbo,0.08194870379078348,-0.11884250027077135,0.05128419089904294,0.04059438168382374,0.03238725795667417,0.14078252879006523,-0.1653644754657352,0.056677701424179806,0.04025297604753941,0.026974828960643467,0.021182575279743966,-0.017661120212902955,-0.0372175801559711,-0.11884250027077135,-0.12299932490624728,-0.1571908228793978,0.050625537058538665,0.0181564930969234,0.006773685740192654,-0.031391564280861046,-0.04652197519496388,-0.010208989001117079,0.0,0.03238725795667417,-0.14115581800317067,0.10468608632460338,-0.10234834542892052,0.056311847302432626,0.08832888533638411,0.04834513368233408,-0.06739910316282172,0.08710209526226767,0.04710873884607152,0.0366689445000495,-0.03445140865789217,0.0,-0.11884250027077135,-0.06739910316282172,-0.10068600717384794,0.044164442668192055,0.012104328731282267,0.006946862512220961,0.0,0.0,0.021182575279743966,-0.07345126752846284,0.05005303502395099,0.0,0.041629076515018064,0.13421083410833917,0.08775638330179644,0.06534701794793603
S1_D3 hbo,0.0,0.25282876444200036,0.0,-0.12231742717927342,-0.08110783777603738,0.0,0.24426656283510564,0.03214592220438897,0.0,0.0,-0.03822419599352295,0.08572245921170392,0.0,0.07807762001299934,-0.007644839198704589,-0.007644839198704589,0.03214592220438897,-0.0688035527883413,0.03214592220438897,-0.07337792378428748,0.02143061480292598,0.0437872824498908,-0.08587888705698075,-0.10702774878186425,0.07043278081429474,-0.20055147503754958,0.0,-0.08587888705698075,0.0,0.0,0.07043278081429474,0.0,0.17557461353871623,-0.076336788495094,0.3660349008339758,-0.076336788495094,0.03828685860990577,0.07043278081429474,0.10257870301868371,-0.12231742717927342,0.014156719997553295,0.0,0.0,-0.006015611172751143,-0.14834482515480807,0.07043278081429474,-0.08587888705698075,-0.13749550208473071,-0.129962266377978,-0.08587888705698075,0.021274186957649138,-0.07516357965551776
S2_D1 hbo,0.058348909042438925,0.0,-0.015890155887535708,0.08834434872338802,-0.014034567532408764,0.05095167763307919,0.03985563711529399,-0.07622966626531276,-0.00939645897512287,-0.04435180956955412,0.022722356233500253,-0.03773143516667958,0.01891346602377194,0.03422166238163573,-0.03798895997084645,0.06732991552647562,-0.05815210931951171,-0.027755148683195004,-0.03730423812248816,0.016801168816598884,-0.1335402594532285,-0.05582584314028248,0.0,0.014565530978254762,-0.04949080403798383,0.012090599015419192,0.013190093189492106,0.05802863574972626,0.05770282737652368,-0.0009694850587302971,0.0,0.08755688079840912,0.021887279349715877,0.012778580515523157,-0.0895198155836086,0.0,0.0,0.0,-0.027755148683195004,0.03780530069496379,0.03756569697052616,-0.06948634927734414,0.013688664952654292,-0.019428604078236506,0.03183604269049582,-0.019428604078236506,0.04775406403574373,0.0,0.023877032017871867,-0.014311622535468227,-0.011102059473278003,-0.018123224939255188
S2_D2 hbo,0.04930336522567796,-0.07605920017329366,0.053344816480025425,0.0360602480065828,0.025698719748094567,0.11493098230351564,-0.007671127551191846,-0.052818889009231706,0.036906117146840445,0.0554598334596933,0.0034138090764054925,-0.013238151928896049,0.061829170075512405,0.0009178412675003342,-0.03143446566999059,-0.0007332406269291745,0.0017554513111891685,-0.07126538455055706,-0.025846547744418802,-0.07165189060546266,-0.08253118556075395,-0.03513459009411552,0.06013974237558478,-0.029757229969759803,0.03024820376400329,-0.02376850005415427,0.04190508282899209,0.047891698809166335,0.07394644461292439,0.03630462877469977,-0.009928613946672035,0.04024426699932077,0.033663684324238184,0.056339083115249995,0.0,-0.02584114000261779,-0.013238151928896049,-0.033095379822240124,-0.026476303857792097,-0.028522200064985126,0.026021070320724447,-0.023935648437094875,0.006408174034208259,-0.0787670039769315,-0.05704440012997025,-0.023166765875568086,0.03961416675692378,-0.07443451789111097,-0.03908597786683146,0.06602361126153963,-0.003309537982224012,-0.03961416675692378
S2_D4 hbo,0.05530747127985897,-0.04926887574039515,0.029528541827025093,0.10659533605424774,0.13254719631898848,0.023933051208375338,0.04357258380547824,-0.0780964739274522,-0.060044856255757416,-0.03137442007148364,-0.03137442007148364,-0.06616481552763466,0.06203252918243112,0.0358155480268078,0.05429637080864063,0.06804954125093483,0.007705700621313106,0.004441127955324165,0.11016036060399308,0.05014176723753093,-0.09673779522040787,-0.057716845634014906,-0.013156364626932916,0.008989702554728756,0.05837934328369672,-0.03384948625996011,0.09437396905063856,-0.0038151796086152135,0.11261234812275146,0.05530747127985897,0.0,-0.05491279418548394,-0.0005305878925888647,-0.07013746171655792,-0.03753732477435399,-0.04598428402436881,0.0,0.0,-0.026145350059569698,0.02923286627263446,-0.09244154925584543,-0.018301745041698788,0.059577786621516825,-0.02929148360172047,-0.05912265088847419,-0.018301745041698788,-0.0005305878925888647,-0.028076510010964912,-0.01642295858013172,-0.029960529668184913,-0.06958079091230207,-0.0837227268761041
S3_D1 hbo,0.1330559609140205,0.0,0.021255656274439427,0.12207524760173782,-0.027275721735362437,-0.1043464777024361,0.020992616836150852,-0.062262092842051246,0.02603320332741739,-0.0703424734640858,-0.056425248508621725,-0.02186861276970111,0.028626295685660254,0.0,-0.07932624494744601,0.13238071404857552,-0.03234927840324886,-0.06462154617497681,-0.09426727009539501,-0.044245977023887176,-0.04826833857151329,-0.017144491842340785,0.0,0.0267178759732829,0.0258815886466106,0.0687031096455846,-0.020111807738130535,0.11649285922995861,0.0648862702208299,-0.04132823672213901,0.06972093349218586,0.12438099404111834,-0.010216422904141651,0.0190841971237735,-0.10932910567154237,0.0,0.014215641152607573,0.06536337514892425,-0.07451259916094265,0.0305347153980376,0.02318677807923388,-0.06810820251708563,-0.052290700119139395,-0.06838014630964381,0.04007681395992435,0.05027951934532634,0.06250856697262205,-0.052290700119139395,-0.02304783806486492,-0.029238048889804413,-0.016616969016422605,0.0017616181960406299
S3_D3 hbo,-0.03879132056315979,-0.03592963760855208,0.053477154515849674,-0.006776819815379961,0.04997594737537684,0.022652127229225223,-0.13023408196798433,0.05065058590876048,0.0048352218114512515,0.0,-0.003000370268010427,0.02170739396089735,0.1131325765175544,0.03456547202953773,-0.022675533783903114,-0.13153759442489357,0.049486466989721825,0.05159531917708836,-0.02715392439421185,0.026531259285541203,-0.05744264554242074,-0.06736810212454712,0.04289232179612853,0.07290580053744074,-0.14252818651611515,0.06001171766434411,0.02073340024147128,0.017305795778915195,0.0,0.0,-0.055094933248556965,0.0022115346963129806,0.02499808841152483,0.0630817847012898,-0.01467199393994051,0.018772995172909247,-0.08116206669055988,-0.10458140023827879,-0.09010980426434721,0.04123872249143485,0.03177739175284676,-0.02009316983113828,0.06185808373715227,0.024119326623219278,0.04289232179612853,-0.05921880549770045,0.03901318973981255,-0.04654958467579175,0.0,0.030832658484518886,0.023596860497553104,0.038068456471484664
S3_D4 hbo,0.04029410476363274,0.008974376450653214,-0.09077074150258005,-0.019428474521532235,-0.09373366014362339,-0.04124878877281924,0.036948341268570904,-0.1342960223904269,-0.04590760981151807,-0.032744658070752025,-0.03020545514983729,-0.018566528629250456,0.024632227512380603,0.015835003400816103,-0.03531941402941609,0.07882876470495256,-0.10452352225113044,0.0038003505470087357,-0.06658445520741549,0.016709726044826703,-0.0037275688319390876,0.0746093180830214,0.04609987005831283,0.017594448223129,0.05400362142937096,0.11049877150658477,0.019075907543650655,0.06519442297098607,0.0193538930454419,-0.03511486575910072,0.050854799887034875,-0.029578335404007807,0.03522792488459901,0.06668980328785098,-0.13223804220880628,-0.032744658070752025,0.05683771752080369,0.04786334107015047,0.0,-0.09445574443486161,0.041967335602740935,-0.05117306279925477,0.017948752901306427,-0.0666001139040546,0.10715703420104768,0.036214519742745116,0.040207890780428045,0.0,-0.025972087531562868,0.026360145486468926,0.04787209163235454,-0.022720695126228388
S3_D5 hbo,0.06263186101629314,0.0,0.004207183838907544,0.02902582439318484,-0.06670886870712098,0.04697157609481117,-0.0016351195299255511,-0.019640345843759517,-0.05976228641115008,-0.05501530563573787,-0.07486428794652401,-0.05995635868715242,-0.002742487004697124,0.05786081622869939,-0.01598980674906191,0.15389610817280008,-0.01426554164628168,0.0322277800424422,-0.026295610692095957,0.024006581857701725,-0.05082894518183799,-0.038637552462199666,0.06110766291051348,0.024060138091628557,0.03496475673885976,0.0,-0.011886146664396528,0.02360522638022251,-0.012529735463496033,-0.0411737796213696,0.06015034522907138,0.05922750052578909,-0.01654856000641858,-0.01172679608628004,-0.037565158131565655,0.030199021405491487,0.07324484442418142,0.06015034522907138,-0.039306410094857844,-0.03391525462028498,0.04441150698382411,-0.07255795445990937,0.0,-0.10341916714291627,0.03273624798777508,0.032122284101334365,-0.027460642669010275,-0.014394450262895035,0.01964174879266505,0.020552521046393175,-0.025278226136491937,-0.05289708363422402
S4_D2 hbo,0.04282215366829066,0.0,-0.07453626856027956,0.11794894763715652,-0.04050688037398122,-0.054171613631566626,0.0,-0.047871767714705075,-0.041538938311367825,-0.31763783938848694,-0.08805736105704397,-0.05957625715120059,0.07021658349906158,-0.008773607402540167,0.038029649842279876,0.019658157939526084,0.0,-0.013670001648407508,0.0,0.031814600547429225,0.040552731525562366,0.005018475820171272,0.014743618454644565,0.0,0.03040156983670895,0.1366321750810865,0.03529877813619764,0.04403084503606062,0.05425471300309428,0.0,0.0,0.015350544855965445,0.01810831760408,0.03931631587905217,0.058456709786692033,0.07220372836218375,0.0,0.0,0.0,-0.06153650097229049,0.049145394848815215,-0.053949184148121956,-0.06628398606651473,-0.06314525891123979,-0.05155421138506701,-0.025777105692533504,0.07220372836218375,-0.07874003713941681,-0.07792080209648893,0.12023477995570606,0.03040156983670895,0.06840353213259513
S4_D4 hbo,0.025070883618765465,-0.01427147929015813,0.07391215078947444,0.010799404328607333,-0.03425155029637951,-0.005508045603141839,0.000991690769461485,-0.009827546026261184,-0.06055799212218332,-0.05062930308177478,0.06186814037286979,-0.0414258393395412,0.03890677092197871,-0.01018890590417808,-0.10397510842843483,0.0660135978958395,0.025750144012377334,-0.03710584615441114,0.022914746460255046,-0.045668733728506015,-0.060742705647242524,-0.005804588818137815,0.06804954125093483,0.017635470837123975,0.06225083347516594,0.1258461929754337,-0.09090440187855207,0.05792405237295668,0.043307143703110805,-0.017045395552187714,0.02148932881608468,0.0831895496994592,-0.04173042565041892,0.10752074778241276,-0.10367983644312122,0.0,-0.045078189757878785,0.0,-0.07436917070098954,0.02154406873664967,0.04934231304050396,-0.10499089798886989,0.06883154011614896,0.03392636910159463,0.051615183432738576,0.017690210757688965,-0.012470554522590561,-0.08474305978500793,-0.01427147929015813,-0.026155435148383144,-0.03192393998357992,-0.029069644125548293
S4_D6 hbo,-0.02529717575921297,0.029340168396025844,-0.06433606950888164,-0.022834366864253008,-0.08558619468138944,0.0035889458468077048,0.03861127645928014,0.039206080431942104,-0.04889115372523706,-0.03177860331931724,-0.04414603740428996,-0.11392748113480078,-0.0045204554694690665,0.025281902113211054,-0.05055571504805176,0.03232459950614719,0.012135545315496323,0.07597081577648886,-0.047305861028623906,0.030588288266990026,0.009780056132008615,0.055420318081382154,0.0,0.08268455942414747,0.044031579819248746,0.16698998796425396,-0.01954792527818295,0.08431556662220885,-0.0293137721297647,-0.08396431441813408,0.05216029937071261,0.01850660647380717,-0.031765378577047296,-0.10442996735662946,-0.06685987979972399,-0.026878397257501557,0.013040074842678152,0.05216029937071261,0.010614864661656702,-0.03665235989659303,0.035829121290205324,-0.12550365563427285,-0.005679135398773851,0.025281902113211054,0.036246049902628676,0.05216029937071261,0.028909484430392932,-0.010560023225402454,-0.0049002060618156835,-0.0774341123055533,0.10189538856040377,0.005594160740161419
S4_D11 hbo,-0.2513975967266317,0.0,0.031790241778080174,0.07172390231777621,0.03514468854767121,0.06284939918165793,0.10886430450678862,0.05027951934532634,-0.06668475227203081,0.05881437540909138,0.03351967956355089,-0.14693659977192933,-0.15156987001436784,-0.005668081657761815,0.1235876481690256,0.10012977776082992,-0.020135246800181205,0.040761124814473915,0.0,-0.06376914648675536,0.016560169099581797,-0.020290182973058523,0.03202659806851522,0.0505635689956014,-0.06376914648675536,0.07802987490417516,0.004143942577858541,0.05027951934532634,0.005194086218622704,0.0,-0.017391585405478735,-0.006401069628405369,0.026203580237876088,-0.011452365445181615,-0.29476035811067053,0.026203580237876088,-0.03478317081095747,-0.020290182973058523,-0.02898597567579789,0.035786531507427395,0.12569879836331585,-0.03478317081095747,0.03715536197173012,0.0,0.03676202107343983,-0.037681768378537255,0.06284939918165793,-0.02022562623435964,0.0,-0.02898597567579789,0.008786172136917802,0.012254007024479938
S5_D3 hbo,0.0,0.011772703286589602,0.02686166102010585,-0.003865378354608372,0.023877032017871867,0.0,0.08372430848172104,0.04431415264333847,0.09315077702904503,0.0,0.0006570933877597334,-0.07328922327707893,-0.11540565475304736,-0.09500826566773103,-0.01387495783311461,0.07331966340073262,0.023877032017871867,0.026212350237306312,0.0,-0.140846759275242,0.037190975852393345,0.006171069002056417,0.0664712289650077,-0.06383789810333798,0.0017165832340532172,0.03880017702904178,0.02715452849572856,0.008862830528667693,0.0,0.0,0.024202499960938935,-0.05355312452070293,0.010786583128552069,-0.025037721074296193,-0.09866472729769338,-0.029468323786962743,-0.02045022283473674,-0.03338421452778784,0.006502494663403362,-0.027856537354183846,-0.01771273328576262,-0.0354672093634171,0.05073869303797772,0.012409524628440574,0.026588491586003078,0.003880105667213115,0.04431415264333847,-0.11096169786554777,0.004431415264333847,0.04431415264333847,0.09206821667908219,0.04431415264333847
S5_D5 hbo,0.013152827426012093,-0.010055903869065267,-0.07638769056060786,-0.0022354992776840365,-0.0347889909587883,-0.10093731720610341,0.05691316498311667,-0.04516007604370264,-0.011713574686608191,-0.047225253316750114,-0.11323136895825216,-0.02234995562121403,0.08611859613105742,0.013474591995089926,0.049579272739358374,0.08094308267286632,0.010041648888244057,-0.018147777793801178,-0.024866828942305793,-0.012815337999050378,-0.006902483325865487,0.00215318616217467,0.09268052590162287,0.013974748759215703,-0.015709709670074998,0.029332315458688855,0.04601763906898927,0.01619216572234227,0.043255174730905746,-0.022539094878939393,0.00781346790232011,-0.011644366090449842,0.06539023715224448,0.032302018329175175,-0.0322551970913559,0.02638374207097838,-0.02455120393665125,-0.02540005794034159,-0.02073613802049844,0.012015326314140486,0.01994035223214372,-0.1302804419145762,0.01682145683979668,-0.07333990047116735,0.03478317081095747,-0.06757312896451832,0.026936967050439763,-0.04775998045871516,0.0,0.07316956150641084,0.08284447606751941,0.04637756108127662
S5_D7 hbo,-0.03249572855236196,-0.05683771752080369,0.03231710172950988,-0.026924628012717534,0.036954558388084376,0.09035353224748724,-0.1266827012549123,0.07882338332016377,0.10913087160258748,0.005136611013667917,0.04234981500933097,0.0047486494567443565,0.06699828764735583,-0.02734755319681751,-0.02192903259104443,-0.13413175507228972,0.011548299496276369,0.035032887463530525,0.0,-0.05073761241446301,0.04446039442343982,0.026482255875602115,0.08011661135805719,0.03492169466536067,-0.08028235003719232,0.05801829365791341,0.07010714835387363,0.02003427996397683,0.027715918791063283,0.0,-0.09475855290601508,0.03643728088181594,0.03235338915852672,0.04157387818659492,0.0,-0.024472615010738084,-0.11563340710406701,-0.14684103474299803,-0.15474504545753529,0.03233523858957383,0.042626611185862556,-0.0018700569577051812,0.03233523858957383,-0.04007642883020361,0.04879780462984521,-0.11748532720170823,0.05136611013667917,-0.04769343024595104,0.0,0.03852458260250938,0.025683055068339584,0.04366119361617729
S6_D4 hbo,0.07457029280236267,0.005531456289048596,-0.0865826853815079,0.04352328062953215,-0.03122560555050517,0.004074684678056121,0.022125825156194386,-0.12975761437163338,-0.034780757459186615,0.0,-0.012654932302992238,0.002898547174439797,-0.04277397995621266,0.018438187630161987,-0.03546305162699878,0.01290673134111339,-0.09629155129415562,0.008923846799292558,-0.052072033402556846,0.08989486195535579,-0.041631945639639976,0.0336812945196836,0.029501100208259176,-0.0021345086875391834,-0.07980727596232526,0.10272270114479322,0.022125825156194386,0.10280159329646918,0.08378938661744367,-0.00744309067858251,0.0,-0.076255782353038,0.08563320538045986,0.06871642112878691,-0.14510218646696754,-0.03708560292137546,0.0,0.0,-0.030904669101146212,-0.0845589866904049,0.0,-0.05758887678319317,0.05162692536445356,-0.01588770705048319,0.03503255649730777,0.0,0.06782991760737421,0.035667456354384106,0.023267859472767063,0.030783260008953508,0.041108876487011274,0.0028267499805455843
S6_D5 hbo,0.014365576955807527,-0.0412345264472253,-0.0430376132667814,-0.09720089131580537,-0.01788307419395793,-0.09003314989649,0.060205341218335075,-0.003150328061412218,-0.007623377525202026,-0.026854170091257488,-0.05917671824182442,0.04422787865921845,0.057462307823230106,-0.03257140066476202,-0.04023519461260713,0.022017791767306567,-0.003775205755118701,-0.03972169773695904,0.04309673086742258,0.029011939240014748,0.045391145462386304,0.07655042680978538,0.09821190702267626,-0.023277555252465894,0.0437471408477052,0.0024560570108901063,0.06048265862449244,-0.0016175413422680912,0.03591394238951881,0.0,-0.03735050008509956,0.019088118986555276,0.06529550628141649,0.05548279918758733,0.032322548150566933,-0.033165253255454843,-0.021432422785052207,-0.07003218765956168,-0.045254395280273196,-0.07176137747831629,0.02668943214742351,-0.0922471040405023,0.0,-0.15074102563224404,0.03327983433732751,-0.09368366173608306,0.04620455942538172,-0.09655677712724457,0.0018622044201972773,0.1176676490415652,0.07912378803612098,0.1294598647710371
S6_D6 hbo,0.006876421399315072,0.011884250027077135,0.0657976578069138,-0.030905372005416203,0.18527643787271647,-0.02561177300317531,-0.02877632868191633,-0.1481614617081977,-0.02877632868191633,0.0,0.11647561609347086,-0.029224790947089054,0.0,0.0,-0.062112023726422,0.0,-0.011845725735575519,0.04357558343261616,0.21263601315029082,-0.00820139361301186,-0.05863528873526286,0.03460633812916172,0.0,0.0,0.006876421399315072,-0.0010464119520696813,-0.02877632868191633,0.0,0.0,0.09991700937940114,0.02376850005415427,-0.010418351345323132,-0.0691066521398318,0.023320037788981545,-0.04370337297374449,-0.02466542458449971,-0.04029410403855497,0.01800961237583495,-0.011517775356638634,0.0,0.0,-0.09455079424058223,0.0,0.060591373777872465,0.05942125013538568,0.010086779024450196,0.0,0.0,-0.056489452771877675,-0.06088122200306252,0.025551483289037006,-0.13097040820991002
S6_D8 hbo,-0.03221447378689477,-0.02264323098090268,0.008138830925772897,-0.07167573843770407,0.04377011728722605,-0.03139725443834789,0.06536337514892425,0.0487686102366605,0.053479125121847104,0.02119059826744016,-0.03710584615441114,0.03137740455690096,-0.05685238386315721,-0.031333012451799605,-0.004371190359739761,-0.02845786936683286,0.09693091428334787,0.08900544466599367,0.015609503079833952,-0.06698269194983378,0.10579104711603485,0.07661096892455081,0.05942125013538568,-0.054231621302600896,0.01484488694020913,0.005667264253649954,-0.016892241850714442,-0.029084247217262847,-0.03425155029637951,0.0,-0.018622044201972717,0.0242998145761624,0.006600559171698137,0.07682318767503434,0.004001111158133618,-0.022738241504798376,-0.03661771055351545,-0.04469290608473453,-0.007533463336252599,-0.045668733728506015,0.0,-0.08266886522150858,-0.05137732544456927,-0.0772042304163882,-0.02206982333085168,-0.03351967956355089,0.10610937524176013,-0.11667645860694523,-0.012997240067822585,0.08304170675989042,0.03452840178690504,0.018506577204635614
S7_D5 hbo,-0.03735050008509956,0.008525657628120553,-0.14520006908082456,-0.06963577905016795,-0.11438590651061742,-0.03921802508935454,-0.03983466070396704,-0.004678387597820874,-0.021899373398952232,0.03111826733915268,-0.05460480718962926,0.008525657628120553,-0.001308339912743023,0.011328477148452363,0.016190706420194982,0.06148737985707429,-0.02789337797577555,0.07148147285564473,-0.03893383650175052,0.08174443430232567,-0.004194271189826952,-0.021296908913371233,0.11354138382103943,-0.03594985633190833,-0.06814704449488919,0.021909331489623013,-0.05878299223298806,0.05568487702391946,0.0,0.0,0.0,-0.039252112399727535,0.09578917218297174,-0.010210489968915808,-0.03450861420905938,0.09359456220053099,0.012332712292249855,0.0,-0.02324716267089098,0.0,0.03699813687674957,-0.10356644099683586,0.022735087008321476,0.0062494679028770464,0.050724981862905937,-0.01960901254467727,0.055926169220941735,-0.05781207839258889,0.03126074463644203,0.09380636312902832,0.05162044401629972,0.038944560599395966
S7_D7 hbo,0.007879547008726426,-0.022825900554464817,-0.11407249181650962,-0.017452106029587352,-0.12346040925262083,-0.004693958718055601,0.00886216708636555,0.08531576602462625,0.039346418666054296,0.031796211794412825,0.0157253245302726,0.05956374713810842,-0.09060269822623163,0.011168112818237194,0.011209146445393349,0.0567433659769362,-0.009094412668820105,0.09606566101895614,0.027460221325411597,0.07206009328691572,-2.576105871372338e-05,0.04376031300152087,0.1063810903330644,-0.07765945562248425,-0.09026611920870242,-0.010602783096204878,-0.011434418468896694,0.08031449328828665,0.0,0.0,-0.012943242603747374,-0.05027869981962231,0.024519977901809327,-0.05485942352794798,-0.10989015835665042,0.016899875592169038,0.005150425257546534,-0.012943242603747374,-0.055669379088089915,0.0,-0.00554666748171622,-0.05632750461666721,0.03134934059900443,0.04142668918602005,0.03051351657893394,-0.012943242603747374,0.0033296246961986094,-0.06571542205277842,0.021944538419303102,0.03060255218603448,0.023660137658919306,0.02625913965677914
S7_D8 hbo,0.0,-0.08003678589664193,0.0,0.060787595132070896,-0.03424079056937016,0.0,0.05407174296941839,0.06695611326831309,0.07795631898495552,0.0029983199609598275,0.07077562914214727,0.0,0.04579599532727176,0.044974799414397415,0.10226753752191005,0.10159912224398905,0.06661235683966801,0.12258736197070787,0.0,0.0329815195705581,0.1194171637954255,0.06365950730577764,0.1874853537943515,0.0,0.09676743466358884,-0.009544372557384407,0.10876071450742815,0.002834106761486136,0.04579599532727176,0.0,0.0,0.044974799414397415,0.024490761766125912,-0.008977940951604915,0.0,-0.039610458259755,0.020988239726718795,0.0,0.014991599804799138,0.0,-0.026169010271506518,0.0,0.04995926762975101,0.0644543303709517,-0.04105862640416416,0.0,-0.05894656249778165,-0.054773936278876674,0.0,0.040150776848846034,-0.045505114509533165,-0.028963362888183374
S8_D6 hbo,0.05991642721984722,-0.04064044050710315,0.03679772049278022,0.017789105099161817,0.008829195116016859,0.06536337514892425,0.09231143332435791,0.04357558343261616,0.027521421115336522,0.0,0.02178779171630808,0.06758404249388474,0.06732706894828062,0.016248749221754438,0.048269435479489184,0.08199090040610672,0.045738320325099426,0.0016279942542319105,0.0,-0.06434736413624666,-0.04064044050710315,-0.023706923629143506,0.0,-0.9825049302024791,-0.07450747426302246,0.009990774957996183,0.0596297457498958,0.1376071055766826,0.041282131673004784,0.054469479290770194,0.0,0.018542200981365813,0.0,0.06501876322649558,-0.07112077088743052,0.0,0.0,0.0,-0.03386703375591929,-0.04064044050710315,0.04357558343261616,0.032681687574462125,0.07339045630756406,-0.04402714388269509,0.017949527890637234,0.0,0.06536337514892425,0.03712302226438311,0.03658382343747967,-0.03386703375591929,0.03690912520908257,0.01707462951860931
S8_D8 hbo,-0.05308490545793868,0.020958196440536828,-0.09686017590331968,-0.04896373963739452,0.013458161414269974,-0.0003338293861430382,-0.09782529597592945,0.052519075733228886,-0.02748967540507283,0.023577970995603936,0.05510729520752395,0.01607503670901557,-0.07175931400597887,0.041682577786053665,-0.09794220352343945,0.014643713470208281,-0.08362020262402732,0.04592274600626996,-0.029935903395328187,0.011098090298911956,-0.12762009886730077,-0.10527166540079046,0.08610284802297831,-0.062399403483459896,0.02329834710797596,-0.0700211342295859,-0.05804348637517629,0.023577970995603936,0.048984262406687955,-0.03088952926827415,0.08333259014304144,0.08560744057622158,0.03981761681011477,-0.014626775001184743,-0.06863934383180588,-0.03743964209007594,0.05189529548223618,0.08071281558797432,-0.03146230444176054,0.018076829533732998,0.0878391388873436,-0.03054354958545674,-0.013005964660486957,0.1132147537813894,0.04286122960585196,0.10432146310061653,0.0,-0.04055961226424893,-0.015599850870864974,0.020846077065376008,0.06878171063210729,0.03962435188416897
S8_D15 hbo,0.06998017138703505,-0.11120156548432349,-0.005488646785365157,-0.007767688953095464,-0.09268189243167466,0.07538113067250747,0.031332729814422235,0.09762990409579764,0.0,0.07193331965156073,0.06116154607348023,0.0758701818811524,0.0024462090748987872,0.03021419498409441,0.0260939385512609,0.04599220960300138,0.02100264587291975,-0.0010649485018306454,-0.0003916654905345563,-0.04319121707716194,0.012090108303041927,0.008619394948360127,-0.02316421615447238,-0.05976774154297126,-0.09570657456104062,-0.02747406674335087,0.01983713965065986,0.043239683364622916,0.012598587429648879,0.058193952353968584,0.03625703398091329,0.01077620388748466,0.013361711086471908,0.007634168166162814,-0.04299581791837704,-0.09685328058790263,-0.04621652788307774,0.012085677993637765,-0.02463531928103877,-0.03807202318022833,-0.009177181777780024,0.05401876256488624,0.05237127130576364,-0.026293139342900132,-0.049681644203893434,0.0322284746497007,0.01680952210741864,-0.08219568682897295,-0.005091292678341153,-0.007183917462273647,-0.05475018337026246,-0.04811363521400356
S9_D2 hbo,-0.0657285336693093,-0.007556459554788929,-0.013385330689907948,0.04833384140419027,0.06195473242604875,-0.041433882977795156,0.022071713775180704,0.010747354308783326,-0.007220041482999662,-0.033333441649737165,-0.09255607583170239,-0.06045167643831143,0.14344248337072754,0.012161297172788446,0.05842275714259673,0.0969891056209951,0.04274444151428288,0.05850013525803439,-0.01825792601925258,-0.05135236667279994,-0.07880544291789872,-0.05621890334257058,0.11500998610068842,0.03918240472142597,-0.004082793815627184,0.024264826041363985,0.06478542510303016,0.024793759579050393,0.06065757451882339,-0.0036515852038505165,-0.007556459554788929,-0.06936371286691957,0.014428421350713292,0.024576063906023904,-0.11685072652321653,0.01516551627585249,-0.007556459554788929,-0.007556459554788929,-0.007556459554788929,-0.025649884753262655,0.07886068463443295,-0.17126567828926642,-0.03763315303905872,-0.0044181619670691655,-0.0073986680559650336,-0.045338757328733575,0.006066206510340996,-0.10471844093948568,0.0,0.06066206510340996,0.014547034327172472,0.04852965208272797
S9_D9 hbo,0.05496855924880385,-0.05882703763403181,0.05451653893941853,0.049850340853705995,-0.03296899911357827,0.10496599590486386,0.027941047179045636,0.08685394803166388,-0.02854725380544199,0.027547782629814815,-0.025551430420900943,-0.009017159660200773,0.03373984166249047,0.01149246156464602,0.013575470223238111,0.04141758205907277,0.09487335248553805,0.011097408198361313,0.0,-0.017921057252369886,0.055172621994258486,0.04447907364613946,-0.0026777215283526347,0.07852631663927431,0.022539094878939393,0.07373930460176867,0.021878608582120658,0.07776001493365273,0.014334495247721929,-0.030759235364199642,0.0,0.05939120301256448,-0.10004743701324183,-0.0895976615303347,0.0,-0.04158834528706278,0.0,0.0,-0.08872856355057589,0.0,-0.03889741403277378,-0.03363235075536115,0.06761728463681818,-0.04503286226692064,-0.03415415921243239,0.0,-0.09465858921453939,-0.056753304922696514,0.030052126505252522,-0.09415848129376438,-0.11423774227454798,-0.12057366752584689
S9_D11 hbo,0.08349812394273755,0.0,0.07567017482310591,0.08349812394273755,0.09848544289776184,0.08610744031594811,0.0,0.028702480105316036,-0.1740416194757906,0.0049330517735755265,0.0013847274615954885,-0.20075461772135392,-0.051078140126582114,0.0,0.08373955535093497,0.055826370233956646,0.08191953396606214,0.05117417271446026,0.0,-0.0566325272048441,0.004652197519496387,0.0,0.05117417271446026,0.05117417271446026,0.036530429224947675,-0.1902793786002769,0.10646310496782528,0.051992464949131026,-0.4008183247975757,0.009212676581227132,0.0,-0.01288644331607231,0.0013847274615954885,0.034806584833981864,0.0,0.0,0.0,0.0,-0.03775501813656274,0.02337080838243816,0.0,-0.06214441765175271,-0.014964288772098485,-0.006443221658036155,-0.0566325272048441,0.01565589823926329,0.006603360208016587,-0.010647989990471871,0.08452885033927268,0.02486857482049043,0.031117933963446653,0.006603360208016587
S10_D9 hbo,0.040586095732006444,0.0,-0.020293047866003222,0.052290700119139395,0.03594985633190833,-0.044614303735370384,0.0,0.011290805242133288,-0.07189971266381666,-0.0060803139673417895,-0.0883165603756395,-0.11963017730744971,0.0,0.0,-0.06688345364075969,0.0,-0.04028208003363935,0.0,0.1968670544537108,0.0,0.0,0.0,0.0,0.026145350059569698,-0.02568932651201906,0.09804506272338635,0.0,-0.029413518817015906,0.013072675029784842,0.714985808395823,0.0,0.0,-0.03830597799425327,-0.06536337514892425,-0.1276865933141776,0.0,0.0,0.0,-0.07189971266381666,0.0,0.0,-0.10382136099236107,0.0,-0.052290700119139395,0.0,0.0,-0.01960901254467727,-0.032681687574462125,0.04575436260424697,-0.09675299600532622,-0.09059667811339267,-0.022877181302123475
S10_D10 hbo,0.03510828996940639,0.0065424069767865516,0.0,-0.007922833351384757,0.0,0.037173483497018524,0.008607600504398691,0.039238677024630665,0.030977902914182103,0.0,0.01652154822089712,0.03304309644179424,-0.05987484746466343,0.14028715599794092,-0.04996879773332747,-0.02758960968865773,0.0,-0.04753700010830854,0.014456354693284983,-0.02376850005415427,0.0,0.0,0.0,0.0,0.04234434973409319,0.0413038705522428,0.0,0.0,0.0,0.0,-0.11784741665102164,0.12379427111538682,0.00826077411044856,0.026847515858957824,0.0,-0.11327837303163091,-0.3463351043309316,-0.13472467690075526,0.15979502995327502,0.028912709386569965,0.0413038705522428,-0.010701457370353818,0.028912709386569965,0.10723517392126038,0.0,-0.054811576233893704,0.0,-0.0713055001624628,0.0,0.03304309644179424,0.061955805828364206,0.0
S10_D12 hbo,0.07860393579117426,-0.0034401776394170653,0.07437873877920465,0.0537438525197392,-0.06692588475419123,0.10035888814598729,-0.004438854112280693,-0.02692221523161834,0.03339898020328241,0.0022389246871361446,0.03546651041467035,-0.03431504922679039,-0.03928740682325875,-0.06795467778640724,-0.054772148344607384,0.04613736142425606,-0.05757071541650119,0.022516105774671235,0.00482639172507898,0.028463273891308885,-0.045656775007798356,-0.051400301200702034,0.028562147123899668,-0.006793628111453869,0.057206546549049414,0.020251610423934023,-0.045297862332309036,0.062344403162713516,0.00332454141624339,0.0,-0.02501158945327136,0.03338456119019629,0.041771667821722855,0.019571430772145827,-0.0578502880052061,0.021015391939773465,-0.03060417770130766,-0.028407089461007683,-0.05373142233604423,-0.05055668239073039,0.0575885438514008,-0.09862981407920783,-0.05848301987009011,-0.027363735356463317,0.012401984935377482,-0.015224560019207838,0.07774021559842735,-0.1263930200248166,0.056120219523731044,0.08184175004003741,0.010407260085631458,0.013365856893895214
S11_D9 hbo,0.0407671778475619,-0.028656657295103326,0.027178118565041265,0.04348498970406602,-0.023221033582095072,-0.006092681959421866,0.014170623845973594,0.030803108996196416,-0.018965416070309164,0.034145697258844004,-0.04214828577189556,-0.04886981319545737,0.022884332656078508,-0.007196010692411167,0.05229018676467143,0.03046684932356814,0.06465061858218021,0.0636515105036404,-0.04886981319545737,-0.008822231047319983,0.10075284879666524,-0.008799411083207656,0.030092076397783506,0.0,0.04868748282893171,0.0450561040724922,0.008073680368305716,-0.04640518313179461,0.0027516786709153957,-0.01423765082533143,0.011442166328039254,0.04540345065993897,0.03258334635584833,-0.03949151827500182,0.01857342087966058,0.012675492382585252,0.0,0.0,-0.05701478206136693,0.011442166328039254,-0.009398843711431872,-0.06103518642459166,0.045768665312157016,-0.015097299706156727,-0.018018540457229386,0.011442166328039254,-0.04743632425746585,-0.10706129504783608,-0.01454331421133961,-0.014754162486166908,-0.11003976022822941,-0.053062745040602585
S11_D11 hbo,0.03256746236493876,-0.06342537750299926,0.007245625555397058,0.05521524522297036,-0.11098361213494329,0.028037908911066698,0.021211567393742328,0.07252958243681672,-0.008668945476932127,0.021028431683300024,0.07847924231898283,-0.08413831006784152,-0.020735602946819774,0.028865485489309624,0.019630003158243994,0.038829727811242123,0.06366151024195835,0.05176718701793688,0.01315838185637031,0.05311471853119565,-0.009470280382834281,-0.02887905282956512,-0.03243369597650622,0.012961694394343812,0.004544779131826894,0.04552591505796967,0.01315838185637031,-0.06504127541587885,0.06740860073233214,-0.0002463648458738864,0.02372927810687019,0.057434798100986124,-0.06072686121462973,0.0028193752569650034,-0.04446488105368996,-0.06342537750299926,0.0,0.0,-0.06225083347516594,0.028600000024608736,-0.09676005562626872,0.061969466123680206,0.05608738461623862,0.03722115657387392,-0.026177213927255475,0.04044329558892108,-0.0960329569423719,-0.08121132992447525,0.09291990744908804,-0.04372701802110107,-0.05879924109565327,-0.07256782664374145
S11_D12 hbo,0.06618395700182,0.1441082286747936,0.004066977864148495,0.0,0.008005852474945264,-0.08262755978711961,0.07668409758799258,-0.12172837400481455,-0.03150042175851771,0.09271400730343865,-0.055125738077405985,-0.033850743924608656,-0.07048368739592459,-0.04787636775991766,-0.002462025789348103,0.0,-0.11302912962382855,0.041721303286547384,0.0022063562209545854,0.028110671400432132,0.039571657978517256,-0.03247153094269712,0.0,-0.06460333590300651,-0.06840353213259513,-0.02918874125279769,-0.08400112468938054,0.0,0.0,-0.055125738077405985,0.0,-0.009124302645066282,0.15803518370353112,-0.05700294344382928,0.2541606771392109,0.1297996102248141,0.0,0.0,-0.038001962295886184,-0.028875386611974564,0.0,-0.07875105439629426,0.0,0.026596086043192115,0.0,0.0,0.07880690620792284,-0.04462559749123342,0.01002604962699976,-0.017976165348525704,0.005848528949083193,0.0001893116638340749
S11_D13 hbo,0.0,-0.03895830306889524,0.0,-0.00842823419333616,-0.03462960272790688,0.0,0.08794900575161056,-0.1652866957788889,0.08458789725154903,0.09199289835774523,0.0,-0.13523456927363636,0.04357558343261616,0.039136543671171246,0.09672429042980157,0.049958294523642144,-0.15026063252626262,0.09689498645631983,-0.00865740068197672,0.10680855900195593,0.18540983538975894,0.03890737718253067,0.053319403023703686,0.0,-0.15026063252626262,-0.0423731666712305,0.023069426523149732,-0.0081990677046956,0.0,0.0,-0.0967738179680731,0.06499463400876597,0.08208498424392742,-0.03679395289840107,0.1452519447753872,-0.15447326997553,-0.03585767755081339,-0.11192426916153238,0.0026226831477753018,-0.09015637951575757,-0.030300902386918523,-0.030300902386918523,0.0,-0.0324652525574127,-0.03462960272790688,-0.10543121865004983,0.1250909522068362,-0.08224530647877885,-0.017029538352976426,0.10486960303222345,0.023757869061041124,0.05366362429264936
S12_D10 hbo,0.0,0.011281951384019844,0.0,-0.008221808194833239,0.0,0.04185932004897987,0.07484216247455211,0.0944413785421719,0.13018738744167258,0.0,-0.032887232779332955,0.024852994353203133,-0.10320532918251195,0.06838231285168822,0.0018080152119377124,0.07053670462768248,0.0,0.05466627789117844,-0.020554520487083096,-0.00857167237333678,0.02781420219103159,0.02781420219103159,0.06953550547757897,0.0,0.08852244172910641,-0.06166356146124929,0.0,0.0,0.0,0.0,-0.1450050097116696,-0.010758323488983916,0.0,0.0,0.0,-0.07743507035010631,-0.12016933528065121,-0.16000544949279236,0.014005992687596057,0.0,0.03479419209448439,-0.02466542458449971,0.0,-0.02959345442961899,0.0,-0.18503223381809458,0.06953550547757897,-0.04110904097416619,0.0,0.013907101095515795,0.11201407181968964,-0.0019242529817694789
S12_D12 hbo,0.045633567865778726,0.012203219441787304,0.0,-0.04037891901091845,0.0,0.042949240344262334,-0.009271400730343864,0.042949240344262334,0.03489625777971315,0.0,0.0,0.042949240344262334,-0.06489980511240705,-0.04407438071973403,-0.05749601832731602,-0.060501636015500404,0.0,-0.06561574339274248,0.01879029265061477,-0.05047364876364806,0.0,0.0,0.0,0.0,0.05808427849749308,0.016105965129098374,0.0,0.0,0.0,0.0,-0.008831620573131697,0.14637358141457937,0.0,0.0,0.0,-0.12206747679719142,-0.28735329558590467,-0.04269726535196362,0.23717844447210912,0.0,0.05637087795184431,-0.06056837851637767,0.0,0.13884917299519361,0.0,-0.02182501830173687,0.0,-0.0807578380218369,0.0,0.042949240344262334,0.08052982564549187,0.0
S12_D14 hbo,0.030052126505252522,0.06237233802976938,-0.027406027316110793,-0.03162743958818915,-0.027406027316110793,-0.07505715223025182,0.08159923617022664,0.0,0.003801481208363752,0.0,-0.06746524063099048,0.042243083483798356,-0.027406027316110793,0.11930576855282504,0.000955324116817148,-0.029096802388435376,-0.027406027316110793,0.026356199656824286,0.002268085019264341,0.021084959725459432,-0.027406027316110793,-0.016443616389666477,0.0632548791763783,-0.027406027316110793,0.006615247972854331,-0.007371276312609113,0.0,-0.04110904097416619,-0.021924821852888635,-0.032887232779332955,0.01399643191491585,-0.04575038430995914,-0.04110904097416619,-0.054812054632221587,-0.027406027316110793,-0.026356199656824293,0.060062336116667815,0.007465017729735962,0.08513740307275845,0.0,0.08514769176488214,-0.08559963209298153,-0.03836843824255511,-0.01748353641950054,0.0,0.03988011385939342,0.022145838202212106,-0.12333817373996475,0.0,-0.035722339053413384,0.21678198092057333,-0.007160929718080561
S13_D6 hbo,0.060005721448192745,-0.06429184440877794,0.07286409032994834,0.01714449184234079,-0.015204152393967761,0.060005721448192745,0.07399627375349914,-0.2026351510487474,-0.08989274101119221,-0.07442794600475644,0.08580332945624326,-0.04714735256643716,0.034288983684681563,0.12262624746982426,0.04110904097416619,0.09866169833799884,-0.11885303128541652,-0.08273954931345884,0.0,-0.06857796736936314,0.0,0.008221808194833239,0.0,-0.060005721448192745,0.04286122960585195,0.010935150611280522,-0.004286122960585197,0.0,0.04714735256643715,0.0,0.09866169833799884,-0.10196918205554376,0.032887232779332955,0.10688350653283209,-0.0794959968027457,-0.025716737763511178,0.0,0.0,0.0,-0.11603259043701171,0.008572245921170386,0.15262910819392062,0.24692381332679497,-0.14859524939704488,-0.07715021329053354,0.08221808194833238,0.0,-0.05571959848760755,-0.012858368881755592,0.04714735256643716,0.0,-0.10599466240366094
S13_D11 hbo,0.022442360566154246,-0.020478654016615753,0.049121289198368216,0.041117610608704024,-0.23319294317056527,0.03937321912121312,0.027294596216034295,0.061361535854092146,0.05178918206158962,0.026678928632213973,0.041117610608704024,-0.1726783260957553,0.08270467875986331,0.030382273476166174,0.013955131899927312,0.05712496778803241,0.0,0.026986762424124136,0.0,0.0,0.03201471435865677,-0.03960794789244075,-0.033040826998357316,0.026678928632213973,0.13512362093938074,-0.011697684092586135,0.06936521444375633,-0.05143774949228447,0.0,0.0,0.11221180283077123,0.08441956400406672,-0.03540088606966855,-0.24064818224590676,0.0,-0.06033542321439161,0.028052950707692807,0.11782239297230979,0.09538003240615554,-0.1204231640674762,-0.31609470480504803,0.0,0.03735050008509956,0.1028341021656282,-0.02914159896749527,0.11782239297230979,-0.048432516593865375,-0.06033542321439161,0.0,-0.04545678993873382,0.025329568491423215,-0.03745311134906962
S13_D13 hbo,0.034557697406628,0.0,-0.006753999224431353,0.025828391403372404,-0.019553146412071353,0.011027202760280444,0.04130498999619028,0.002749916313527422,-0.02501536961260467,-0.050150028309484805,-0.002715939997975758,-0.102721299304802,-0.03351967956355089,0.06919214428249472,-0.0806991609332717,0.07968411462463713,-0.026058488431464813,-0.036194005691112044,-0.04994543616030756,-0.05740662729239364,-0.06008095341995479,-0.04994543616030756,0.0,0.01731480136395344,0.021571596383662926,0.14649233259239555,-0.08408688165153229,0.022753424869297788,0.0006844526180195244,0.0037881812806056948,0.08112418898532335,-0.047601261229076645,-0.01902750266394678,0.15302164434605825,-0.06297468037603997,-0.03040156983670895,-0.017372325620976542,-0.03040156983670895,-0.0595781679950157,0.14991225900214716,0.0,0.20418258060754046,0.08044723095252214,-0.07075139451619934,-0.039106292824142706,0.04191747583539137,-0.03351967956355089,-0.11687509487314733,0.09956010784273228,-0.007619382838899614,-0.03351967956355089,-0.03351967956355089
S13_D15 hbo,0.0,0.0,0.01627303945616371,0.010848692970775807,0.1252119980377041,-0.06587006797953605,0.04068259864040928,0.01627303945616371,0.0,-0.08107085289789052,0.0323358329245217,-0.06679515032588128,0.12331744808092136,0.048819118368491135,0.021697385941551614,0.03254607891232742,0.08136519728081856,0.0,0.0,-0.09627163781624501,0.027121732426939518,0.03254607891232742,0.03254607891232742,0.054243464853879035,0.04306889060200434,0.07051650431004275,0.021442754689653554,0.0678043310673488,-0.041103090616020736,0.0,0.03254607891232742,-0.07600392459177237,0.04339477188310323,0.07594085079543066,0.0,0.0,0.0,0.0,-0.07093699628565421,0.36908566355969824,0.16946060223795173,-0.03496390777209335,-1.0,0.018985212698857664,-0.07093699628565421,0.027121732426939518,0.0,-0.13159296376760812,0.03254607891232742,0.03254607891232742,0.035258252155021375,0.0
S14_D12 hbo,0.0,0.007961137125857097,-0.01452519447753872,-0.05050437185419984,-0.036473440394176264,-0.052290700119139395,0.029674836568130504,-0.04377736363423951,-0.08176132225048696,-0.03947965902714872,0.065766374944338,0.03789856085818881,0.0,0.017351762436454716,-0.03760294353007403,-0.03123536538562796,0.01648727683809573,-0.05505661687563316,0.01805468098609953,-0.06733916247226646,0.03637194913640027,0.060278987141216184,0.09968260560511072,-0.03195542785058519,0.16285440382598,0.018760785538927877,0.03608221207597936,0.01794027836996767,0.03377447089730498,-0.02905038895507744,0.021373657000677133,0.004363376178165835,0.04821241265493154,0.08483762265530487,-0.030663362603160778,-0.05277788055503199,-0.040714207584373885,0.011053613415929251,-0.02553783524889082,-0.08182826951010944,0.10151677798331174,-0.08417395309033307,0.04490613559849757,0.014636668545289774,0.004126784225394175,0.018878793809571668,-0.03195542785058519,-0.09460322316240434,-0.05519573901464714,0.03416078697786619,0.07189624120762064,-0.05040133715488161
S14_D13 hbo,0.044638402540728754,-0.11151598669307967,0.044981247414313454,-0.05250070293086284,-0.08261541840384476,0.061849215194681,0.043695770315809616,0.2111238731534621,0.039358591487524276,-0.06300084351703542,0.039358591487524276,-0.02344563255984087,0.005419427399314874,0.011245311853578363,0.02811327963394591,0.04779257537770805,0.1084075490274841,0.07781917724592427,0.1084075490274841,-0.00747814890527411,0.07350594089656101,0.051393593614980276,-0.035585768458582086,-0.02364225202951114,0.042169919450918865,-0.025825842346462267,0.01591956798548744,-0.05783601839935193,-0.05250070293086284,0.0,0.0,0.020966409751099424,-0.040445498952925894,0.008486748863293096,0.0,-0.06803622692081333,0.0,0.0,0.0,-0.07350098410320798,-0.022051680307667614,-0.05662392886835988,-0.06825091381012169,-0.04538770446926207,-0.05445465920035866,0.0,-0.03482284302613671,-0.17191078842694976,-0.021358822558214446,0.01716977323042278,0.031423453260987555,0.05954539960549246
S14_D14 hbo,0.036916191944575155,0.012122255327890259,-0.03675049205160399,-0.035141599542432386,-0.03675049205160399,0.0023372405955932327,0.014293796030512326,-0.002005840809650904,-0.010692003620139178,-0.03675049205160399,0.12427129967112668,0.034744651241953084,-0.05775077322394913,-0.013834903348735213,-0.09913776771368167,-0.04884433364572498,0.0,-0.10703369113646875,0.013029244215732406,-0.049198239359405344,-0.03675049205160399,0.0,0.0,0.0,0.20390317981426764,0.03908773264719722,-0.02625035146543142,0.0,0.14799254750699828,0.0,-0.061576446535297334,0.11643141282360617,0.008686162810488271,0.17187949523584103,0.0,-0.11059019036726915,-0.18933167974427476,-0.11140513319546388,-0.02836439589228504,0.026058488431464813,0.04560235475506342,-0.0686968125034312,0.026058488431464813,0.06344908303914974,0.0,-0.027191906061157994,0.0,-0.0913681588103242,0.0,0.034744651241953084,0.1638079194166609,0.0
S14_D16 hbo,0.040628057679404465,-0.07383238388915031,0.05257748640864107,0.03823817193355714,-0.0518867220900739,0.07256995254832066,0.039111552106458156,0.05257748640864107,-0.06396995023948104,0.10846324260520179,-0.08058775748073299,-0.045721754841104474,0.033458400441862504,0.023898857458473213,0.0104329231562903,0.04301794342525178,0.023898857458473213,0.0766416932138616,0.0,0.12426362260176445,0.09425959849996945,-0.04646382519833397,-0.05666649358176855,0.033458400441862504,0.0,0.027772657377404707,0.0,-0.1235580619874629,-0.008465866455628648,-0.02345328553975592,0.0,0.11942841105860219,-0.058527665108290154,-0.13042126236849658,0.10846324260520179,0.05238443437201094,0.016729200220931252,0.0,-0.07113960747702301,0.0,-0.053839917749470716,-0.06076263724894446,0.0,-0.060931959884590395,-0.044280374766081425,0.0,0.042632246450661826,-0.09462643950449945,0.06850310059275902,-0.035425930793232564,-0.14615829128898028,0.027310648427496576
S15_D13 hbo,0.0,-0.05904545727325988,0.0,-0.04560805269051481,0.005003623720506947,-0.03979971320543396,-0.015892012445635276,0.0,-0.018369098402507982,-0.05204577880710595,-0.04332427834189168,0.009184549201253993,-0.0010205054668060002,-0.06334776446151248,-0.014727647177341202,0.005003623720506947,0.11429661228227189,-0.01618422766740792,0.0,-0.08888287922564496,-0.01834662030852547,-0.046606080063338294,0.0011643652682940674,0.0826609428112859,-0.03979971320543396,-0.05904545727325988,-0.019488507482837026,0.054230649542206015,0.05714830614113596,-0.018369098402507982,-0.021115921487170827,-0.08353758847660385,-0.0682794582812754,-0.05100279524631744,-0.028794438391596584,-0.07294591059204468,-0.02303555071327727,-0.0345533260699159,-0.08618550794774366,-0.03979971320543396,-0.026874809165490142,-0.10987741900531023,-0.0030615164004180006,-0.07357529722355498,-0.09806742842689896,-0.028794438391596584,0.6007113270168185,0.5827513299247923,0.061230328008359945,-0.05292242447242388,0.04186320223302847,-0.05292242447242388
S15_D15 hbo,0.06041911320927394,-0.06108726649432172,0.07104714690100461,0.035346508909939046,-0.11467258798056884,0.004935674068200639,0.0035620367928569066,-0.0616088108222478,0.04973300283070323,-0.3574878193613764,-0.012217453298864343,-0.09229056863105986,0.0,0.0,0.0035620367928569066,0.0,0.05444035048522113,0.020340228789117475,-0.033101419791564335,-0.03515430703978405,0.0534305518928536,0.03562036792856907,0.0,0.02125323290341824,-0.020362422164773908,0.0531954106654503,0.0,0.04274444151428288,0.09956280013947323,0.09946600566140645,0.0,0.08537272965488563,-0.0061253716811744945,0.07012742954449655,-0.0061253716811744945,0.02238201934950897,0.0035620367928569066,0.0,0.0,0.00891962623087379,0.0,0.1634084378723106,0.04274444151428288,-0.07381516743328394,-0.03717390422451912,0.0,0.04274444151428288,0.010164566050644629,-0.3988095963004887,0.07971908782258233,0.0625853193511307,0.009643021722718541
S15_D16 hbo,0.09368700773568168,-0.05589267233637227,-0.01727637376109062,0.05090605541193476,-0.06247998363091886,-0.015240131544613228,0.022297094104419882,0.01808651656338281,0.01847065833172728,0.052515183407394944,-0.03758170594469206,-0.06158337900982504,-0.02898597567579789,0.020362422164773908,0.04060277124886821,0.026471148814206077,0.00939343283033277,0.08314821265430358,-0.031051484631317933,0.04179759632652127,0.06329056184164095,0.010245887465610998,0.015469046990403244,-0.02898597567579789,0.005630142004317749,0.006507775258109846,0.03257987546363825,-0.05961904567521968,0.02568103265481906,-0.03936350662806932,0.034010211459602854,0.061133318979040265,-0.02314888812001139,-0.035219855437955506,-0.052887586307085684,-0.004613012898043676,0.006108726649432171,0.034010211459602854,-0.051877672540506674,0.022398664381251297,-0.0284541875523432,-0.043435991061024096,0.02125638216225179,-0.017333794052106426,-0.01526555253333682,0.034010211459602854,-0.035871112770987,-0.07017910927871922,0.03311625146212498,0.017980358411519307,-0.05517793974681983,-0.02964182088386143
S16_D14 hbo,0.05048757252882424,-0.04026984951703838,-0.016239347863086766,0.0,-0.08385663249990495,-0.023449058336784772,0.04364091414241019,0.05077316106020954,-0.004059836965771691,0.018031275903151515,-0.044658206623488614,0.013937840286628613,-0.0036174547308807058,0.06683331611928986,0.08721649757502634,0.03410263051248221,0.036051352256052625,0.08984279210874624,0.012613493469518256,0.004068236628459491,0.037423297161727195,0.0027392233320781296,-0.00133927955077756,0.007201310811010201,0.08399756017388922,-0.06702744165696353,0.03410263051248221,-0.10493231947945815,0.013971438937379824,-0.059987591028730004,0.05797447187121976,0.05602575012764935,-0.10960253193387687,-0.06899202943005536,-0.015796965628195783,-0.05479939937523003,0.028712846954474968,0.059777599461534915,0.010533177010505585,0.0,-0.006467740269608692,-0.0487180435892603,0.02344065867409697,0.03273068560680764,-0.012177644305606682,0.08819645822193675,-0.11048356322024205,-0.05726610031788167,0.023883040908987952,-0.08318839266829746,0.03909669662830849,-0.0904764999937483
S16_D16 hbo,0.05921190197179304,-0.03748201593046963,-0.009827246212170319,-0.004190905695355491,-0.09232996124584551,0.021121309417715065,0.03223825996059852,0.007162413129326248,-0.033007640817095805,0.055236655055428935,-0.03616152914278166,-0.012441201670921186,0.003540887669137088,0.017755755558281627,0.028853102782207644,0.03329204167177805,0.009799367013287676,0.1066126836822526,-0.031221635119297094,0.021661916851808762,0.04466675481589826,0.006355219057077233,-0.002825627066260146,0.003540887669137088,0.027955051561774323,-0.011684351364419374,0.03329204167177805,-0.06580823393084921,0.015360952303792776,0.007505142342192739,0.0,0.036743232534288774,-0.01346122579418691,-0.039312102966093596,-0.007585228180150391,-0.030228745652959084,-0.027351696981323535,0.0,-0.036460879549592755,-0.03295632360449962,-0.007791456811420319,-0.030225838219155716,0.0,-0.0477894956262238,0.03444483569505333,0.0,0.039123648439216056,-0.05905468391557735,0.026660466457389106,0.02540701324684069,-0.027239455763173607,-0.0011040592982315457
