,Fz,F3,F7,FT9,FC5,FC1,C3,T7,TP9,CP5,CP1,Pz,P3,P7,O1,Oz,O2,P4,P8,TP10,CP6,CP2,Cz,C4,T8,FT10,FC6,FC2,F4,F8,Fp2,AF7,AF3,AFz,F1,F5,FT7,FC3,C1,C5,TP7,CP3,P1,P5,PO7,PO3,POz,PO4,PO8,P6,P2,CPz,CP4,TP8,C6,C2,FC4,FT8,F6,AF8,AF4,F2,FCz
Fz,0.05391304347826087,0.0,0.0,0.0,0.05565217391304348,0.0,0.05565217391304348,0.05565217391304348,0.0,0.05391304347826087,0.017391304347826087,0.0,0.0,0.0,0.0,0.0,0.0,0.0,0.0,0.0,0.05391304347826087,0.0,0.0,0.0,0.043478260869565216,0.0,0.05565217391304348,0.0,0.05565217391304348,0.0,0.0,0.0,0.0,0.0,0.05565217391304348,0.0,0.0,0.0,0.0,0.0,0.04695652173913043,0.0,0.04,0.0,0.0,0.04173913043478261,0.0,0.05565217391304348,0.0,0.0,0.0,0.03130434782608696,0.0,0.034782608695652174,0.03826086956521739,0.05217391304347826,0.0,0.0,0.04695652173913043,0.0,0.0,0.0,0.05565217391304348
F3,0.0,0.0,0.0,0.0,0.0,0.0,0.0,0.0,0.0,0.0,0.0,0.0,0.0,0.0,0.0,0.0,0.0,0.0,0.0,0.0,0.0,0.0,0.0,0.0,0.0,0.0,0.0,0.0,0.0,0.0,0.0,0.0,0.0,0.0,0.0,0.0,0.0,0.0,0.0,0.0,0.0,0.0,0.0,0.0,0.0,0.0,0.0,0.0,0.0,0.0,0.0,0.0,0.0,0.0,0.0,0.0,0.0,0.0,0.0,0.0,0.0,0.0,0.0
F7,0.0,0.0,0.0,0.0,0.0,0.0,0.0,0.0,0.0,0.0,0.0,0.0,0.0,0.0,0.0,0.0,0.0,0.0,0.0,0.0,0.0,0.0,0.0,0.0,0.0,0.0,0.0,0.0,0.0,0.0,0.0,0.0,0.0,0.0,0.0,0.0,0.0,0.0,0.0,0.0,0.0,0.0,0.0,0.0,0.0,0.0,0.0,0.0,0.0,0.0,0.0,0.0,0.0,0.0,0.0,0.0,0.0,0.0,0.0,0.0,0.0,0.0,0.0
FT9,0.0,0.0,0.0,0.0,0.0,0.0,0.0,0.0,0.0,0.0,0.0,0.0,0.0,0.0,0.0,0.0,0.0,0.0,0.0,0.0,0.0,0.0,0.0,0.0,0.0,0.0,0.0,0.0,0.0,0.0,0.0,0.0,0.0,0.0,0.0,0.0,0.0,0.0,0.0,0.0,0.0,0.0,0.0,0.0,0.0,0.0,0.0,0.0,0.0,0.0,0.0,0.0,0.0,0.0,0.0,0.0,0.0,0.0,0.0,0.0,0.0,0.0,0.0
FC5,0.04776119402985075,0.0,0.0,0.0,0.07164179104477612,0.0,0.05373134328358209,0.05223880597014925,0.0,0.04626865671641791,0.023880597014925373,0.0,0.0,0.0,0.0,0.0,0.0,0.0,0.0,0.0,0.05373134328358209,0.0,0.0,0.0,0.04029850746268657,0.0,0.06119402985074627,0.0,0.056716417910447764,0.0,0.0,0.0,0.0,0.0,0.05522388059701493,0.0,0.0,0.0,0.0,0.0,0.041791044776119404,0.0,0.041791044776119404,0.0,0.0,0.03582089552238806,0.0,0.07164179104477612,0.0,0.0,0.0,0.034328358208955224,0.0,0.029850746268656716,0.03582089552238806,0.05223880597014925,0.0,0.0,0.04029850746268657,0.0,0.0,0.0,0.05373134328358209
FC1,0.0,0.0,0.0,0.0,0.0,0.050203527815468114,0.0,0.0,0.0,0.0,0.009497964721845319,0.036635006784260515,0.0,0.0,0.0,0.0,0.04341926729986431,0.035278154681139755,0.048846675712347354,0.0,0.0,0.0,0.04206241519674356,0.04748982360922659,0.0,0.0,0.0,0.0,0.0,0.0,0.027137042062415198,0.037991858887381276,0.0,0.021709633649932156,0.0,0.050203527815468114,0.048846675712347354,0.033921302578018994,0.0,0.050203527815468114,0.0,0.050203527815468114,0.0,0.0,0.04613297150610583,0.0,0.04477611940298507,0.0,0.025780189959294438,0.050203527815468114,0.048846675712347354,0.0,0.013568521031207599,0.0,0.0,0.0,0.0,0.0203527815468114,0.0,0.04341926729986431,0.032564450474898234,0.0407055630936228,0.0
C3,0.05271828665568369,0.0,0.0,0.0,0.05930807248764415,0.0,0.057660626029654036,0.05601317957166392,0.0,0.051070840197693576,0.0214168039538715,0.0,0.0,0.0,0.0,0.0,0.0,0.0,0.0,0.0,0.05271828665568369,0.0,0.0,0.0,0.042833607907743,0.0,0.05930807248764415,0.0,0.05601317957166392,0.0,0.0,0.0,0.0,0.0,0.054365733113673806,0.0,0.0,0.0,0.0,0.0,0.04612850082372323,0.0,0.039538714991762765,0.0,0.0,0.039538714991762765,0.0,0.05930807248764415,0.0,0.0,0.0,0.03130148270181219,0.0,0.032948929159802305,0.03789126853377265,0.051070840197693576,0.0,0.0,0.044481054365733116,0.0,0.0,0.0,0.054365733113673806
T7,0.05306799336650083,0.0,0.0,0.0,0.05804311774461028,0.0,0.05804311774461028,0.05638474295190713,0.0,0.05140961857379768,0.01990049751243781,0.0,0.0,0.0,0.0,0.0,0.0,0.0,0.0,0.0,0.05306799336650083,0.0,0.0,0.0,0.04311774461028192,0.0,0.05804311774461028,0.0,0.05638474295190713,0.0,0.0,0.0,0.0,0.0,0.05472636815920398,0.0,0.0,0.0,0.0,0.0,0.04643449419568822,0.0,0.03980099502487562,0.0,0.0,0.03980099502487562,0.0,0.05804311774461028,0.0,0.0,0.0,0.03150912106135987,0.0,0.03316749585406302,0.03814262023217247,0.05140961857379768,0.0,0.0,0.04477611940298507,0.0,0.0,0.0,0.05472636815920398
TP9,0.0,0.0,0.0,0.0,0.0,0.0,0.0,0.0,0.0,0.0,0.0,0.0,0.0,0.0,0.0,0.0,0.0,0.0,0.0,0.0,0.0,0.0,0.0,0.0,0.0,0.0,0.0,0.0,0.0,0.0,0.0,0.0,0.0,0.0,0.0,0.0,0.0,0.0,0.0,0.0,0.0,0.0,0.0,0.0,0.0,0.0,0.0,0.0,0.0,0.0,0.0,0.0,0.0,0.0,0.0,0.0,0.0,0.0,0.0,0.0,0.0,0.0,0.0
CP5,0.053763440860215055,0.0,0.0,0.0,0.05555555555555555,0.0,0.05555555555555555,0.05555555555555555,0.0,0.053763440860215055,0.017921146953405017,0.0,0.0,0.0,0.0,0.0,0.0,0.0,0.0,0.0,0.053763440860215055,0.0,0.0,0.0,0.043010752688172046,0.0,0.05555555555555555,0.0,0.05555555555555555,0.0,0.0,0.0,0.0,0.0,0.05555555555555555,0.0,0.0,0.0,0.0,0.0,0.04659498207885305,0.0,0.03942652329749104,0.0,0.0,0.043010752688172046,0.0,0.05555555555555555,0.0,0.0,0.0,0.03046594982078853,0.0,0.035842293906810034,0.03763440860215054,0.05197132616487455,0.0,0.0,0.04838709677419355,0.0,0.0,0.0,0.05555555555555555
CP1,0.02666666666666667,0.0,0.0,0.0,0.04666666666666667,0.03,0.03666666666666667,0.03333333333333333,0.0,0.02666666666666667,0.1,0.03333333333333333,0.0,0.0,0.0,0.0,0.03333333333333333,0.0,0.03,0.0,0.02666666666666667,0.0,0.02666666666666667,0.03333333333333333,0.006666666666666667,0.0,0.043333333333333335,0.0,0.03333333333333333,0.0,0.0033333333333333335,0.006666666666666667,0.0,0.0033333333333333335,0.03,0.023333333333333334,0.02,0.0,0.0,0.023333333333333334,0.013333333333333334,0.023333333333333334,0.0,0.0,0.013333333333333334,0.02666666666666667,0.01,0.043333333333333335,0.0,0.03,0.02,0.0,0.03333333333333333,0.0,0.0,0.023333333333333334,0.0,0.0,0.016666666666666666,0.02,0.013333333333333334,0.006666666666666667,0.03
Pz,0.0,0.0,0.0,0.0,0.0,0.04915254237288136,0.0,0.0,0.0,0.0,0.013559322033898305,0.04745762711864407,0.0,0.0,0.0,0.0,0.04915254237288136,0.030508474576271188,0.04915254237288136,0.0,0.0,0.0,0.04745762711864407,0.04915254237288136,0.0,0.0,0.0,0.0,0.0,0.0,0.03389830508474576,0.03728813559322034,0.0,0.02711864406779661,0.0,0.04576271186440678,0.04406779661016949,0.025423728813559324,0.0,0.04576271186440678,0.0,0.04576271186440678,0.0,0.0,0.04067796610169491,0.0,0.03898305084745763,0.0,0.020338983050847456,0.04915254237288136,0.04406779661016949,0.0,0.01864406779661017,0.0,0.0,0.0,0.0,0.025423728813559324,0.0,0.04406779661016949,0.04067796610169491,0.03728813559322034,0.0
P3,0.0,0.0,0.0,0.0,0.0,0.0,0.0,0.0,0.0,0.0,0.0,0.0,0.0,0.0,0.0,0.0,0.0,0.0,0.0,0.0,0.0,0.0,0.0,0.0,0.0,0.0,0.0,0.0,0.0,0.0,0.0,0.0,0.0,0.0,0.0,0.0,0.0,0.0,0.0,0.0,0.0,0.0,0.0,0.0,0.0,0.0,0.0,0.0,0.0,0.0,0.0,0.0,0.0,0.0,0.0,0.0,0.0,0.0,0.0,0.0,0.0,0.0,0.0
P7,0.0,0.0,0.0,0.0,0.0,0.0,0.0,0.0,0.0,0.0,0.0,0.0,0.0,0.0,0.0,0.0,0.0,0.0,0.0,0.0,0.0,0.0,0.0,0.0,0.0,0.0,0.0,0.0,0.0,0.0,0.0,0.0,0.0,0.0,0.0,0.0,0.0,0.0,0.0,0.0,0.0,0.0,0.0,0.0,0.0,0.0,0.0,0.0,0.0,0.0,0.0,0.0,0.0,0.0,0.0,0.0,0.0,0.0,0.0,0.0,0.0,0.0,0.0
O1,0.0,0.0,0.0,0.0,0.0,0.0,0.0,0.0,0.0,0.0,0.0,0.0,0.0,0.0,0.0,0.0,0.0,0.0,0.0,0.0,0.0,0.0,0.0,0.0,0.0,0.0,0.0,0.0,0.0,0.0,0.0,0.0,0.0,0.0,0.0,0.0,0.0,0.0,0.0,0.0,0.0,0.0,0.0,0.0,0.0,0.0,0.0,0.0,0.0,0.0,0.0,0.0,0.0,0.0,0.0,0.0,0.0,0.0,0.0,0.0,0.0,0.0,0.0
Oz,0.0,0.0,0.0,0.0,0.0,0.0,0.0,0.0,0.0,0.0,0.0,0.0,0.0,0.0,0.0,0.0,0.0,0.0,0.0,0.0,0.0,0.0,0.0,0.0,0.0,0.0,0.0,0.0,0.0,0.0,0.0,0.0,0.0,0.0,0.0,0.0,0.0,0.0,0.0,0.0,0.0,0.0,0.0,0.0,0.0,0.0,0.0,0.0,0.0,0.0,0.0,0.0,0.0,0.0,0.0,0.0,0.0,0.0,0.0,0.0,0.0,0.0,0.0
O2,0.0,0.0,0.0,0.0,0.0,0.04985337243401759,0.0,0.0,0.0,0.0,0.011730205278592375,0.04105571847507331,0.0,0.0,0.0,0.0,0.04838709677419355,0.03372434017595308,0.04985337243401759,0.0,0.0,0.0,0.045454545454545456,0.04985337243401759,0.0,0.0,0.0,0.0,0.0,0.0,0.02932551319648094,0.039589442815249266,0.0,0.02346041055718475,0.0,0.0469208211143695,0.045454545454545456,0.02932551319648094,0.0,0.0469208211143695,0.0,0.0469208211143695,0.0,0.0,0.04252199413489736,0.0,0.04105571847507331,0.0,0.024926686217008796,0.04985337243401759,0.045454545454545456,0.0,0.016129032258064516,0.0,0.0,0.0,0.0,0.021994134897360705,0.0,0.045454545454545456,0.03519061583577713,0.039589442815249266,0.0
P4,0.0,0.0,0.0,0.0,0.0,0.048417132216014895,0.0,0.0,0.0,0.0,0.0,0.0297951582867784,0.0,0.0,0.0,0.0,0.03910614525139665,0.04655493482309125,0.04655493482309125,0.0,0.0,0.0,0.037243947858473,0.0446927374301676,0.0,0.0,0.0,0.0,0.0,0.0,0.0297951582867784,0.04283054003724395,0.0,0.0223463687150838,0.0,0.048417132216014895,0.048417132216014895,0.0446927374301676,0.0,0.048417132216014895,0.0,0.048417132216014895,0.0,0.0,0.048417132216014895,0.0,0.048417132216014895,0.0,0.035381750465549346,0.048417132216014895,0.048417132216014895,0.0,0.0,0.0,0.0,0.0,0.0,0.024208566108007448,0.0,0.04283054003724395,0.03165735567970205,0.04655493482309125,0.0
P8,0.0,0.0,0.0,0.0,0.0,0.05075445816186557,0.0,0.0,0.0,0.0,0.009602194787379973,0.037037037037037035,0.0,0.0,0.0,0.0,0.0438957475994513,0.03566529492455418,0.04938271604938271,0.0,0.0,0.0,0.04252400548696845,0.04801097393689986,0.0,0.0,0.0,0.0,0.0,0.0,0.027434842249657063,0.038408779149519894,0.0,0.02194787379972565,0.0,0.04938271604938271,0.04801097393689986,0.03292181069958848,0.0,0.04938271604938271,0.0,0.04938271604938271,0.0,0.0,0.04526748971193416,0.0,0.0438957475994513,0.0,0.02606310013717421,0.05075445816186557,0.04801097393689986,0.0,0.013717421124828532,0.0,0.0,0.0,0.0,0.0205761316872428,0.0,0.0438957475994513,0.03292181069958848,0.0411522633744856,0.0
TP10,0.0,0.0,0.0,0.0,0.0,0.0,0.0,0.0,0.0,0.0,0.0,0.0,0.0,0.0,0.0,0.0,0.0,0.0,0.0,0.0,0.0,0.0,0.0,0.0,0.0,0.0,0.0,0.0,0.0,0.0,0.0,0.0,0.0,0.0,0.0,0.0,0.0,0.0,0.0,0.0,0.0,0.0,0.0,0.0,0.0,0.0,0.0,0.0,0.0,0.0,0.0,0.0,0.0,0.0,0.0,0.0,0.0,0.0,0.0,0.0,0.0,0.0,0.0
CP6,0.0512,0.0,0.0,0.0,0.0576,0.0,0.0544,0.0544,0.0,0.0496,0.016,0.0,0.0,0.0,0.0,0.0,0.0,0.0,0.0,0.0,0.056,0.0,0.0,0.0,0.0432,0.0,0.0576,0.0,0.0576,0.0,0.0,0.0,0.0,0.0,0.0576,0.0,0.0,0.0,0.0,0.0,0.0448,0.0,0.0432,0.0,0.0,0.0384,0.0,0.0576,0.0,0.0,0.0,0.0352,0.0,0.032,0.0384,0.0544,0.0,0.0,0.0432,0.0,0.0,0.0,0.0576
CP2,0.0,0.0,0.0,0.0,0.0,0.0,0.0,0.0,0.0,0.0,0.0,0.0,0.0,0.0,0.0,0.0,0.0,0.0,0.0,0.0,0.0,0.0,0.0,0.0,0.0,0.0,0.0,0.0,0.0,0.0,0.0,0.0,0.0,0.0,0.0,0.0,0.0,0.0,0.0,0.0,0.0,0.0,0.0,0.0,0.0,0.0,0.0,0.0,0.0,0.0,0.0,0.0,0.0,0.0,0.0,0.0,0.0,0.0,0.0,0.0,0.0,0.0,0.0
Cz,0.0,0.0,0.0,0.0,0.0,0.047839506172839504,0.0,0.0,0.0,0.0,0.009259259259259259,0.040123456790123455,0.0,0.0,0.0,0.0,0.047839506172839504,0.033950617283950615,0.047839506172839504,0.0,0.0,0.0,0.046296296296296294,0.047839506172839504,0.0,0.0,0.0,0.0,0.0,0.0,0.030864197530864196,0.040123456790123455,0.0,0.024691358024691357,0.0,0.047839506172839504,0.046296296296296294,0.029320987654320986,0.0,0.047839506172839504,0.0,0.047839506172839504,0.0,0.0,0.043209876543209874,0.0,0.041666666666666664,0.0,0.024691358024691357,0.047839506172839504,0.046296296296296294,0.0,0.013888888888888888,0.0,0.0,0.0,0.0,0.023148148148148147,0.0,0.046296296296296294,0.037037037037037035,0.040123456790123455,0.0
C4,0.0,0.0,0.0,0.0,0.0,0.05089408528198074,0.0,0.0,0.0,0.0,0.011004126547455296,0.03851444291609354,0.0,0.0,0.0,0.0,0.0453920220082531,0.03576341127922971,0.05089408528198074,0.0,0.0,0.0,0.04264099037138927,0.04951856946354883,0.0,0.0,0.0,0.0,0.0,0.0,0.027510316368638238,0.03851444291609354,0.0,0.02200825309491059,0.0,0.048143053645116916,0.04676753782668501,0.03163686382393398,0.0,0.048143053645116916,0.0,0.048143053645116916,0.0,0.0,0.04401650618982118,0.0,0.04264099037138927,0.0,0.026134800550206328,0.05089408528198074,0.04676753782668501,0.0,0.015130674002751032,0.0,0.0,0.0,0.0,0.02063273727647868,0.0,0.04401650618982118,0.033012379642365884,0.04126547455295736,0.0
T8,0.052941176470588235,0.0,0.0,0.0,0.052941176470588235,0.0,0.052941176470588235,0.052941176470588235,0.0,0.050980392156862744,0.00784313725490196,0.0,0.0,0.0,0.0,0.0,0.0,0.0,0.0,0.0,0.052941176470588235,0.0,0.0,0.0,0.050980392156862744,0.0,0.052941176470588235,0.0,0.052941176470588235,0.0,0.0,0.0,0.0,0.0,0.052941176470588235,0.0,0.0,0.0,0.0,0.0,0.052941176470588235,0.0,0.047058823529411764,0.0,0.0,0.03725490196078431,0.0,0.052941176470588235,0.0,0.0,0.0,0.03725490196078431,0.0,0.0392156862745098,0.045098039215686274,0.052941176470588235,0.0,0.0,0.049019607843137254,0.0,0.0,0.0,0.052941176470588235
FT10,0.0,0.0,0.0,0.0,0.0,0.0,0.0,0.0,0.0,0.0,0.0,0.0,0.0,0.0,0.0,0.0,0.0,0.0,0.0,0.0,0.0,0.0,0.0,0.0,0.0,0.0,0.0,0.0,0.0,0.0,0.0,0.0,0.0,0.0,0.0,0.0,0.0,0.0,0.0,0.0,0.0,0.0,0.0,0.0,0.0,0.0,0.0,0.0,0.0,0.0,0.0,0.0,0.0,0.0,0.0,0.0,0.0,0.0,0.0,0.0,0.0,0.0,0.0
FC6,0.04878048780487805,0.0,0.0,0.0,0.06402439024390244,0.0,0.054878048780487805,0.053353658536585365,0.0,0.04725609756097561,0.022865853658536585,0.0,0.0,0.0,0.0,0.0,0.0,0.0,0.0,0.0,0.054878048780487805,0.0,0.0,0.0,0.041158536585365856,0.0,0.0625,0.0,0.057926829268292686,0.0,0.0,0.0,0.0,0.0,0.056402439024390245,0.0,0.0,0.0,0.0,0.0,0.042682926829268296,0.0,0.042682926829268296,0.0,0.0,0.036585365853658534,0.0,0.0625,0.0,0.0,0.0,0.0350609756097561,0.0,0.03048780487804878,0.036585365853658534,0.053353658536585365,0.0,0.0,0.041158536585365856,0.0,0.0,0.0,0.054878048780487805
FC2,0.0,0.0,0.0,0.0,0.0,0.0,0.0,0.0,0.0,0.0,0.0,0.0,0.0,0.0,0.0,0.0,0.0,0.0,0.0,0.0,0.0,0.0,0.0,0.0,0.0,0.0,0.0,0.0,0.0,0.0,0.0,0.0,0.0,0.0,0.0,0.0,0.0,0.0,0.0,0.0,0.0,0.0,0.0,0.0,0.0,0.0,0.0,0.0,0.0,0.0,0.0,0.0,0.0,0.0,0.0,0.0,0.0,0.0,0.0,0.0,0.0,0.0,0.0
F4,0.04953560371517028,0.0,0.0,0.0,0.06037151702786378,0.0,0.05572755417956656,0.05417956656346749,0.0,0.047987616099071206,0.018575851393188854,0.0,0.0,0.0,0.0,0.0,0.0,0.0,0.0,0.0,0.05572755417956656,0.0,0.0,0.0,0.04179566563467492,0.0,0.06037151702786378,0.0,0.058823529411764705,0.0,0.0,0.0,0.0,0.0,0.05727554179566564,0.0,0.0,0.0,0.0,0.0,0.043343653250773995,0.0,0.043343653250773995,0.0,0.0,0.03715170278637771,0.0,0.06037151702786378,0.0,0.0,0.0,0.03560371517027864,0.0,0.030959752321981424,0.03715170278637771,0.05417956656346749,0.0,0.0,0.04179566563467492,0.0,0.0,0.0,0.05572755417956656
F8,0.0,0.0,0.0,0.0,0.0,0.0,0.0,0.0,0.0,0.0,0.0,0.0,0.0,0.0,0.0,0.0,0.0,0.0,0.0,0.0,0.0,0.0,0.0,0.0,0.0,0.0,0.0,0.0,0.0,0.0,0.0,0.0,0.0,0.0,0.0,0.0,0.0,0.0,0.0,0.0,0.0,0.0,0.0,0.0,0.0,0.0,0.0,0.0,0.0,0.0,0.0,0.0,0.0,0.0,0.0,0.0,0.0,0.0,0.0,0.0,0.0,0.0,0.0
Fp2,0.0,0.0,0.0,0.0,0.0,0.04395604395604396,0.0,0.0,0.0,0.0,0.0,0.041758241758241756,0.0,0.0,0.0,0.0,0.04395604395604396,0.03956043956043956,0.04395604395604396,0.0,0.0,0.0,0.04395604395604396,0.04395604395604396,0.0,0.0,0.0,0.0,0.0,0.0,0.041758241758241756,0.04395604395604396,0.0,0.03296703296703297,0.0,0.04395604395604396,0.04395604395604396,0.03296703296703297,0.0,0.04395604395604396,0.0,0.04395604395604396,0.0,0.0,0.04395604395604396,0.0,0.04395604395604396,0.0,0.026373626373626374,0.04395604395604396,0.04395604395604396,0.0,0.004395604395604396,0.0,0.0,0.0,0.0,0.03296703296703297,0.0,0.04395604395604396,0.04395604395604396,0.04395604395604396,0.0
AF7,0.0,0.0,0.0,0.0,0.0,0.04666666666666667,0.0,0.0,0.0,0.0,0.0,0.03333333333333333,0.0,0.0,0.0,0.0,0.041666666666666664,0.041666666666666664,0.04666666666666667,0.0,0.0,0.0,0.04,0.04666666666666667,0.0,0.0,0.0,0.0,0.0,0.0,0.03333333333333333,0.045,0.0,0.02666666666666667,0.0,0.04666666666666667,0.04666666666666667,0.03666666666666667,0.0,0.04666666666666667,0.0,0.04666666666666667,0.0,0.0,0.04666666666666667,0.0,0.04666666666666667,0.0,0.03166666666666667,0.04666666666666667,0.04666666666666667,0.0,0.005,0.0,0.0,0.0,0.0,0.025,0.0,0.045,0.035,0.04666666666666667,0.0
AF3,0.0,0.0,0.0,0.0,0.0,0.0,0.0,0.0,0.0,0.0,0.0,0.0,0.0,0.0,0.0,0.0,0.0,0.0,0.0,0.0,0.0,0.0,0.0,0.0,0.0,0.0,0.0,0.0,0.0,0.0,0.0,0.0,0.0,0.0,0.0,0.0,0.0,0.0,0.0,0.0,0.0,0.0,0.0,0.0,0.0,0.0,0.0,0.0,0.0,0.0,0.0,0.0,0.0,0.0,0.0,0.0,0.0,0.0,0.0,0.0,0.0,0.0,0.0
AFz,0.0,0.0,0.0,0.0,0.0,0.04336043360433604,0.0,0.0,0.0,0.0,0.0,0.04336043360433604,0.0,0.0,0.0,0.0,0.04336043360433604,0.037940379403794036,0.04336043360433604,0.0,0.0,0.0,0.04336043360433604,0.04336043360433604,0.0,0.0,0.0,0.0,0.0,0.0,0.04336043360433604,0.04336043360433604,0.0,0.04065040650406504,0.0,0.04336043360433604,0.04336043360433604,0.02981029810298103,0.0,0.04336043360433604,0.0,0.04336043360433604,0.0,0.0,0.04336043360433604,0.0,0.04336043360433604,0.0,0.02168021680216802,0.04336043360433604,0.04336043360433604,0.0,0.005420054200542005,0.0,0.0,0.0,0.0,0.04065040650406504,0.0,0.04336043360433604,0.04336043360433604,0.04336043360433604,0.0
F1,0.0499219968798752,0.0,0.0,0.0,0.059282371294851796,0.0,0.054602184087363496,0.054602184087363496,0.0,0.0483619344773791,0.0171606864274571,0.0,0.0,0.0,0.0,0.0,0.0,0.0,0.0,0.0,0.056162246489859596,0.0,0.0,0.0,0.0421216848673947,0.0,0.059282371294851796,0.0,0.059282371294851796,0.0,0.0,0.0,0.0,0.0,0.057722308892355696,0.0,0.0,0.0,0.0,0.0,0.0436817472698908,0.0,0.0436817472698908,0.0,0.0,0.0374414976599064,0.0,0.059282371294851796,0.0,0.0,0.0,0.0358814352574103,0.0,0.031201248049921998,0.0374414976599064,0.054602184087363496,0.0,0.0,0.0421216848673947,0.0,0.0,0.0,0.056162246489859596
F5,0.0,0.0,0.0,0.0,0.0,0.04748982360922659,0.0,0.0,0.0,0.0,0.0067842605156037995,0.033921302578018994,0.0,0.0,0.0,0.0,0.0407055630936228,0.035278154681139755,0.04613297150610583,0.0,0.0,0.0,0.03934871099050204,0.04477611940298507,0.0,0.0,0.0,0.0,0.0,0.0,0.027137042062415198,0.037991858887381276,0.0,0.021709633649932156,0.0,0.051560379918588875,0.052917232021709636,0.037991858887381276,0.0,0.052917232021709636,0.0,0.052917232021709636,0.0,0.0,0.04748982360922659,0.0,0.048846675712347354,0.0,0.025780189959294438,0.04748982360922659,0.052917232021709636,0.0,0.010854816824966078,0.0,0.0,0.0,0.0,0.0203527815468114,0.0,0.04341926729986431,0.032564450474898234,0.0407055630936228,0.0
FT7,0.0,0.0,0.0,0.0,0.0,0.04415584415584416,0.0,0.0,0.0,0.0,0.005194805194805195,0.03116883116883117,0.0,0.0,0.0,0.0,0.03766233766233766,0.033766233766233764,0.04285714285714286,0.0,0.0,0.0,0.03636363636363636,0.04155844155844156,0.0,0.0,0.0,0.0,0.0,0.0,0.025974025974025976,0.03636363636363636,0.0,0.02077922077922078,0.0,0.048051948051948054,0.06883116883116883,0.03636363636363636,0.0,0.06883116883116883,0.0,0.06363636363636363,0.0,0.0,0.045454545454545456,0.0,0.046753246753246755,0.0,0.024675324675324677,0.04415584415584416,0.05844155844155844,0.0,0.00909090909090909,0.0,0.0,0.0,0.0,0.01948051948051948,0.0,0.04025974025974026,0.03116883116883117,0.03896103896103896,0.0
FC3,0.0,0.0,0.0,0.0,0.0,0.046,0.0,0.0,0.0,0.0,0.0,0.026,0.0,0.0,0.0,0.0,0.036,0.044,0.044,0.0,0.0,0.0,0.034,0.042,0.0,0.0,0.0,0.0,0.0,0.0,0.026,0.04,0.0,0.018,0.0,0.052,0.056,0.054,0.0,0.054,0.0,0.054,0.0,0.0,0.05,0.0,0.054,0.0,0.038,0.046,0.054,0.0,0.0,0.0,0.0,0.0,0.0,0.02,0.0,0.04,0.028,0.044,0.0
C1,0.0,0.0,0.0,0.0,0.0,0.0,0.0,0.0,0.0,0.0,0.0,0.0,0.0,0.0,0.0,0.0,0.0,0.0,0.0,0.0,0.0,0.0,0.0,0.0,0.0,0.0,0.0,0.0,0.0,0.0,0.0,0.0,0.0,0.0,0.0,0.0,0.0,0.0,0.0,0.0,0.0,0.0,0.0,0.0,0.0,0.0,0.0,0.0,0.0,0.0,0.0,0.0,0.0,0.0,0.0,0.0,0.0,0.0,0.0,0.0,0.0,0.0,0.0
C5,0.0,0.0,0.0,0.0,0.0,0.044416243654822336,0.0,0.0,0.0,0.0,0.006345177664974619,0.031725888324873094,0.0,0.0,0.0,0.0,0.03807106598984772,0.03299492385786802,0.04314720812182741,0.0,0.0,0.0,0.03680203045685279,0.04187817258883249,0.0,0.0,0.0,0.0,0.0,0.0,0.025380710659898477,0.03553299492385787,0.0,0.02030456852791878,0.0,0.048223350253807105,0.06979695431472081,0.03553299492385787,0.0,0.07106598984771574,0.0,0.06345177664974619,0.0,0.0,0.044416243654822336,0.0,0.04568527918781726,0.0,0.024111675126903553,0.044416243654822336,0.0583756345177665,0.0,0.01015228426395939,0.0,0.0,0.0,0.0,0.01903553299492386,0.0,0.04060913705583756,0.030456852791878174,0.03807106598984772,0.0
TP7,0.05333333333333334,0.0,0.0,0.0,0.05333333333333334,0.0,0.05333333333333334,0.05333333333333334,0.0,0.05333333333333334,0.011428571428571429,0.0,0.0,0.0,0.0,0.0,0.0,0.0,0.0,0.0,0.05333333333333334,0.0,0.0,0.0,0.047619047619047616,0.0,0.05333333333333334,0.0,0.05333333333333334,0.0,0.0,0.0,0.0,0.0,0.05333333333333334,0.0,0.0,0.0,0.0,0.0,0.05142857142857143,0.0,0.04380952380952381,0.0,0.0,0.04,0.0,0.05333333333333334,0.0,0.0,0.0,0.03428571428571429,0.0,0.0380952380952381,0.0419047619047619,0.05333333333333334,0.0,0.0,0.05142857142857143,0.0,0.0,0.0,0.05333333333333334
CP3,0.0,0.0,0.0,0.0,0.0,0.04504504504504504,0.0,0.0,0.0,0.0,0.006435006435006435,0.032175032175032175,0.0,0.0,0.0,0.0,0.03861003861003861,0.03346203346203346,0.043758043758043756,0.0,0.0,0.0,0.03732303732303732,0.04247104247104247,0.0,0.0,0.0,0.0,0.0,0.0,0.02574002574002574,0.036036036036036036,0.0,0.02059202059202059,0.0,0.0489060489060489,0.06563706563706563,0.036036036036036036,0.0,0.06435006435006435,0.0,0.06306306306306306,0.0,0.0,0.04504504504504504,0.0,0.04633204633204633,0.0,0.02445302445302445,0.04504504504504504,0.059202059202059204,0.0,0.010296010296010296,0.0,0.0,0.0,0.0,0.019305019305019305,0.0,0.04118404118404118,0.03088803088803089,0.03861003861003861,0.0
P1,0.04690431519699812,0.0,0.0,0.0,0.05628517823639775,0.0,0.04878048780487805,0.04878048780487805,0.0,0.0450281425891182,0.00375234521575985,0.0,0.0,0.0,0.0,0.0,0.0,0.0,0.0,0.0,0.054409005628517824,0.0,0.0,0.0,0.04878048780487805,0.0,0.05628517823639775,0.0,0.05628517823639775,0.0,0.0,0.0,0.0,0.0,0.05628517823639775,0.0,0.0,0.0,0.0,0.0,0.04690431519699812,0.0,0.058161350844277676,0.0,0.0,0.03189493433395872,0.0,0.058161350844277676,0.0,0.0,0.0,0.0450281425891182,0.0,0.0375234521575985,0.0450281425891182,0.0600375234521576,0.0,0.0,0.043151969981238276,0.0,0.0,0.0,0.0525328330206379
P5,0.0,0.0,0.0,0.0,0.0,0.0,0.0,0.0,0.0,0.0,0.0,0.0,0.0,0.0,0.0,0.0,0.0,0.0,0.0,0.0,0.0,0.0,0.0,0.0,0.0,0.0,0.0,0.0,0.0,0.0,0.0,0.0,0.0,0.0,0.0,0.0,0.0,0.0,0.0,0.0,0.0,0.0,0.0,0.0,0.0,0.0,0.0,0.0,0.0,0.0,0.0,0.0,0.0,0.0,0.0,0.0,0.0,0.0,0.0,0.0,0.0,0.0,0.0
PO7,0.0,0.0,0.0,0.0,0.0,0.04678362573099415,0.0,0.0,0.0,0.0,0.0029239766081871343,0.03216374269005848,0.0,0.0,0.0,0.0,0.039473684210526314,0.038011695906432746,0.04532163742690058,0.0,0.0,0.0,0.038011695906432746,0.043859649122807015,0.0,0.0,0.0,0.0,0.0,0.0,0.029239766081871343,0.04093567251461988,0.0,0.023391812865497075,0.0,0.05116959064327485,0.05116959064327485,0.039473684210526314,0.0,0.05116959064327485,0.0,0.05116959064327485,0.0,0.0,0.049707602339181284,0.0,0.05116959064327485,0.0,0.027777777777777776,0.04678362573099415,0.05116959064327485,0.0,0.007309941520467836,0.0,0.0,0.0,0.0,0.021929824561403508,0.0,0.04239766081871345,0.033625730994152045,0.043859649122807015,0.0
PO3,0.054245283018867926,0.0,0.0,0.0,0.05660377358490566,0.0,0.05660377358490566,0.05660377358490566,0.0,0.054245283018867926,0.02358490566037736,0.0,0.0,0.0,0.0,0.0,0.0,0.0,0.0,0.0,0.054245283018867926,0.0,0.0,0.0,0.04009433962264151,0.0,0.05660377358490566,0.0,0.05660377358490566,0.0,0.0,0.0,0.0,0.0,0.05660377358490566,0.0,0.0,0.0,0.0,0.0,0.04481132075471698,0.0,0.03537735849056604,0.0,0.0,0.054245283018867926,0.0,0.05660377358490566,0.0,0.0,0.0,0.02358490566037736,0.0,0.030660377358490566,0.0330188679245283,0.05188679245283019,0.0,0.0,0.04716981132075472,0.0,0.0,0.0,0.05660377358490566
POz,0.0,0.0,0.0,0.0,0.0,0.04606240713224369,0.0,0.0,0.0,0.0,0.0014858841010401188,0.031203566121842496,0.0,0.0,0.0,0.0,0.03863298662704309,0.03863298662704309,0.04457652303120357,0.0,0.0,0.0,0.03714710252600297,0.04309063893016345,0.0,0.0,0.0,0.0,0.0,0.0,0.029717682020802376,0.041604754829123326,0.0,0.0237741456166419,0.0,0.05052005943536404,0.05349182763744428,0.041604754829123326,0.0,0.05200594353640416,0.0,0.05200594353640416,0.0,0.0,0.04903417533432392,0.0,0.05200594353640416,0.0,0.02823179791976226,0.04606240713224369,0.05200594353640416,0.0,0.005943536404160475,0.0,0.0,0.0,0.0,0.022288261515601784,0.0,0.041604754829123326,0.03268945022288262,0.04457652303120357,0.0
PO4,0.0469208211143695,0.0,0.0,0.0,0.07331378299120235,0.0,0.05278592375366569,0.051319648093841645,0.0,0.045454545454545456,0.021994134897360705,0.0,0.0,0.0,0.0,0.0,0.0,0.0,0.0,0.0,0.05278592375366569,0.0,0.0,0.0,0.039589442815249266,0.0,0.06158357771260997,0.0,0.05718475073313783,0.0,0.0,0.0,0.0,0.0,0.05571847507331378,0.0,0.0,0.0,0.0,0.0,0.04105571847507331,0.0,0.04252199413489736,0.0,0.0,0.03519061583577713,0.0,0.07771260997067449,0.0,0.0,0.0,0.03519061583577713,0.0,0.02932551319648094,0.03519061583577713,0.05278592375366569,0.0,0.0,0.039589442815249266,0.0,0.0,0.0,0.05278592375366569
PO8,0.0,0.0,0.0,0.0,0.0,0.04871794871794872,0.0,0.0,0.0,0.0,0.0,0.02564102564102564,0.0,0.0,0.0,0.0,0.038461538461538464,0.04871794871794872,0.04871794871794872,0.0,0.0,0.0,0.035897435897435895,0.046153846153846156,0.0,0.0,0.0,0.0,0.0,0.0,0.02564102564102564,0.04358974358974359,0.0,0.015384615384615385,0.0,0.04871794871794872,0.04871794871794872,0.04871794871794872,0.0,0.04871794871794872,0.0,0.04871794871794872,0.0,0.0,0.04871794871794872,0.0,0.04871794871794872,0.0,0.046153846153846156,0.04871794871794872,0.04871794871794872,0.0,0.0,0.0,0.0,0.0,0.0,0.017948717948717947,0.0,0.04358974358974359,0.028205128205128206,0.04871794871794872,0.0
P6,0.0,0.0,0.0,0.0,0.0,0.050203527815468114,0.0,0.0,0.0,0.0,0.009497964721845319,0.036635006784260515,0.0,0.0,0.0,0.0,0.04341926729986431,0.035278154681139755,0.048846675712347354,0.0,0.0,0.0,0.04206241519674356,0.04748982360922659,0.0,0.0,0.0,0.0,0.0,0.0,0.027137042062415198,0.037991858887381276,0.0,0.021709633649932156,0.0,0.050203527815468114,0.048846675712347354,0.033921302578018994,0.0,0.050203527815468114,0.0,0.050203527815468114,0.0,0.0,0.04613297150610583,0.0,0.04477611940298507,0.0,0.025780189959294438,0.050203527815468114,0.048846675712347354,0.0,0.013568521031207599,0.0,0.0,0.0,0.0,0.0203527815468114,0.0,0.04341926729986431,0.032564450474898234,0.0407055630936228,0.0
P2,0.0,0.0,0.0,0.0,0.0,0.04533333333333334,0.0,0.0,0.0,0.0,0.005333333333333333,0.032,0.0,0.0,0.0,0.0,0.03866666666666667,0.034666666666666665,0.044,0.0,0.0,0.0,0.037333333333333336,0.042666666666666665,0.0,0.0,0.0,0.0,0.0,0.0,0.02666666666666667,0.037333333333333336,0.0,0.021333333333333333,0.0,0.04933333333333333,0.06133333333333333,0.037333333333333336,0.0,0.06,0.0,0.06,0.0,0.0,0.04666666666666667,0.0,0.048,0.0,0.025333333333333333,0.04533333333333334,0.058666666666666666,0.0,0.009333333333333334,0.0,0.0,0.0,0.0,0.02,0.0,0.04133333333333333,0.032,0.04,0.0
CPz,0.046620046620046623,0.0,0.0,0.0,0.055944055944055944,0.0,0.04895104895104895,0.04895104895104895,0.0,0.04428904428904429,0.0,0.0,0.0,0.0,0.0,0.0,0.0,0.0,0.0,0.0,0.055944055944055944,0.0,0.0,0.0,0.04895104895104895,0.0,0.055944055944055944,0.0,0.055944055944055944,0.0,0.0,0.0,0.0,0.0,0.055944055944055944,0.0,0.0,0.0,0.0,0.0,0.046620046620046623,0.0,0.055944055944055944,0.0,0.0,0.027972027972027972,0.0,0.055944055944055944,0.0,0.0,0.0,0.053613053613053616,0.0,0.04195804195804196,0.04895104895104895,0.055944055944055944,0.0,0.0,0.04195804195804196,0.0,0.0,0.0,0.053613053613053616
CP4,0.0,0.0,0.0,0.0,0.0,0.06,0.0,0.0,0.0,0.0,0.04,0.06,0.0,0.0,0.0,0.0,0.06,0.005,0.06,0.0,0.0,0.0,0.055,0.06,0.0,0.0,0.0,0.0,0.0,0.0,0.02,0.025,0.0,0.02,0.0,0.05,0.045,0.0,0.0,0.05,0.0,0.05,0.0,0.0,0.035,0.0,0.03,0.0,0.0,0.06,0.045,0.0,0.055,0.0,0.0,0.0,0.0,0.01,0.0,0.045,0.035,0.025,0.0
TP8,0.05128205128205128,0.0,0.0,0.0,0.05128205128205128,0.0,0.05128205128205128,0.05128205128205128,0.0,0.05128205128205128,0.0,0.0,0.0,0.0,0.0,0.0,0.0,0.0,0.0,0.0,0.05128205128205128,0.0,0.0,0.0,0.05128205128205128,0.0,0.05128205128205128,0.0,0.05128205128205128,0.0,0.0,0.0,0.0,0.0,0.05128205128205128,0.0,0.0,0.0,0.0,0.0,0.05128205128205128,0.0,0.05128205128205128,0.0,0.0,0.038461538461538464,0.0,0.05128205128205128,0.0,0.0,0.0,0.041025641025641026,0.0,0.04871794871794872,0.05128205128205128,0.05128205128205128,0.0,0.0,0.05128205128205128,0.0,0.0,0.0,0.05128205128205128
C6,0.05217391304347826,0.0,0.0,0.0,0.05217391304347826,0.0,0.05217391304347826,0.05217391304347826,0.0,0.05,0.002173913043478261,0.0,0.0,0.0,0.0,0.0,0.0,0.0,0.0,0.0,0.05217391304347826,0.0,0.0,0.0,0.05217391304347826,0.0,0.05217391304347826,0.0,0.05217391304347826,0.0,0.0,0.0,0.0,0.0,0.05217391304347826,0.0,0.0,0.0,0.0,0.0,0.05217391304347826,0.0,0.05217391304347826,0.0,0.0,0.034782608695652174,0.0,0.05217391304347826,0.0,0.0,0.0,0.041304347826086954,0.0,0.043478260869565216,0.05,0.05217391304347826,0.0,0.0,0.04782608695652174,0.0,0.0,0.0,0.05217391304347826
C2,0.050314465408805034,0.0,0.0,0.0,0.05817610062893082,0.0,0.05188679245283019,0.05188679245283019,0.0,0.04874213836477988,0.014150943396226415,0.0,0.0,0.0,0.0,0.0,0.0,0.0,0.0,0.0,0.05660377358490566,0.0,0.0,0.0,0.04245283018867924,0.0,0.05817610062893082,0.0,0.05817610062893082,0.0,0.0,0.0,0.0,0.0,0.05817610062893082,0.0,0.0,0.0,0.0,0.0,0.0440251572327044,0.0,0.04716981132075472,0.0,0.0,0.03773584905660377,0.0,0.059748427672955975,0.0,0.0,0.0,0.03773584905660377,0.0,0.031446540880503145,0.03773584905660377,0.05817610062893082,0.0,0.0,0.04245283018867924,0.0,0.0,0.0,0.055031446540880505
FC4,0.0,0.0,0.0,0.0,0.0,0.0,0.0,0.0,0.0,0.0,0.0,0.0,0.0,0.0,0.0,0.0,0.0,0.0,0.0,0.0,0.0,0.0,0.0,0.0,0.0,0.0,0.0,0.0,0.0,0.0,0.0,0.0,0.0,0.0,0.0,0.0,0.0,0.0,0.0,0.0,0.0,0.0,0.0,0.0,0.0,0.0,0.0,0.0,0.0,0.0,0.0,0.0,0.0,0.0,0.0,0.0,0.0,0.0,0.0,0.0,0.0,0.0,0.0
FT8,0.0,0.0,0.0,0.0,0.0,0.04310344827586207,0.0,0.0,0.0,0.0,0.0,0.04310344827586207,0.0,0.0,0.0,0.0,0.04310344827586207,0.04310344827586207,0.04310344827586207,0.0,0.0,0.0,0.04310344827586207,0.04310344827586207,0.0,0.0,0.0,0.0,0.0,0.0,0.04310344827586207,0.04310344827586207,0.0,0.03735632183908046,0.0,0.04310344827586207,0.04310344827586207,0.034482758620689655,0.0,0.04310344827586207,0.0,0.04310344827586207,0.0,0.0,0.04310344827586207,0.0,0.04310344827586207,0.0,0.02586206896551724,0.04310344827586207,0.04310344827586207,0.0,0.0,0.0,0.0,0.0,0.0,0.040229885057471264,0.0,0.04310344827586207,0.04310344827586207,0.04310344827586207,0.0
F6,0.0536779324055666,0.0,0.0,0.0,0.0536779324055666,0.0,0.0536779324055666,0.0536779324055666,0.0,0.0536779324055666,0.013916500994035786,0.0,0.0,0.0,0.0,0.0,0.0,0.0,0.0,0.0,0.0536779324055666,0.0,0.0,0.0,0.04572564612326044,0.0,0.0536779324055666,0.0,0.0536779324055666,0.0,0.0,0.0,0.0,0.0,0.0536779324055666,0.0,0.0,0.0,0.0,0.0,0.04970178926441352,0.0,0.041749502982107355,0.0,0.0,0.0437375745526839,0.0,0.0536779324055666,0.0,0.0,0.0,0.03180914512922465,0.0,0.03777335984095427,0.039761431411530816,0.0536779324055666,0.0,0.0,0.05168986083499006,0.0,0.0,0.0,0.0536779324055666
AF8,0.0,0.0,0.0,0.0,0.0,0.04776119402985075,0.0,0.0,0.0,0.0,0.005970149253731343,0.03582089552238806,0.0,0.0,0.0,0.0,0.04328358208955224,0.03731343283582089,0.04776119402985075,0.0,0.0,0.0,0.041791044776119404,0.04776119402985075,0.0,0.0,0.0,0.0,0.0,0.0,0.029850746268656716,0.041791044776119404,0.0,0.023880597014925373,0.0,0.04776119402985075,0.04776119402985075,0.03283582089552239,0.0,0.04776119402985075,0.0,0.04776119402985075,0.0,0.0,0.04626865671641791,0.0,0.04477611940298507,0.0,0.028358208955223882,0.04776119402985075,0.04776119402985075,0.0,0.010447761194029851,0.0,0.0,0.0,0.0,0.022388059701492536,0.0,0.04626865671641791,0.03582089552238806,0.04328358208955224,0.0
AF4,0.0,0.0,0.0,0.0,0.0,0.0450281425891182,0.0,0.0,0.0,0.0,0.00375234521575985,0.04127579737335835,0.0,0.0,0.0,0.0,0.0450281425891182,0.03564727954971857,0.0450281425891182,0.0,0.0,0.0,0.0450281425891182,0.0450281425891182,0.0,0.0,0.0,0.0,0.0,0.0,0.0375234521575985,0.043151969981238276,0.0,0.0300187617260788,0.0,0.0450281425891182,0.0450281425891182,0.0300187617260788,0.0,0.0450281425891182,0.0,0.0450281425891182,0.0,0.0,0.0450281425891182,0.0,0.0450281425891182,0.0,0.024390243902439025,0.0450281425891182,0.0450281425891182,0.0,0.009380863039399626,0.0,0.0,0.0,0.0,0.028142589118198873,0.0,0.0450281425891182,0.043151969981238276,0.043151969981238276,0.0
F2,0.0,0.0,0.0,0.0,0.0,0.048154093097913325,0.0,0.0,0.0,0.0,0.0,0.03210272873194221,0.0,0.0,0.0,0.0,0.04012841091492777,0.04173354735152488,0.04654895666131621,0.0,0.0,0.0,0.038523274478330656,0.0449438202247191,0.0,0.0,0.0,0.0,0.0,0.0,0.03210272873194221,0.04333868378812199,0.0,0.025682182985553772,0.0,0.048154093097913325,0.048154093097913325,0.038523274478330656,0.0,0.048154093097913325,0.0,0.048154093097913325,0.0,0.0,0.048154093097913325,0.0,0.048154093097913325,0.0,0.030497592295345103,0.048154093097913325,0.048154093097913325,0.0,0.004815409309791332,0.0,0.0,0.0,0.0,0.024077046548956663,0.0,0.04333868378812199,0.033707865168539325,0.04654895666131621,0.0
FCz,0.05144694533762058,0.0,0.0,0.0,0.05787781350482315,0.0,0.05627009646302251,0.05627009646302251,0.0,0.04983922829581994,0.017684887459807074,0.0,0.0,0.0,0.0,0.0,0.0,0.0,0.0,0.0,0.05466237942122187,0.0,0.0,0.0,0.04340836012861737,0.0,0.05787781350482315,0.0,0.05787781350482315,0.0,0.0,0.0,0.0,0.0,0.05627009646302251,0.0,0.0,0.0,0.0,0.0,0.04501607717041801,0.0,0.04180064308681672,0.0,0.0,0.03858520900321544,0.0,0.05787781350482315,0.0,0.0,0.0,0.03376205787781351,0.0,0.03215434083601286,0.03858520900321544,0.05305466237942122,0.0,0.0,0.04340836012861737,0.0,0.0,0.0,0.05627009646302251
