,bankssts-lh,bankssts-rh,caudalanteriorcingulate-lh,caudalanteriorcingulate-rh,caudalmiddlefrontal-lh,caudalmiddlefrontal-rh,cuneus-lh,cuneus-rh,entorhinal-lh,entorhinal-rh,frontalpole-lh,frontalpole-rh,fusiform-lh,fusiform-rh,inferiorparietal-lh,inferiorparietal-rh,inferiortemporal-lh,inferiortemporal-rh,insula-lh,insula-rh,isthmuscingulate-lh,isthmuscingulate-rh,lateraloccipital-lh,lateraloccipital-rh,lateralorbitofrontal-lh,lateralorbitofrontal-rh,lingual-lh,lingual-rh,medialorbitofrontal-lh,medialorbitofrontal-rh,middletemporal-lh,middletemporal-rh,paracentral-lh,paracentral-rh,parahippocampal-lh,parahippocampal-rh,parsopercularis-lh,parsopercularis-rh,parsorbitalis-lh,parsorbitalis-rh,parstriangularis-lh,parstriangularis-rh,pericalcarine-lh,pericalcarine-rh,postcentral-lh,postcentral-rh,posteriorcingulate-lh,posteriorcingulate-rh,precentral-lh,precentral-rh,precuneus-lh,precuneus-rh,rostralanteriorcingulate-lh,rostralanteriorcingulate-rh,rostralmiddlefrontal-lh,rostralmiddlefrontal-rh,superiorfrontal-lh,superiorfrontal-rh,superiorparietal-lh,superiorparietal-rh,superiortemporal-lh,superiortemporal-rh,supramarginal-lh,supramarginal-rh,temporalpole-lh,temporalpole-rh,transversetemporal-lh,transversetemporal-rh
bankssts-lh,0.05084745762711865,0.0,0.0,0.01694915254237288,0.05084745762711865,0.06779661016949153,0.01694915254237288,0.0,0.0,0.0,0.0,0.0,0.0,0.0,0.06779661016949153,0.0,0.0,0.0,0.0,0.06779661016949153,0.06779661016949153,0.0,0.0,0.0,0.05084745762711865,0.0,0.0,0.0,0.06779661016949153,0.06779661016949153,0.0,0.0,0.0,0.0,0.0,0.0,0.0,0.0,0.0,0.06779661016949153,0.0,0.06779661016949153,0.06779661016949153,0.0,0.0,0.0,0.0,0.0,0.0,0.0,0.0,0.0,0.0,0.0,0.06779661016949153,0.0,0.0,0.0,0.0,0.0,0.06779661016949153,0.0,0.0,0.0,0.0,0.0,0.06779661016949153,0.0
bankssts-rh,0.0,0.0,0.0,0.0,0.0,0.0,0.0,0.0,0.0,0.0,0.0,0.0,0.0,0.0,0.0,0.0,0.0,0.0,0.0,0.0,0.0,0.0,0.0,0.0,0.0,0.0,0.0,0.0,0.0,0.0,0.0,0.0,0.0,0.0,0.0,0.0,0.0,0.0,0.0,0.0,0.0,0.0,0.0,0.0,0.0,0.0,0.0,0.0,0.0,0.0,0.0,0.0,0.0,0.0,0.0,0.0,0.0,0.0,0.0,0.0,0.0,0.0,0.0,0.0,0.0,0.0,0.0,0.0
caudalanteriorcingulate-lh,0.0,0.0,0.0,0.0,0.0,0.0,0.0,0.0,0.0,0.0,0.0,0.0,0.0,0.0,0.0,0.0,0.0,0.0,0.0,0.0,0.0,0.0,0.0,0.0,0.0,0.0,0.0,0.0,0.0,0.0,0.0,0.0,0.0,0.0,0.0,0.0,0.0,0.0,0.0,0.0,0.0,0.0,0.0,0.0,0.0,0.0,0.0,0.0,0.0,0.0,0.0,0.0,0.0,0.0,0.0,0.0,0.0,0.0,0.0,0.0,0.0,0.0,0.0,0.0,0.0,0.0,0.0,0.0
caudalanteriorcingulate-rh,0.0,0.0,0.0,0.13725490196078433,0.0,0.0392156862745098,0.0,0.0,0.0,0.0,0.0,0.0,0.0,0.0,0.0392156862745098,0.0,0.0,0.0392156862745098,0.0,0.0196078431372549,0.0,0.0,0.0,0.0,0.0,0.0,0.0,0.0,0.0196078431372549,0.058823529411764705,0.0,0.0,0.0,0.0196078431372549,0.0,0.0,0.058823529411764705,0.0,0.0,0.0784313725490196,0.0,0.09803921568627451,0.058823529411764705,0.0,0.0,0.0,0.0,0.0196078431372549,0.0,0.058823529411764705,0.0,0.0,0.0,0.0,0.0196078431372549,0.0,0.0,0.09803921568627451,0.0,0.0,0.0,0.0392156862745098,0.0,0.0,0.0,0.058823529411764705,0.0392156862745098,0.0
caudalmiddlefrontal-lh,0.05084745762711865,0.0,0.0,0.01694915254237288,0.05084745762711865,0.06779661016949153,0.01694915254237288,0.0,0.0,0.0,0.0,0.0,0.0,0.0,0.06779661016949153,0.0,0.0,0.0,0.0,0.06779661016949153,0.06779661016949153,0.0,0.0,0.0,0.05084745762711865,0.0,0.0,0.0,0.06779661016949153,0.06779661016949153,0.0,0.0,0.0,0.0,0.0,0.0,0.0,0.0,0.0,0.06779661016949153,0.0,0.06779661016949153,0.06779661016949153,0.0,0.0,0.0,0.0,0.0,0.0,0.0,0.0,0.0,0.0,0.0,0.06779661016949153,0.0,0.0,0.0,0.0,0.0,0.06779661016949153,0.0,0.0,0.0,0.0,0.0,0.06779661016949153,0.0
caudalmiddlefrontal-rh,0.028037383177570093,0.0,0.0,0.028037383177570093,0.028037383177570093,0.1308411214953271,0.009345794392523364,0.0,0.0,0.0,0.0,0.0,0.0,0.0,0.11214953271028037,0.0,0.0,0.0,0.0,0.04672897196261682,0.037383177570093455,0.0,0.0,0.0,0.028037383177570093,0.0,0.0,0.0,0.04672897196261682,0.037383177570093455,0.0,0.0,0.0,0.009345794392523364,0.0,0.0,0.0,0.0,0.0,0.037383177570093455,0.0,0.037383177570093455,0.14953271028037382,0.0,0.0,0.0,0.0,0.009345794392523364,0.0,0.0,0.0,0.0,0.0,0.0,0.04672897196261682,0.0,0.0,0.0,0.0,0.0,0.037383177570093455,0.0,0.0,0.0,0.0,0.0,0.14018691588785046,0.0
cuneus-lh,0.06451612903225806,0.0,0.0,0.0,0.06451612903225806,0.06451612903225806,0.03225806451612903,0.0,0.0,0.0,0.0,0.0,0.0,0.0,0.06451612903225806,0.0,0.0,0.0,0.0,0.06451612903225806,0.06451612903225806,0.0,0.0,0.0,0.06451612903225806,0.0,0.0,0.0,0.06451612903225806,0.06451612903225806,0.0,0.0,0.0,0.0,0.0,0.0,0.0,0.0,0.0,0.06451612903225806,0.0,0.06451612903225806,0.06451612903225806,0.0,0.0,0.0,0.0,0.0,0.0,0.0,0.0,0.0,0.0,0.0,0.06451612903225806,0.0,0.0,0.0,0.0,0.0,0.06451612903225806,0.0,0.0,0.0,0.0,0.0,0.06451612903225806,0.0
cuneus-rh,0.0,0.0,0.0,0.0,0.0,0.0,0.0,0.16,0.0,0.0,0.0,0.0,0.0,0.0,0.0,0.0,0.08,0.0,0.0,0.0,0.0,0.0,0.0,0.0,0.2,0.0,0.0,0.0,0.12,0.0,0.0,0.0,0.0,0.0,0.0,0.0,0.04,0.0,0.0,0.0,0.2,0.0,0.0,0.0,0.0,0.0,0.0,0.0,0.0,0.0,0.0,0.0,0.0,0.0,0.0,0.0,0.0,0.0,0.0,0.0,0.0,0.0,0.0,0.0,0.2,0.0,0.0,0.0
entorhinal-lh,0.0,0.0,0.0,0.0,0.0,0.0,0.0,0.0,0.0,0.0,0.0,0.0,0.0,0.0,0.0,0.0,0.0,0.0,0.0,0.0,0.0,0.0,0.0,0.0,0.0,0.0,0.0,0.0,0.0,0.0,0.0,0.0,0.0,0.0,0.0,0.0,0.0,0.0,0.0,0.0,0.0,0.0,0.0,0.0,0.0,0.0,0.0,0.0,0.0,0.0,0.0,0.0,0.0,0.0,0.0,0.0,0.0,0.0,0.0,0.0,0.0,0.0,0.0,0.0,0.0,0.0,0.0,0.0
entorhinal-rh,0.0,0.0,0.0,0.0,0.0,0.0,0.0,0.0,0.0,0.26666666666666666,0.04,0.0,0.0,0.0,0.0,0.0,0.0,0.0,0.0,0.0,0.0,0.0,0.0,0.0,0.0,0.26666666666666666,0.0,0.0,0.0,0.0,0.0,0.0,0.0,0.0,0.0,0.0,0.0,0.0,0.04,0.06666666666666667,0.013333333333333334,0.0,0.0,0.0,0.0,0.0,0.0,0.0,0.0,0.04,0.0,0.0,0.0,0.013333333333333334,0.0,0.0,0.0,0.0,0.0,0.0,0.0,0.013333333333333334,0.0,0.0,0.16,0.08,0.0,0.0
frontalpole-lh,0.0,0.0,0.0,0.0,0.0,0.0,0.0,0.0,0.0,0.3333333333333333,0.2222222222222222,0.0,0.0,0.0,0.0,0.0,0.0,0.0,0.0,0.0,0.0,0.0,0.0,0.0,0.0,0.3333333333333333,0.0,0.0,0.0,0.0,0.0,0.0,0.0,0.0,0.0,0.0,0.0,0.0,0.0,0.0,0.0,0.0,0.0,0.0,0.0,0.0,0.0,0.0,0.0,0.0,0.0,0.0,0.0,0.0,0.0,0.0,0.0,0.0,0.0,0.0,0.0,0.0,0.0,0.0,0.1111111111111111,0.0,0.0,0.0
frontalpole-rh,0.0,0.0,0.0,0.0,0.0,0.0,0.0,0.0,0.0,0.0,0.0,0.10256410256410256,0.0,0.0,0.0,0.0,0.02564102564102564,0.0,0.0,0.0,0.0,0.0,0.0,0.0,0.1282051282051282,0.0,0.0,0.0,0.1282051282051282,0.1282051282051282,0.0,0.0,0.0,0.0,0.0,0.0,0.1282051282051282,0.0,0.0,0.0,0.1282051282051282,0.02564102564102564,0.0,0.0,0.0,0.0,0.0,0.0,0.0,0.0,0.0,0.0,0.10256410256410256,0.0,0.0,0.0,0.0,0.0,0.0,0.0,0.0,0.0,0.0,0.0,0.10256410256410256,0.0,0.0,0.0
fusiform-lh,0.0,0.0,0.0,0.0,0.0,0.0,0.0,0.0,0.0,0.0,0.0,0.0,0.0,0.0,0.0,0.0,0.0,0.0,0.0,0.0,0.0,0.0,0.0,0.0,0.0,0.0,0.0,0.0,0.0,0.0,0.0,0.0,0.0,0.0,0.0,0.0,0.0,0.0,0.0,0.0,0.0,0.0,0.0,0.0,0.0,0.0,0.0,0.0,0.0,0.0,0.0,0.0,0.0,0.0,0.0,0.0,0.0,0.0,0.0,0.0,0.0,0.0,0.0,0.0,0.0,0.0,0.0,0.0
fusiform-rh,0.0,0.0,0.0,0.0,0.0,0.0,0.0,0.0,0.0,0.0,0.0,0.0,0.0,0.0,0.0,0.0,0.0,0.0,0.0,0.0,0.0,0.0,0.0,0.0,0.0,0.0,0.0,0.0,0.0,0.0,0.0,0.0,0.0,0.0,0.0,0.0,0.0,0.0,0.0,0.0,0.0,0.0,0.0,0.0,0.0,0.0,0.0,0.0,0.0,0.0,0.0,0.0,0.0,0.0,0.0,0.0,0.0,0.0,0.0,0.0,0.0,0.0,0.0,0.0,0.0,0.0,0.0,0.0
inferiorparietal-lh,0.030612244897959183,0.0,0.0,0.030612244897959183,0.030612244897959183,0.12244897959183673,0.01020408163265306,0.0,0.0,0.0,0.0,0.0,0.0,0.0,0.11224489795918367,0.0,0.0,0.0,0.0,0.05102040816326531,0.04081632653061224,0.0,0.0,0.0,0.030612244897959183,0.0,0.0,0.0,0.05102040816326531,0.04081632653061224,0.0,0.0,0.0,0.01020408163265306,0.0,0.0,0.0,0.0,0.0,0.04081632653061224,0.0,0.04081632653061224,0.1326530612244898,0.0,0.0,0.0,0.0,0.01020408163265306,0.0,0.0,0.0,0.0,0.0,0.0,0.05102040816326531,0.0,0.0,0.0,0.0,0.0,0.04081632653061224,0.0,0.0,0.0,0.0,0.0,0.12244897959183673,0.0
inferiorparietal-rh,0.0,0.0,0.0,0.0,0.0,0.0,0.0,0.0,0.0,0.0,0.0,0.0,0.0,0.0,0.0,0.0,0.0,0.0,0.0,0.0,0.0,0.0,0.0,0.0,0.0,0.0,0.0,0.0,0.0,0.0,0.0,0.0,0.0,0.0,0.0,0.0,0.0,0.0,0.0,0.0,0.0,0.0,0.0,0.0,0.0,0.0,0.0,0.0,0.0,0.0,0.0,0.0,0.0,0.0,0.0,0.0,0.0,0.0,0.0,0.0,0.0,0.0,0.0,0.0,0.0,0.0,0.0,0.0
inferiortemporal-lh,0.0,0.0,0.0,0.0,0.0,0.0,0.0,0.043478260869565216,0.0,0.0,0.0,0.03260869565217391,0.0,0.0,0.0,0.0,0.13043478260869565,0.0,0.0,0.0,0.0,0.0,0.0,0.0,0.14130434782608695,0.0,0.0,0.0,0.14130434782608695,0.07608695652173914,0.0,0.0,0.0,0.0,0.0,0.0,0.13043478260869565,0.0,0.05434782608695652,0.0,0.08695652173913043,0.05434782608695652,0.0,0.0,0.0,0.0,0.0,0.0,0.0,0.0,0.0,0.0,0.021739130434782608,0.021739130434782608,0.0,0.0,0.0,0.0,0.0,0.0,0.0,0.0,0.0,0.0,0.06521739130434782,0.0,0.0,0.0
inferiortemporal-rh,0.0,0.0,0.0,0.14285714285714285,0.0,0.0,0.0,0.0,0.0,0.0,0.0,0.0,0.0,0.0,0.0,0.0,0.0,0.14285714285714285,0.0,0.0,0.0,0.0,0.0,0.0,0.0,0.0,0.0,0.0,0.0,0.14285714285714285,0.0,0.0,0.0,0.0,0.0,0.0,0.14285714285714285,0.0,0.0,0.14285714285714285,0.0,0.14285714285714285,0.0,0.0,0.0,0.0,0.0,0.0,0.0,0.0,0.0,0.0,0.0,0.0,0.0,0.0,0.0,0.14285714285714285,0.0,0.0,0.0,0.0,0.0,0.0,0.0,0.0,0.0,0.0
insula-lh,0.0,0.0,0.0,0.0,0.0,0.0,0.0,0.0,0.0,0.0,0.0,0.0,0.0,0.0,0.0,0.0,0.0,0.0,0.0,0.0,0.0,0.0,0.0,0.0,0.0,0.0,0.0,0.0,0.0,0.0,0.0,0.0,0.0,0.0,0.0,0.0,0.0,0.0,0.0,0.0,0.0,0.0,0.0,0.0,0.0,0.0,0.0,0.0,0.0,0.0,0.0,0.0,0.0,0.0,0.0,0.0,0.0,0.0,0.0,0.0,0.0,0.0,0.0,0.0,0.0,0.0,0.0,0.0
insula-rh,0.02857142857142857,0.0,0.0,0.02857142857142857,0.02857142857142857,0.05714285714285714,0.009523809523809525,0.0,0.0,0.01904761904761905,0.0,0.0,0.0,0.0,0.05714285714285714,0.0,0.0,0.0,0.0,0.11428571428571428,0.0380952380952381,0.0,0.0,0.0,0.08571428571428572,0.009523809523809525,0.0,0.0,0.047619047619047616,0.0761904761904762,0.0,0.0,0.0,0.0,0.0,0.0,0.0380952380952381,0.0,0.0,0.0380952380952381,0.02857142857142857,0.047619047619047616,0.05714285714285714,0.0,0.0,0.0,0.0,0.0,0.0,0.0,0.0,0.0,0.009523809523809525,0.0,0.047619047619047616,0.0,0.0,0.0,0.0,0.0,0.0380952380952381,0.0,0.0,0.0,0.0380952380952381,0.0,0.05714285714285714,0.0
isthmuscingulate-lh,0.04477611940298507,0.0,0.0,0.029850746268656716,0.04477611940298507,0.07462686567164178,0.014925373134328358,0.0,0.0,0.0,0.0,0.0,0.0,0.0,0.07462686567164178,0.0,0.0,0.0,0.0,0.07462686567164178,0.05970149253731343,0.0,0.0,0.0,0.04477611940298507,0.0,0.0,0.0,0.07462686567164178,0.05970149253731343,0.0,0.0,0.0,0.0,0.0,0.0,0.0,0.0,0.0,0.05970149253731343,0.0,0.05970149253731343,0.07462686567164178,0.0,0.0,0.0,0.0,0.0,0.0,0.0,0.0,0.0,0.0,0.0,0.07462686567164178,0.0,0.0,0.0,0.0,0.0,0.05970149253731343,0.0,0.0,0.0,0.0,0.0,0.07462686567164178,0.0
isthmuscingulate-rh,0.0,0.0,0.0,0.0,0.0,0.0,0.0,0.0,0.0,0.0,0.0,0.0,0.0,0.0,0.0,0.0,0.0,0.0,0.0,0.0,0.0,0.0,0.0,0.0,0.0,0.0,0.0,0.0,0.0,0.0,0.0,0.0,0.0,0.0,0.0,0.0,0.0,0.0,0.0,0.0,0.0,0.0,0.0,0.0,0.0,0.0,0.0,0.0,0.0,0.0,0.0,0.0,0.0,0.0,0.0,0.0,0.0,0.0,0.0,0.0,0.0,0.0,0.0,0.0,0.0,0.0,0.0,0.0
lateraloccipital-lh,0.0,0.0,0.0,0.0,0.0,0.0,0.0,0.0,0.0,0.0,0.0,0.0,0.0,0.0,0.0,0.0,0.0,0.0,0.0,0.0,0.0,0.0,0.0,0.0,0.0,0.0,0.0,0.0,0.0,0.0,0.0,0.0,0.0,0.0,0.0,0.0,0.0,0.0,0.0,0.0,0.0,0.0,0.0,0.0,0.0,0.0,0.0,0.0,0.0,0.0,0.0,0.0,0.0,0.0,0.0,0.0,0.0,0.0,0.0,0.0,0.0,0.0,0.0,0.0,0.0,0.0,0.0,0.0
lateraloccipital-rh,0.0,0.0,0.0,0.0,0.0,0.0,0.0,0.0,0.0,0.0,0.0,0.0,0.0,0.0,0.0,0.0,0.0,0.0,0.0,0.0,0.0,0.0,0.0,0.0,0.0,0.0,0.0,0.0,0.0,0.0,0.0,0.0,0.0,0.0,0.0,0.0,0.0,0.0,0.0,0.0,0.0,0.0,0.0,0.0,0.0,0.0,0.0,0.0,0.0,0.0,0.0,0.0,0.0,0.0,0.0,0.0,0.0,0.0,0.0,0.0,0.0,0.0,0.0,0.0,0.0,0.0,0.0,0.0
lateralorbitofrontal-lh,0.01195219123505976,0.0,0.0,0.00398406374501992,0.01195219123505976,0.01593625498007968,0.00398406374501992,0.0199203187250996,0.0,0.01593625498007968,0.0,0.0199203187250996,0.0,0.0,0.01593625498007968,0.0,0.0398406374501992,0.0,0.0,0.04780876494023904,0.01593625498007968,0.0,0.0,0.0,0.15139442231075698,0.00796812749003984,0.0,0.0,0.07569721115537849,0.07569721115537849,0.0,0.0,0.0,0.0,0.0,0.0,0.08366533864541832,0.0,0.01195219123505976,0.01593625498007968,0.09561752988047809,0.04780876494023904,0.01593625498007968,0.0,0.0,0.0,0.0,0.0,0.0,0.0,0.0,0.0,0.03187250996015936,0.00796812749003984,0.01593625498007968,0.0,0.0,0.0,0.0,0.0,0.01593625498007968,0.0,0.0,0.0,0.099601593625498,0.00796812749003984,0.01593625498007968,0.0
lateralorbitofrontal-rh,0.0,0.0,0.0,0.0,0.0,0.0,0.0,0.0,0.0,0.16216216216216217,0.02702702702702703,0.0,0.0,0.0,0.0,0.0,0.0,0.0,0.0,0.0,0.0,0.0,0.0,0.0,0.0,0.24324324324324326,0.0,0.0,0.0,0.0,0.0,0.0,0.0,0.0,0.0,0.0,0.0,0.0,0.04504504504504504,0.06306306306306306,0.009009009009009009,0.02702702702702703,0.0,0.0,0.0,0.0,0.0,0.0,0.0,0.04504504504504504,0.0,0.0,0.0,0.036036036036036036,0.0,0.0,0.0,0.0,0.0,0.0,0.0,0.0990990990990991,0.0,0.0,0.09009009009009009,0.15315315315315314,0.0,0.0
lingual-lh,0.0,0.0,0.0,0.0,0.0,0.0,0.0,0.0,0.0,0.0,0.0,0.0,0.0,0.0,0.0,0.0,0.0,0.0,0.0,0.0,0.0,0.0,0.0,0.0,0.0,0.0,0.0,0.0,0.0,0.0,0.0,0.0,0.0,0.0,0.0,0.0,0.0,0.0,0.0,0.0,0.0,0.0,0.0,0.0,0.0,0.0,0.0,0.0,0.0,0.0,0.0,0.0,0.0,0.0,0.0,0.0,0.0,0.0,0.0,0.0,0.0,0.0,0.0,0.0,0.0,0.0,0.0,0.0
lingual-rh,0.0,0.0,0.0,0.0,0.0,0.0,0.0,0.0,0.0,0.0,0.0,0.0,0.0,0.0,0.0,0.0,0.0,0.0,0.0,0.0,0.0,0.0,0.0,0.0,0.0,0.0,0.0,0.0,0.0,0.0,0.0,0.0,0.0,0.0,0.0,0.0,0.0,0.0,0.0,0.0,0.0,0.0,0.0,0.0,0.0,0.0,0.0,0.0,0.0,0.0,0.0,0.0,0.0,0.0,0.0,0.0,0.0,0.0,0.0,0.0,0.0,0.0,0.0,0.0,0.0,0.0,0.0,0.0
medialorbitofrontal-lh,0.01639344262295082,0.0,0.0,0.01639344262295082,0.01639344262295082,0.03278688524590164,0.00546448087431694,0.0273224043715847,0.0,0.0,0.0,0.0273224043715847,0.0,0.0,0.03278688524590164,0.0,0.0546448087431694,0.0,0.0,0.0273224043715847,0.02185792349726776,0.0,0.0,0.0,0.1092896174863388,0.0,0.0,0.0,0.1092896174863388,0.06557377049180328,0.0,0.0,0.0,0.0,0.0,0.0,0.07650273224043716,0.0,0.01639344262295082,0.02185792349726776,0.07103825136612021,0.04371584699453552,0.03278688524590164,0.0,0.0,0.0,0.0,0.0,0.0,0.0,0.0,0.0,0.02185792349726776,0.01092896174863388,0.0273224043715847,0.0,0.0,0.0,0.0,0.0,0.02185792349726776,0.0,0.0,0.0,0.060109289617486336,0.0,0.03278688524590164,0.0
medialorbitofrontal-rh,0.011320754716981131,0.0,0.0,0.01509433962264151,0.011320754716981131,0.018867924528301886,0.0037735849056603774,0.0,0.0,0.0,0.0,0.018867924528301886,0.0,0.0,0.018867924528301886,0.0,0.033962264150943396,0.007547169811320755,0.0,0.04150943396226415,0.01509433962264151,0.0,0.0,0.0,0.09056603773584905,0.0,0.0,0.0,0.06037735849056604,0.1169811320754717,0.0,0.0,0.0,0.0,0.0,0.0,0.10943396226415095,0.0,0.04150943396226415,0.04150943396226415,0.05660377358490566,0.08679245283018867,0.018867924528301886,0.0,0.0,0.0,0.0,0.0,0.0,0.018867924528301886,0.0,0.0,0.03018867924528302,0.026415094339622643,0.018867924528301886,0.0,0.0,0.007547169811320755,0.0,0.0,0.01509433962264151,0.011320754716981131,0.0,0.0,0.022641509433962263,0.011320754716981131,0.018867924528301886,0.0
middletemporal-lh,0.0,0.0,0.0,0.0,0.0,0.0,0.0,0.0,0.0,0.0,0.0,0.0,0.0,0.0,0.0,0.0,0.0,0.0,0.0,0.0,0.0,0.0,0.0,0.0,0.0,0.0,0.0,0.0,0.0,0.0,0.0,0.0,0.0,0.0,0.0,0.0,0.0,0.0,0.0,0.0,0.0,0.0,0.0,0.0,0.0,0.0,0.0,0.0,0.0,0.0,0.0,0.0,0.0,0.0,0.0,0.0,0.0,0.0,0.0,0.0,0.0,0.0,0.0,0.0,0.0,0.0,0.0,0.0
middletemporal-rh,0.0,0.0,0.0,0.0,0.0,0.0,0.0,0.0,0.0,0.0,0.0,0.0,0.0,0.0,0.0,0.0,0.0,0.0,0.0,0.0,0.0,0.0,0.0,0.0,0.0,0.0,0.0,0.0,0.0,0.0,0.0,0.0,0.0,0.0,0.0,0.0,0.0,0.0,0.0,0.0,0.0,0.0,0.0,0.0,0.0,0.0,0.0,0.0,0.0,0.0,0.0,0.0,0.0,0.0,0.0,0.0,0.0,0.0,0.0,0.0,0.0,0.0,0.0,0.0,0.0,0.0,0.0,0.0
paracentral-lh,0.0,0.0,0.0,0.0,0.0,0.0,0.0,0.0,0.0,0.0,0.0,0.0,0.0,0.0,0.0,0.0,0.0,0.0,0.0,0.0,0.0,0.0,0.0,0.0,0.0,0.0,0.0,0.0,0.0,0.0,0.0,0.0,0.21232876712328766,0.03424657534246575,0.0,0.0,0.0,0.0,0.0,0.0,0.0,0.0,0.0,0.0,0.0,0.0,0.0958904109589041,0.0,0.0,0.0,0.2054794520547945,0.1506849315068493,0.0,0.0,0.0,0.0,0.0,0.0,0.14383561643835616,0.15753424657534246,0.0,0.0,0.0,0.0,0.0,0.0,0.0,0.0
paracentral-rh,0.0,0.0,0.0,0.0,0.0,0.0,0.0,0.0,0.0,0.0,0.0,0.0,0.0,0.0,0.0,0.0,0.0,0.0,0.0,0.0,0.0,0.0,0.0,0.0,0.0,0.0,0.0,0.0,0.0,0.0,0.0,0.0,0.175,0.2,0.0,0.0,0.0,0.0,0.0,0.0,0.0,0.0,0.0,0.0,0.0,0.0,0.025,0.05,0.0,0.0,0.1,0.15,0.0,0.0,0.0,0.0,0.0,0.0,0.15,0.15,0.0,0.0,0.0,0.0,0.0,0.0,0.0,0.0
parahippocampal-lh,0.0,0.0,0.0,0.0,0.0,0.0,0.0,0.0,0.0,0.0,0.0,0.0,0.0,0.0,0.0,0.0,0.0,0.0,0.0,0.0,0.0,0.0,0.0,0.0,0.0,0.0,0.0,0.0,0.0,0.0,0.0,0.0,0.0,0.0,0.0,0.0,0.0,0.0,0.0,0.0,0.0,0.0,0.0,0.0,0.0,0.0,0.0,0.0,0.0,0.0,0.0,0.0,0.0,0.0,0.0,0.0,0.0,0.0,0.0,0.0,0.0,0.0,0.0,0.0,0.0,0.0,0.0,0.0
parahippocampal-rh,0.0,0.0,0.0,0.0,0.0,0.0,0.0,0.0,0.0,0.0,0.0,0.0,0.0,0.0,0.0,0.0,0.0,0.0,0.0,0.0,0.0,0.0,0.0,0.0,0.0,0.0,0.0,0.0,0.0,0.0,0.0,0.0,0.0,0.0,0.0,0.0,0.0,0.0,0.0,0.0,0.0,0.0,0.0,0.0,0.0,0.0,0.0,0.0,0.0,0.0,0.0,0.0,0.0,0.0,0.0,0.0,0.0,0.0,0.0,0.0,0.0,0.0,0.0,0.0,0.0,0.0,0.0,0.0
parsopercularis-lh,0.0,0.0,0.0,0.008771929824561403,0.0,0.0,0.0,0.013157894736842105,0.0,0.0043859649122807015,0.0,0.021929824561403508,0.0,0.0,0.0,0.0,0.06140350877192982,0.008771929824561403,0.0,0.02631578947368421,0.0,0.0,0.0,0.0,0.11842105263157894,0.0,0.0,0.0,0.07017543859649122,0.11403508771929824,0.0,0.0,0.0,0.0,0.0,0.0,0.14035087719298245,0.0,0.04824561403508772,0.03070175438596491,0.08333333333333333,0.07894736842105263,0.0,0.0,0.0,0.0,0.0,0.0,0.0,0.021929824561403508,0.0,0.0,0.03508771929824561,0.03070175438596491,0.0,0.0,0.0,0.008771929824561403,0.0,0.0,0.0,0.013157894736842105,0.0,0.0,0.04824561403508772,0.013157894736842105,0.0,0.0
parsopercularis-rh,0.0,0.0,0.0,0.0,0.0,0.0,0.0,0.0,0.0,0.0,0.0,0.0,0.0,0.0,0.0,0.0,0.0,0.0,0.0,0.0,0.0,0.0,0.0,0.0,0.0,0.0,0.0,0.0,0.0,0.0,0.0,0.0,0.0,0.0,0.0,0.0,0.0,0.0,0.0,0.0,0.0,0.0,0.0,0.0,0.0,0.0,0.0,0.0,0.0,0.0,0.0,0.0,0.0,0.0,0.0,0.0,0.0,0.0,0.0,0.0,0.0,0.0,0.0,0.0,0.0,0.0,0.0,0.0
parsorbitalis-lh,0.0,0.0,0.0,0.0,0.0,0.0,0.0,0.0,0.0,0.0,0.0,0.0,0.0,0.0,0.0,0.0,0.046153846153846156,0.0,0.0,0.0,0.0,0.0,0.0,0.0,0.041025641025641026,0.010256410256410256,0.0,0.0,0.035897435897435895,0.07692307692307693,0.0,0.0,0.0,0.0,0.0,0.0,0.08717948717948718,0.0,0.16923076923076924,0.11282051282051282,0.010256410256410256,0.1282051282051282,0.0,0.0,0.0,0.0,0.0,0.0,0.0,0.08717948717948718,0.0,0.0,0.0,0.08717948717948718,0.020512820512820513,0.0,0.0,0.0,0.0,0.0,0.0,0.041025641025641026,0.0,0.0,0.005128205128205128,0.041025641025641026,0.0,0.0
parsorbitalis-rh,0.011857707509881422,0.0,0.0,0.019762845849802372,0.011857707509881422,0.019762845849802372,0.003952569169960474,0.0,0.0,0.003952569169960474,0.0,0.0,0.0,0.0,0.019762845849802372,0.0,0.007905138339920948,0.007905138339920948,0.0,0.019762845849802372,0.015810276679841896,0.0,0.0,0.0,0.023715415019762844,0.011857707509881422,0.0,0.0,0.02766798418972332,0.07114624505928854,0.0,0.0,0.0,0.0,0.0,0.0,0.05138339920948617,0.0,0.1067193675889328,0.12648221343873517,0.003952569169960474,0.11462450592885376,0.019762845849802372,0.0,0.0,0.0,0.0,0.0,0.0,0.07509881422924901,0.0,0.0,0.0,0.06719367588932806,0.03557312252964427,0.0,0.0,0.011857707509881422,0.0,0.0,0.015810276679841896,0.03557312252964427,0.0,0.0,0.0,0.039525691699604744,0.019762845849802372,0.0
parstriangularis-lh,0.0,0.0,0.0,0.0,0.0,0.0,0.0,0.02857142857142857,0.0,0.03571428571428571,0.0,0.03571428571428571,0.0,0.0,0.0,0.0,0.02857142857142857,0.0,0.0,0.03571428571428571,0.0,0.0,0.0,0.0,0.15,0.02857142857142857,0.0,0.0,0.06428571428571428,0.09285714285714286,0.0,0.0,0.0,0.0,0.0,0.0,0.10714285714285714,0.0,0.0,0.0,0.15714285714285714,0.04285714285714286,0.0,0.0,0.0,0.0,0.0,0.0,0.0,0.0,0.0,0.0,0.05714285714285714,0.0,0.0,0.0,0.0,0.0,0.0,0.0,0.0,0.0,0.0,0.0,0.11428571428571428,0.02142857142857143,0.0,0.0
parstriangularis-rh,0.009771986970684038,0.0,0.0,0.026058631921824105,0.009771986970684038,0.016286644951140065,0.003257328990228013,0.0,0.0,0.0,0.0,0.009771986970684038,0.0,0.0,0.016286644951140065,0.0,0.026058631921824105,0.006514657980456026,0.0,0.026058631921824105,0.013029315960912053,0.0,0.0,0.0,0.05211726384364821,0.0,0.0,0.0,0.03908794788273615,0.09771986970684039,0.0,0.0,0.0,0.0,0.0,0.0,0.08143322475570032,0.0,0.06840390879478828,0.0781758957654723,0.03257328990228013,0.1237785016286645,0.016286644951140065,0.0,0.0,0.0,0.0,0.0,0.0,0.048859934853420196,0.0,0.0,0.019543973941368076,0.04560260586319218,0.02280130293159609,0.0,0.0,0.016286644951140065,0.0,0.0,0.013029315960912053,0.029315960912052116,0.0,0.0,0.003257328990228013,0.03257328990228013,0.016286644951140065,0.0
pericalcarine-lh,0.02830188679245283,0.0,0.0,0.02830188679245283,0.02830188679245283,0.12264150943396226,0.009433962264150943,0.0,0.0,0.0,0.0,0.0,0.0,0.0,0.10377358490566038,0.0,0.0,0.0,0.0,0.04716981132075472,0.03773584905660377,0.0,0.0,0.0,0.02830188679245283,0.0,0.0,0.0,0.04716981132075472,0.03773584905660377,0.0,0.0,0.0,0.018867924528301886,0.0,0.0,0.0,0.0,0.0,0.03773584905660377,0.0,0.03773584905660377,0.1509433962264151,0.0,0.0,0.0,0.0,0.018867924528301886,0.0,0.0,0.0,0.0,0.0,0.0,0.04716981132075472,0.0,0.0,0.0,0.0,0.0,0.03773584905660377,0.0,0.0,0.0,0.0,0.0,0.1320754716981132,0.0
pericalcarine-rh,0.0,0.0,0.0,0.0,0.0,0.0,0.0,0.0,0.0,0.0,0.0,0.0,0.0,0.0,0.0,0.0,0.0,0.0,0.0,0.0,0.0,0.0,0.0,0.0,0.0,0.0,0.0,0.0,0.0,0.0,0.0,0.0,0.0,0.0,0.0,0.0,0.0,0.0,0.0,0.0,0.0,0.0,0.0,0.0,0.0,0.0,0.0,0.0,0.0,0.0,0.0,0.0,0.0,0.0,0.0,0.0,0.0,0.0,0.0,0.0,0.0,0.0,0.0,0.0,0.0,0.0,0.0,0.0
postcentral-lh,0.0,0.0,0.0,0.0,0.0,0.0,0.0,0.0,0.0,0.0,0.0,0.0,0.0,0.0,0.0,0.0,0.0,0.0,0.0,0.0,0.0,0.0,0.0,0.0,0.0,0.0,0.0,0.0,0.0,0.0,0.0,0.0,0.0,0.0,0.0,0.0,0.0,0.0,0.0,0.0,0.0,0.0,0.0,0.0,0.0,0.0,0.0,0.0,0.0,0.0,0.0,0.0,0.0,0.0,0.0,0.0,0.0,0.0,0.0,0.0,0.0,0.0,0.0,0.0,0.0,0.0,0.0,0.0
postcentral-rh,0.0,0.0,0.0,0.0,0.0,0.0,0.0,0.0,0.0,0.0,0.0,0.0,0.0,0.0,0.0,0.0,0.0,0.0,0.0,0.0,0.0,0.0,0.0,0.0,0.0,0.0,0.0,0.0,0.0,0.0,0.0,0.0,0.0,0.0,0.0,0.0,0.0,0.0,0.0,0.0,0.0,0.0,0.0,0.0,0.0,0.0,0.0,0.0,0.0,0.0,0.0,0.0,0.0,0.0,0.0,0.0,0.0,0.0,0.0,0.0,0.0,0.0,0.0,0.0,0.0,0.0,0.0,0.0
posteriorcingulate-lh,0.0,0.0,0.0,0.0,0.0,0.0,0.0,0.0,0.0,0.0,0.0,0.0,0.0,0.0,0.0,0.0,0.0,0.0,0.0,0.0,0.0,0.0,0.0,0.0,0.0,0.0,0.0,0.0,0.0,0.0,0.0,0.0,0.19642857142857142,0.0,0.0,0.0,0.0,0.0,0.0,0.0,0.0,0.0,0.0,0.0,0.0,0.0,0.21428571428571427,0.0,0.0,0.0,0.21428571428571427,0.125,0.0,0.0,0.0,0.0,0.0,0.0,0.10714285714285714,0.14285714285714285,0.0,0.0,0.0,0.0,0.0,0.0,0.0,0.0
posteriorcingulate-rh,0.0,0.0,0.0,0.0,0.0,0.0,0.0,0.0,0.0,0.0,0.0,0.0,0.0,0.0,0.0,0.0,0.0,0.0,0.0,0.0,0.0,0.0,0.0,0.0,0.0,0.0,0.0,0.0,0.0,0.0,0.0,0.0,0.16666666666666666,0.5,0.0,0.0,0.0,0.0,0.0,0.0,0.0,0.0,0.0,0.0,0.0,0.0,0.0,0.3333333333333333,0.0,0.0,0.0,0.0,0.0,0.0,0.0,0.0,0.0,0.0,0.0,0.0,0.0,0.0,0.0,0.0,0.0,0.0,0.0,0.0
precentral-lh,0.0,0.0,0.0,0.0,0.0,0.0,0.0,0.0,0.0,0.0,0.0,0.0,0.0,0.0,0.0,0.0,0.0,0.0,0.0,0.0,0.0,0.0,0.0,0.0,0.0,0.0,0.0,0.0,0.0,0.0,0.0,0.0,0.0,0.0,0.0,0.0,0.0,0.0,0.0,0.0,0.0,0.0,0.0,0.0,0.0,0.0,0.0,0.0,0.0,0.0,0.0,0.0,0.0,0.0,0.0,0.0,0.0,0.0,0.0,0.0,0.0,0.0,0.0,0.0,0.0,0.0,0.0,0.0
precentral-rh,0.0,0.0,0.0,0.0189873417721519,0.0,0.0,0.0,0.0,0.0,0.0,0.0,0.0,0.0,0.0,0.0,0.0,0.012658227848101266,0.006329113924050633,0.0,0.0,0.0,0.0,0.0,0.0,0.0189873417721519,0.0189873417721519,0.0,0.0,0.012658227848101266,0.06962025316455696,0.0,0.0,0.0,0.0,0.0,0.0,0.06962025316455696,0.0,0.11392405063291139,0.12658227848101267,0.006329113924050633,0.12025316455696203,0.0,0.0,0.0,0.0,0.0,0.0,0.0,0.12025316455696203,0.0,0.0,0.0,0.10759493670886076,0.02531645569620253,0.0,0.0,0.0189873417721519,0.0,0.0,0.0,0.06329113924050633,0.0,0.0,0.0,0.06962025316455696,0.0,0.0
precuneus-lh,0.0,0.0,0.0,0.0,0.0,0.0,0.0,0.0,0.0,0.0,0.0,0.0,0.0,0.0,0.0,0.0,0.0,0.0,0.0,0.0,0.0,0.0,0.0,0.0,0.0,0.0,0.0,0.0,0.0,0.0,0.0,0.0,0.21705426356589147,0.015503875968992248,0.0,0.0,0.0,0.0,0.0,0.0,0.0,0.0,0.0,0.0,0.0,0.0,0.10852713178294573,0.0,0.0,0.0,0.24031007751937986,0.13953488372093023,0.0,0.0,0.0,0.0,0.0,0.0,0.13178294573643412,0.14728682170542637,0.0,0.0,0.0,0.0,0.0,0.0,0.0,0.0
precuneus-rh,0.0,0.0,0.0,0.0,0.0,0.0,0.0,0.0,0.0,0.0,0.0,0.0,0.0,0.0,0.0,0.0,0.0,0.0,0.0,0.0,0.0,0.0,0.0,0.0,0.0,0.0,0.0,0.0,0.0,0.0,0.0,0.0,0.1896551724137931,0.034482758620689655,0.0,0.0,0.0,0.0,0.0,0.0,0.0,0.0,0.0,0.0,0.0,0.0,0.07758620689655173,0.0,0.0,0.0,0.1810344827586207,0.1724137931034483,0.0,0.0,0.0,0.0,0.0,0.0,0.16379310344827586,0.1810344827586207,0.0,0.0,0.0,0.0,0.0,0.0,0.0,0.0
rostralanteriorcingulate-lh,0.0,0.0,0.0,0.0,0.0,0.0,0.0,0.0,0.0,0.0,0.0,0.05454545454545454,0.0,0.0,0.0,0.0,0.0,0.0,0.0,0.05454545454545454,0.0,0.0,0.0,0.0,0.14545454545454545,0.0,0.0,0.0,0.07272727272727272,0.14545454545454545,0.0,0.0,0.0,0.0,0.0,0.0,0.14545454545454545,0.0,0.0,0.0,0.14545454545454545,0.05454545454545454,0.0,0.0,0.0,0.0,0.0,0.0,0.0,0.0,0.0,0.0,0.10909090909090909,0.0,0.0,0.0,0.0,0.0,0.0,0.0,0.0,0.0,0.0,0.0,0.07272727272727272,0.0,0.0,0.0
rostralanteriorcingulate-rh,0.0,0.0,0.0,0.0,0.0,0.0,0.0,0.0,0.0,0.0,0.0,0.007407407407407408,0.0,0.0,0.0,0.0,0.02962962962962963,0.0,0.0,0.0,0.0,0.0,0.0,0.0,0.037037037037037035,0.014814814814814815,0.0,0.0,0.02962962962962963,0.08148148148148149,0.0,0.0,0.0,0.0,0.0,0.0,0.08148148148148149,0.0,0.1111111111111111,0.1037037037037037,0.022222222222222223,0.1259259259259259,0.0,0.0,0.0,0.0,0.0,0.0,0.0,0.1037037037037037,0.0,0.0,0.0,0.11851851851851852,0.014814814814814815,0.0,0.0,0.0,0.0,0.0,0.0,0.05925925925925926,0.0,0.0,0.0,0.05925925925925926,0.0,0.0
rostralmiddlefrontal-lh,0.031578947368421054,0.0,0.0,0.031578947368421054,0.031578947368421054,0.06315789473684211,0.010526315789473684,0.0,0.0,0.0,0.0,0.0,0.0,0.0,0.06315789473684211,0.0,0.0,0.0,0.0,0.05263157894736842,0.042105263157894736,0.0,0.0,0.0,0.031578947368421054,0.0,0.0,0.0,0.05263157894736842,0.042105263157894736,0.0,0.0,0.0,0.0,0.0,0.0,0.0,0.0,0.042105263157894736,0.08421052631578947,0.0,0.08421052631578947,0.06315789473684211,0.0,0.0,0.0,0.0,0.0,0.0,0.042105263157894736,0.0,0.0,0.0,0.042105263157894736,0.08421052631578947,0.0,0.0,0.0,0.0,0.0,0.042105263157894736,0.0,0.0,0.0,0.0,0.0,0.06315789473684211,0.0
rostralmiddlefrontal-rh,0.0,0.0,0.0,0.0,0.0,0.0,0.0,0.0,0.0,0.0,0.0,0.0,0.0,0.0,0.0,0.0,0.0,0.0,0.0,0.0,0.0,0.0,0.0,0.0,0.0,0.0,0.0,0.0,0.0,0.0,0.0,0.0,0.0,0.0,0.0,0.0,0.0,0.0,0.0,0.0,0.0,0.0,0.0,0.0,0.0,0.0,0.0,0.0,0.0,0.0,0.0,0.0,0.0,0.0,0.0,0.0,0.0,0.0,0.0,0.0,0.0,0.0,0.0,0.0,0.0,0.0,0.0,0.0
superiorfrontal-lh,0.0,0.0,0.0,0.0,0.0,0.0,0.0,0.0,0.0,0.0,0.0,0.0,0.0,0.0,0.0,0.0,0.0,0.0,0.0,0.0,0.0,0.0,0.0,0.0,0.0,0.0,0.0,0.0,0.0,0.0,0.0,0.0,0.0,0.0,0.0,0.0,0.0,0.0,0.0,0.0,0.0,0.0,0.0,0.0,0.0,0.0,0.0,0.0,0.0,0.0,0.0,0.0,0.0,0.0,0.0,0.0,0.0,0.0,0.0,0.0,0.0,0.0,0.0,0.0,0.0,0.0,0.0,0.0
superiorfrontal-rh,0.0,0.0,0.0,0.13793103448275862,0.0,0.0,0.0,0.0,0.0,0.0,0.0,0.0,0.0,0.0,0.0,0.0,0.0,0.06896551724137931,0.0,0.0,0.0,0.0,0.0,0.0,0.0,0.0,0.0,0.0,0.0,0.10344827586206896,0.0,0.0,0.0,0.0,0.0,0.0,0.10344827586206896,0.0,0.0,0.13793103448275862,0.0,0.13793103448275862,0.0,0.0,0.0,0.0,0.0,0.0,0.0,0.06896551724137931,0.0,0.0,0.0,0.0,0.0,0.0,0.0,0.13793103448275862,0.0,0.0,0.0,0.034482758620689655,0.0,0.0,0.0,0.06896551724137931,0.0,0.0
superiorparietal-lh,0.0,0.0,0.0,0.0,0.0,0.0,0.0,0.0,0.0,0.0,0.0,0.0,0.0,0.0,0.0,0.0,0.0,0.0,0.0,0.0,0.0,0.0,0.0,0.0,0.0,0.0,0.0,0.0,0.0,0.0,0.0,0.0,0.1875,0.03571428571428571,0.0,0.0,0.0,0.0,0.0,0.0,0.0,0.0,0.0,0.0,0.0,0.0,0.07142857142857142,0.0,0.0,0.0,0.17857142857142858,0.17857142857142858,0.0,0.0,0.0,0.0,0.0,0.0,0.16964285714285715,0.17857142857142858,0.0,0.0,0.0,0.0,0.0,0.0,0.0,0.0
superiorparietal-rh,0.0,0.0,0.0,0.0,0.0,0.0,0.0,0.0,0.0,0.0,0.0,0.0,0.0,0.0,0.0,0.0,0.0,0.0,0.0,0.0,0.0,0.0,0.0,0.0,0.0,0.0,0.0,0.0,0.0,0.0,0.0,0.0,0.18699186991869918,0.032520325203252036,0.0,0.0,0.0,0.0,0.0,0.0,0.0,0.0,0.0,0.0,0.0,0.0,0.08130081300813008,0.0,0.0,0.0,0.18699186991869918,0.17073170731707318,0.0,0.0,0.0,0.0,0.0,0.0,0.16260162601626016,0.17886178861788618,0.0,0.0,0.0,0.0,0.0,0.0,0.0,0.0
superiortemporal-lh,0.04477611940298507,0.0,0.0,0.029850746268656716,0.04477611940298507,0.07462686567164178,0.014925373134328358,0.0,0.0,0.0,0.0,0.0,0.0,0.0,0.07462686567164178,0.0,0.0,0.0,0.0,0.07462686567164178,0.05970149253731343,0.0,0.0,0.0,0.04477611940298507,0.0,0.0,0.0,0.07462686567164178,0.05970149253731343,0.0,0.0,0.0,0.0,0.0,0.0,0.0,0.0,0.0,0.05970149253731343,0.0,0.05970149253731343,0.07462686567164178,0.0,0.0,0.0,0.0,0.0,0.0,0.0,0.0,0.0,0.0,0.0,0.07462686567164178,0.0,0.0,0.0,0.0,0.0,0.05970149253731343,0.0,0.0,0.0,0.0,0.0,0.07462686567164178,0.0
superiortemporal-rh,0.0,0.0,0.0,0.035398230088495575,0.0,0.0,0.0,0.0,0.0,0.0,0.0,0.0,0.0,0.0,0.0,0.0,0.0,0.0,0.0,0.0,0.0,0.0,0.0,0.0,0.008849557522123894,0.061946902654867256,0.0,0.0,0.0,0.05309734513274336,0.0,0.0,0.0,0.0,0.0,0.0,0.05309734513274336,0.0,0.07079646017699115,0.08849557522123894,0.008849557522123894,0.11504424778761062,0.0,0.0,0.0,0.0,0.0,0.0,0.0,0.09734513274336283,0.0,0.0,0.0,0.07079646017699115,0.0,0.0,0.0,0.02654867256637168,0.0,0.0,0.0,0.1504424778761062,0.0,0.0,0.0,0.1592920353982301,0.0,0.0
supramarginal-lh,0.0,0.0,0.0,0.0,0.0,0.0,0.0,0.0,0.0,0.0,0.0,0.0,0.0,0.0,0.0,0.0,0.0,0.0,0.0,0.0,0.0,0.0,0.0,0.0,0.0,0.0,0.0,0.0,0.0,0.0,0.0,0.0,0.0,0.0,0.0,0.0,0.0,0.0,0.0,0.0,0.0,0.0,0.0,0.0,0.0,0.0,0.0,0.0,0.0,0.0,0.0,0.0,0.0,0.0,0.0,0.0,0.0,0.0,0.0,0.0,0.0,0.0,0.0,0.0,0.0,0.0,0.0,0.0
supramarginal-rh,0.0,0.0,0.0,0.0,0.0,0.0,0.0,0.0,0.0,0.0,0.0,0.0,0.0,0.0,0.0,0.0,0.0,0.0,0.0,0.0,0.0,0.0,0.0,0.0,0.0,0.0,0.0,0.0,0.0,0.0,0.0,0.0,0.0,0.0,0.0,0.0,0.0,0.0,0.0,0.0,0.0,0.0,0.0,0.0,0.0,0.0,0.0,0.0,0.0,0.0,0.0,0.0,0.0,0.0,0.0,0.0,0.0,0.0,0.0,0.0,0.0,0.0,0.0,0.0,0.0,0.0,0.0,0.0
temporalpole-lh,0.0,0.0,0.0,0.0,0.0,0.0,0.0,0.035211267605633804,0.0,0.11971830985915492,0.02112676056338028,0.014084507042253521,0.0,0.0,0.0,0.0,0.02112676056338028,0.0,0.0,0.014084507042253521,0.0,0.0,0.0,0.0,0.11971830985915492,0.11267605633802817,0.0,0.0,0.04929577464788732,0.02112676056338028,0.0,0.0,0.0,0.0,0.0,0.0,0.04225352112676056,0.0,0.0,0.0,0.09859154929577464,0.0,0.0,0.0,0.0,0.0,0.0,0.0,0.0,0.0,0.0,0.0,0.014084507042253521,0.0,0.0,0.0,0.0,0.0,0.0,0.0,0.0,0.0,0.0,0.0,0.2746478873239437,0.04225352112676056,0.0,0.0
temporalpole-rh,0.0,0.0,0.0,0.03355704697986577,0.0,0.0,0.0,0.0,0.0,0.040268456375838924,0.0,0.0,0.0,0.0,0.0,0.0,0.0,0.006711409395973154,0.0,0.0,0.0,0.0,0.0,0.0,0.006711409395973154,0.09395973154362416,0.0,0.0,0.0,0.04697986577181208,0.0,0.0,0.0,0.0,0.0,0.0,0.04697986577181208,0.0,0.06040268456375839,0.08053691275167785,0.013422818791946308,0.09395973154362416,0.0,0.0,0.0,0.0,0.0,0.0,0.0,0.08053691275167785,0.0,0.0,0.0,0.06040268456375839,0.0,0.0,0.0,0.026845637583892617,0.0,0.0,0.0,0.12080536912751678,0.0,0.0,0.026845637583892617,0.1610738255033557,0.0,0.0
transversetemporal-lh,0.027777777777777776,0.0,0.0,0.027777777777777776,0.027777777777777776,0.12962962962962962,0.009259259259259259,0.0,0.0,0.0,0.0,0.0,0.0,0.0,0.1111111111111111,0.0,0.0,0.0,0.0,0.046296296296296294,0.037037037037037035,0.0,0.0,0.0,0.027777777777777776,0.0,0.0,0.0,0.046296296296296294,0.037037037037037035,0.0,0.0,0.0,0.009259259259259259,0.0,0.0,0.0,0.0,0.0,0.037037037037037035,0.0,0.037037037037037035,0.1574074074074074,0.0,0.0,0.0,0.0,0.009259259259259259,0.0,0.0,0.0,0.0,0.0,0.0,0.046296296296296294,0.0,0.0,0.0,0.0,0.0,0.037037037037037035,0.0,0.0,0.0,0.0,0.0,0.1388888888888889,0.0
transversetemporal-rh,0.0,0.0,0.0,0.0,0.0,0.0,0.0,0.0,0.0,0.0,0.0,0.0,0.0,0.0,0.0,0.0,0.0,0.0,0.0,0.0,0.0,0.0,0.0,0.0,0.0,0.0,0.0,0.0,0.0,0.0,0.0,0.0,0.0,0.0,0.0,0.0,0.0,0.0,0.0,0.0,0.0,0.0,0.0,0.0,0.0,0.0,0.0,0.0,0.0,0.0,0.0,0.0,0.0,0.0,0.0,0.0,0.0,0.0,0.0,0.0,0.0,0.0,0.0,0.0,0.0,0.0,0.0,0.0
