,S1_D1 hbo,S1_D3 hbo,S2_D1 hbo,S2_D2 hbo,S2_D4 hbo,S3_D1 hbo,S3_D3 hbo,S3_D4 hbo,S3_D5 hbo,S4_D2 hbo,S4_D4 hbo,S4_D6 hbo,S4_D11 hbo,S5_D3 hbo,S5_D5 hbo,S5_D7 hbo,S6_D4 hbo,S6_D5 hbo,S6_D6 hbo,S6_D8 hbo,S7_D5 hbo,S7_D7 hbo,S7_D8 hbo,S8_D6 hbo,S8_D8 hbo,S8_D15 hbo,S9_D2 hbo,S9_D9 hbo,S9_D11 hbo,S10_D9 hbo,S10_D10 hbo,S10_D12 hbo,S11_D9 hbo,S11_D11 hbo,S11_D12 hbo,S11_D13 hbo,S12_D10 hbo,S12_D12 hbo,S12_D14 hbo,S13_D6 hbo,S13_D11 hbo,S13_D13 hbo,S13_D15 hbo,S14_D12 hbo,S14_D13 hbo,S14_D14 hbo,S14_D16 hbo,S15_D13 hbo,S15_D15 hbo,S15_D16 hbo,S16_D14 hbo,S16_D16 hbo
S1_D1 hbo,0.0,0.0,0.0,0.0,0.0,0.0,0.0,0.0,0.0,0.0,0.0,0.0,0.0,0.0,0.0,0.0,0.0,0.0,0.0,0.0,0.0,0.0,0.0,0.0,0.0,0.0,0.0,0.0,0.0,0.0,0.0,0.0,0.0,0.0,0.0,0.0,0.0,0.0,0.0,0.0,0.0,0.0,0.0,0.0,0.0,0.0,0.0,0.0,0.0,0.0,0.0,0.0
S1_D3 hbo,0.0,0.0,0.0,0.0,0.0,0.0,0.0,0.0,0.0,0.0,0.0,0.0,0.0,0.0,0.0,0.0,0.0,0.0,0.0,0.0,0.0,0.0,0.0,0.0,0.0,0.0,0.0,0.0,0.0,0.0,0.0,0.0,0.0,0.0,0.0,0.0,0.0,0.0,0.0,0.0,0.0,0.0,0.0,0.0,0.0,0.0,0.0,0.0,0.0,0.0,0.0,0.0
S2_D1 hbo,0.0,0.0,0.0273972602739726,0.0,0.0410958904109589,0.0,0.0,0.0410958904109589,0.0410958904109589,0.0410958904109589,0.0410958904109589,0.0410958904109589,0.0,0.0,0.0136986301369863,0.0,0.0410958904109589,0.0410958904109589,0.0410958904109589,0.0273972602739726,0.0,0.0410958904109589,0.0,0.0410958904109589,0.0136986301369863,0.0410958904109589,0.0,0.0,0.0,0.0273972602739726,0.0410958904109589,0.0,0.0136986301369863,0.0410958904109589,0.0410958904109589,0.0,0.0136986301369863,0.0,0.0,0.0273972602739726,0.0,0.0410958904109589,0.0,0.0,0.0136986301369863,0.0273972602739726,0.0273972602739726,0.0,0.0410958904109589,0.0,0.0410958904109589,0.0273972602739726
S2_D2 hbo,0.0,0.0,0.0,0.0,0.0,0.0,0.0,0.0,0.0,0.0,0.0,0.0,0.0,0.0,0.0,0.0,0.0,0.0,0.0,0.0,0.0,0.0,0.0,0.0,0.0,0.0,0.0,0.0,0.0,0.0,0.0,0.0,0.0,0.0,0.0,0.0,0.0,0.0,0.0,0.0,0.0,0.0,0.0,0.0,0.0,0.0,0.0,0.0,0.0,0.0,0.0,0.0
S2_D4 hbo,0.0,0.0,0.007653061224489796,0.0,0.04081632653061224,0.0,0.015306122448979591,0.03571428571428571,0.030612244897959183,0.04336734693877551,0.04081632653061224,0.02295918367346939,0.0,0.0,0.025510204081632654,0.0,0.03316326530612245,0.03571428571428571,0.03826530612244898,0.02806122448979592,0.015306122448979591,0.03316326530612245,0.0,0.03826530612244898,0.02295918367346939,0.04336734693877551,0.0,0.0,0.0,0.017857142857142856,0.02295918367346939,0.02295918367346939,0.015306122448979591,0.02806122448979592,0.025510204081632654,0.0,0.02040816326530612,0.0,0.0,0.025510204081632654,0.0,0.030612244897959183,0.0,0.017857142857142856,0.025510204081632654,0.02806122448979592,0.02806122448979592,0.02295918367346939,0.03826530612244898,0.02040816326530612,0.030612244897959183,0.02806122448979592
S3_D1 hbo,0.0,0.0,0.0,0.0,0.0,0.6666666666666666,0.0,0.0,0.0,0.0,0.0,0.0,0.0,0.0,0.0,0.0,0.0,0.0,0.0,0.0,0.0,0.0,0.0,0.0,0.0,0.0,0.0,0.0,0.0,0.0,0.0,0.0,0.0,0.0,0.0,0.0,0.0,0.0,0.3333333333333333,0.0,0.0,0.0,0.0,0.0,0.0,0.0,0.0,0.0,0.0,0.0,0.0,0.0
S3_D3 hbo,0.0,0.0,0.0,0.0,0.03125,0.0,0.026041666666666668,0.03125,0.03125,0.03125,0.03125,0.0,0.0,0.0,0.03125,0.0,0.03125,0.03125,0.03125,0.03125,0.03125,0.03125,0.0,0.03125,0.03125,0.03125,0.0,0.0,0.0,0.020833333333333332,0.0,0.03125,0.020833333333333332,0.026041666666666668,0.03125,0.0,0.03125,0.0,0.0,0.03125,0.0,0.03125,0.0,0.03125,0.03125,0.03125,0.03125,0.03125,0.03125,0.03125,0.03125,0.03125
S3_D4 hbo,0.0,0.0,0.008310249307479225,0.0,0.038781163434903045,0.0,0.01662049861495845,0.036011080332409975,0.0332409972299169,0.038781163434903045,0.038781163434903045,0.019390581717451522,0.0,0.0,0.024930747922437674,0.0,0.0332409972299169,0.036011080332409975,0.038781163434903045,0.027700831024930747,0.01662049861495845,0.036011080332409975,0.0,0.036011080332409975,0.024930747922437674,0.038781163434903045,0.0,0.0,0.0,0.019390581717451522,0.019390581717451522,0.0221606648199446,0.01662049861495845,0.030470914127423823,0.027700831024930747,0.0,0.0221606648199446,0.0,0.0,0.027700831024930747,0.0,0.0332409972299169,0.0,0.019390581717451522,0.024930747922437674,0.027700831024930747,0.027700831024930747,0.0221606648199446,0.038781163434903045,0.019390581717451522,0.030470914127423823,0.027700831024930747
S3_D5 hbo,0.0,0.0,0.00974025974025974,0.0,0.03896103896103896,0.0,0.012987012987012988,0.03571428571428571,0.03571428571428571,0.03896103896103896,0.03896103896103896,0.022727272727272728,0.0,0.0,0.022727272727272728,0.0,0.032467532467532464,0.03571428571428571,0.03896103896103896,0.025974025974025976,0.016233766233766232,0.03571428571428571,0.0,0.03896103896103896,0.022727272727272728,0.03896103896103896,0.0,0.0,0.0,0.022727272727272728,0.022727272727272728,0.01948051948051948,0.01948051948051948,0.03571428571428571,0.02922077922077922,0.0,0.022727272727272728,0.0,0.0,0.025974025974025976,0.0,0.03571428571428571,0.0,0.01948051948051948,0.022727272727272728,0.025974025974025976,0.025974025974025976,0.01948051948051948,0.03896103896103896,0.016233766233766232,0.02922077922077922,0.025974025974025976
S4_D2 hbo,0.0,0.0,0.007936507936507936,0.0,0.03968253968253968,0.0,0.015873015873015872,0.03439153439153439,0.031746031746031744,0.04497354497354497,0.042328042328042326,0.023809523809523808,0.0,0.0,0.023809523809523808,0.0,0.031746031746031744,0.03439153439153439,0.03968253968253968,0.026455026455026454,0.015873015873015872,0.03439153439153439,0.0,0.03968253968253968,0.023809523809523808,0.042328042328042326,0.0,0.0,0.0,0.018518518518518517,0.0291005291005291,0.021164021164021163,0.015873015873015872,0.0291005291005291,0.026455026455026454,0.0,0.021164021164021163,0.0,0.0,0.026455026455026454,0.0,0.031746031746031744,0.0,0.018518518518518517,0.023809523809523808,0.026455026455026454,0.026455026455026454,0.021164021164021163,0.037037037037037035,0.018518518518518517,0.0291005291005291,0.026455026455026454
S4_D4 hbo,0.0,0.0,0.00847457627118644,0.0,0.03954802259887006,0.0,0.014124293785310734,0.03389830508474576,0.03389830508474576,0.04519774011299435,0.0423728813559322,0.025423728813559324,0.0,0.0,0.022598870056497175,0.0,0.031073446327683617,0.03389830508474576,0.03954802259887006,0.025423728813559324,0.01694915254237288,0.03389830508474576,0.0,0.0423728813559322,0.022598870056497175,0.0423728813559322,0.0,0.0,0.0,0.01977401129943503,0.02824858757062147,0.01977401129943503,0.01694915254237288,0.031073446327683617,0.02824858757062147,0.0,0.022598870056497175,0.0,0.0,0.025423728813559324,0.0,0.03389830508474576,0.0,0.01977401129943503,0.022598870056497175,0.025423728813559324,0.025423728813559324,0.01977401129943503,0.03672316384180791,0.01694915254237288,0.02824858757062147,0.025423728813559324
S4_D6 hbo,0.0,0.0,0.015503875968992248,0.0,0.05426356589147287,0.0,0.0,0.03875968992248062,0.03875968992248062,0.06976744186046512,0.06201550387596899,0.06201550387596899,0.0,0.0,0.007751937984496124,0.0,0.031007751937984496,0.03875968992248062,0.05426356589147287,0.015503875968992248,0.0,0.03875968992248062,0.0,0.06201550387596899,0.007751937984496124,0.06201550387596899,0.0,0.0,0.0,0.015503875968992248,0.06976744186046512,0.0,0.007751937984496124,0.03875968992248062,0.023255813953488372,0.0,0.007751937984496124,0.0,0.0,0.015503875968992248,0.0,0.03875968992248062,0.0,0.0,0.007751937984496124,0.015503875968992248,0.015503875968992248,0.0,0.046511627906976744,0.0,0.023255813953488372,0.015503875968992248
S4_D11 hbo,0.0,0.0,0.0,0.0,0.0,0.0,0.0,0.0,0.0,0.0,0.0,0.0,0.0,0.0,0.0,0.0,0.0,0.0,0.0,0.0,0.0,0.0,0.0,0.0,0.0,0.0,0.0,0.0,0.0,0.0,0.0,0.0,0.0,0.0,0.0,0.0,0.0,0.0,0.0,0.0,0.0,0.0,0.0,0.0,0.0,0.0,0.0,0.0,0.0,0.0,0.0,0.0
S5_D3 hbo,0.0,0.0,0.0,0.0,0.0,0.0,0.0,0.0,0.0,0.0,0.0,0.0,0.0,0.0,0.0,0.0,0.0,0.0,0.0,0.0,0.0,0.0,0.0,0.0,0.0,0.0,0.0,0.0,0.0,0.0,0.0,0.0,0.0,0.0,0.0,0.0,0.0,0.0,0.0,0.0,0.0,0.0,0.0,0.0,0.0,0.0,0.0,0.0,0.0,0.0,0.0,0.0
S5_D5 hbo,0.0,0.0,0.009900990099009901,0.0,0.033003300330033,0.0,0.019801980198019802,0.033003300330033,0.0297029702970297,0.033003300330033,0.033003300330033,0.009900990099009901,0.0,0.0,0.0297029702970297,0.0,0.033003300330033,0.033003300330033,0.033003300330033,0.033003300330033,0.019801980198019802,0.033003300330033,0.0,0.0297029702970297,0.0297029702970297,0.033003300330033,0.0,0.0,0.0,0.0231023102310231,0.009900990099009901,0.026402640264026403,0.019801980198019802,0.026402640264026403,0.0297029702970297,0.0,0.026402640264026403,0.0,0.0,0.033003300330033,0.0,0.0297029702970297,0.0,0.0231023102310231,0.0297029702970297,0.033003300330033,0.033003300330033,0.026402640264026403,0.033003300330033,0.0231023102310231,0.033003300330033,0.033003300330033
S5_D7 hbo,0.0,0.0,0.0,0.0,0.0,0.0,0.0,0.0,0.0,0.0,0.0,0.0,0.0,0.0,0.0,0.0,0.0,0.0,0.0,0.0,0.0,0.0,0.0,0.0,0.0,0.0,0.0,0.0,0.0,0.0,0.0,0.0,0.0,0.0,0.0,0.0,0.0,0.0,0.0,0.0,0.0,0.0,0.0,0.0,0.0,0.0,0.0,0.0,0.0,0.0,0.0,0.0
S6_D4 hbo,0.0,0.0,0.008130081300813009,0.0,0.037940379403794036,0.0,0.016260162601626018,0.037940379403794036,0.032520325203252036,0.037940379403794036,0.03523035230352303,0.016260162601626018,0.0,0.0,0.02710027100271003,0.0,0.03523035230352303,0.037940379403794036,0.03523035230352303,0.02981029810298103,0.016260162601626018,0.03523035230352303,0.0,0.032520325203252036,0.024390243902439025,0.037940379403794036,0.0,0.0,0.0,0.018970189701897018,0.016260162601626018,0.024390243902439025,0.016260162601626018,0.02981029810298103,0.02710027100271003,0.0,0.02168021680216802,0.0,0.0,0.02710027100271003,0.0,0.032520325203252036,0.0,0.018970189701897018,0.02710027100271003,0.02981029810298103,0.02981029810298103,0.024390243902439025,0.037940379403794036,0.02168021680216802,0.032520325203252036,0.02981029810298103
S6_D5 hbo,0.0,0.0,0.008310249307479225,0.0,0.038781163434903045,0.0,0.01662049861495845,0.036011080332409975,0.0332409972299169,0.038781163434903045,0.038781163434903045,0.019390581717451522,0.0,0.0,0.024930747922437674,0.0,0.0332409972299169,0.036011080332409975,0.038781163434903045,0.027700831024930747,0.01662049861495845,0.036011080332409975,0.0,0.036011080332409975,0.024930747922437674,0.038781163434903045,0.0,0.0,0.0,0.019390581717451522,0.019390581717451522,0.0221606648199446,0.01662049861495845,0.030470914127423823,0.027700831024930747,0.0,0.0221606648199446,0.0,0.0,0.027700831024930747,0.0,0.0332409972299169,0.0,0.019390581717451522,0.024930747922437674,0.027700831024930747,0.027700831024930747,0.0221606648199446,0.038781163434903045,0.019390581717451522,0.030470914127423823,0.027700831024930747
S6_D6 hbo,0.0,0.0,0.008522727272727272,0.0,0.03977272727272727,0.0,0.014204545454545454,0.03409090909090909,0.03409090909090909,0.04261363636363636,0.04261363636363636,0.02556818181818182,0.0,0.0,0.022727272727272728,0.0,0.03125,0.03409090909090909,0.03977272727272727,0.02556818181818182,0.017045454545454544,0.03409090909090909,0.0,0.04261363636363636,0.022727272727272728,0.04261363636363636,0.0,0.0,0.0,0.019886363636363636,0.02556818181818182,0.019886363636363636,0.017045454545454544,0.03125,0.028409090909090908,0.0,0.022727272727272728,0.0,0.0,0.02556818181818182,0.0,0.03409090909090909,0.0,0.019886363636363636,0.022727272727272728,0.02556818181818182,0.02556818181818182,0.019886363636363636,0.036931818181818184,0.017045454545454544,0.028409090909090908,0.02556818181818182
S6_D8 hbo,0.0,0.0,0.009345794392523364,0.0,0.03426791277258567,0.0,0.018691588785046728,0.03426791277258567,0.03115264797507788,0.03426791277258567,0.03426791277258567,0.012461059190031152,0.0,0.0,0.028037383177570093,0.0,0.03426791277258567,0.03426791277258567,0.03426791277258567,0.03115264797507788,0.018691588785046728,0.03426791277258567,0.0,0.03115264797507788,0.028037383177570093,0.03426791277258567,0.0,0.0,0.0,0.021806853582554516,0.012461059190031152,0.024922118380062305,0.018691588785046728,0.028037383177570093,0.03115264797507788,0.0,0.024922118380062305,0.0,0.0,0.03115264797507788,0.0,0.03115264797507788,0.0,0.021806853582554516,0.028037383177570093,0.03115264797507788,0.03115264797507788,0.024922118380062305,0.03426791277258567,0.021806853582554516,0.03426791277258567,0.03115264797507788
S7_D5 hbo,0.0,0.0,0.005128205128205128,0.0,0.03076923076923077,0.0,0.020512820512820513,0.03076923076923077,0.03076923076923077,0.03076923076923077,0.03076923076923077,0.005128205128205128,0.0,0.0,0.03076923076923077,0.0,0.03076923076923077,0.03076923076923077,0.03076923076923077,0.03076923076923077,0.02564102564102564,0.03076923076923077,0.0,0.03076923076923077,0.03076923076923077,0.03076923076923077,0.0,0.0,0.0,0.02564102564102564,0.005128205128205128,0.03076923076923077,0.02564102564102564,0.03076923076923077,0.03076923076923077,0.0,0.03076923076923077,0.0,0.0,0.03076923076923077,0.0,0.03076923076923077,0.0,0.03076923076923077,0.03076923076923077,0.03076923076923077,0.03076923076923077,0.03076923076923077,0.03076923076923077,0.02564102564102564,0.03076923076923077,0.03076923076923077
S7_D7 hbo,0.0,0.0,0.008875739644970414,0.0,0.038461538461538464,0.0,0.014792899408284023,0.03550295857988166,0.03550295857988166,0.038461538461538464,0.038461538461538464,0.020710059171597635,0.0,0.0,0.023668639053254437,0.0,0.03254437869822485,0.03550295857988166,0.038461538461538464,0.026627218934911243,0.01775147928994083,0.03550295857988166,0.0,0.038461538461538464,0.023668639053254437,0.038461538461538464,0.0,0.0,0.0,0.020710059171597635,0.020710059171597635,0.020710059171597635,0.01775147928994083,0.03254437869822485,0.029585798816568046,0.0,0.023668639053254437,0.0,0.0,0.026627218934911243,0.0,0.03550295857988166,0.0,0.020710059171597635,0.023668639053254437,0.026627218934911243,0.026627218934911243,0.020710059171597635,0.038461538461538464,0.01775147928994083,0.029585798816568046,0.026627218934911243
S7_D8 hbo,0.0,0.0,0.0,0.0,0.0,0.0,0.0,0.0,0.0,0.0,0.0,0.0,0.0,0.0,0.0,0.0,0.0,0.0,0.0,0.0,0.0,0.0,0.0,0.0,0.0,0.0,0.0,0.0,0.0,0.0,0.0,0.0,0.0,0.0,0.0,0.0,0.0,0.0,0.0,0.0,0.0,0.0,0.0,0.0,0.0,0.0,0.0,0.0,0.0,0.0,0.0,0.0
S8_D6 hbo,0.0,0.0,0.009259259259259259,0.0,0.040123456790123455,0.0,0.012345679012345678,0.033950617283950615,0.033950617283950615,0.046296296296296294,0.043209876543209874,0.027777777777777776,0.0,0.0,0.021604938271604937,0.0,0.030864197530864196,0.033950617283950615,0.040123456790123455,0.024691358024691357,0.015432098765432098,0.033950617283950615,0.0,0.043209876543209874,0.021604938271604937,0.043209876543209874,0.0,0.0,0.0,0.021604938271604937,0.030864197530864196,0.018518518518518517,0.018518518518518517,0.033950617283950615,0.027777777777777776,0.0,0.021604938271604937,0.0,0.0,0.024691358024691357,0.0,0.033950617283950615,0.0,0.018518518518518517,0.021604938271604937,0.024691358024691357,0.024691358024691357,0.018518518518518517,0.037037037037037035,0.015432098765432098,0.027777777777777776,0.024691358024691357
S8_D8 hbo,0.0,0.0,0.010714285714285714,0.0,0.03214285714285714,0.0,0.017857142857142856,0.03214285714285714,0.03214285714285714,0.03214285714285714,0.03214285714285714,0.010714285714285714,0.0,0.0,0.02857142857142857,0.0,0.03214285714285714,0.03214285714285714,0.03214285714285714,0.03214285714285714,0.02142857142857143,0.03214285714285714,0.0,0.03214285714285714,0.02857142857142857,0.03214285714285714,0.0,0.0,0.0,0.025,0.010714285714285714,0.025,0.02142857142857143,0.02857142857142857,0.03214285714285714,0.0,0.02857142857142857,0.0,0.0,0.03214285714285714,0.0,0.03214285714285714,0.0,0.025,0.02857142857142857,0.03214285714285714,0.03214285714285714,0.025,0.03214285714285714,0.02142857142857143,0.03214285714285714,0.03214285714285714
S8_D15 hbo,0.0,0.0,0.007614213197969543,0.0,0.04060913705583756,0.0,0.015228426395939087,0.03553299492385787,0.030456852791878174,0.04568527918781726,0.04060913705583756,0.02284263959390863,0.0,0.0,0.025380710659898477,0.0,0.03299492385786802,0.03553299492385787,0.03807106598984772,0.027918781725888325,0.015228426395939087,0.03299492385786802,0.0,0.03807106598984772,0.02284263959390863,0.04314720812182741,0.0,0.0,0.0,0.017766497461928935,0.025380710659898477,0.02284263959390863,0.015228426395939087,0.027918781725888325,0.025380710659898477,0.0,0.02030456852791878,0.0,0.0,0.025380710659898477,0.0,0.030456852791878174,0.0,0.017766497461928935,0.025380710659898477,0.027918781725888325,0.027918781725888325,0.02284263959390863,0.03807106598984772,0.02030456852791878,0.030456852791878174,0.027918781725888325
S9_D2 hbo,0.0,0.0,0.0,0.0,0.0,0.0,0.0,0.0,0.0,0.0,0.0,0.0,0.0,0.0,0.0,0.0,0.0,0.0,0.0,0.0,0.0,0.0,0.0,0.0,0.0,0.0,0.0,0.0,0.0,0.0,0.0,0.0,0.0,0.0,0.0,0.0,0.0,0.0,0.0,0.0,0.0,0.0,0.0,0.0,0.0,0.0,0.0,0.0,0.0,0.0,0.0,0.0
S9_D9 hbo,0.0,0.0,0.0,0.0,0.0,0.0,0.0,0.0,0.0,0.0,0.0,0.0,0.0,0.0,0.0,0.0,0.0,0.0,0.0,0.0,0.0,0.0,0.0,0.0,0.0,0.0,0.0,0.0,0.0,0.0,0.0,0.0,0.0,0.0,0.0,0.0,0.0,0.0,0.0,0.0,0.0,0.0,0.0,0.0,0.0,0.0,0.0,0.0,0.0,0.0,0.0,0.0
S9_D11 hbo,0.0,0.0,0.0,0.0,0.0,0.0,0.0,0.0,0.0,0.0,0.0,0.0,0.0,0.0,0.0,0.0,0.0,0.0,0.0,0.0,0.0,0.0,0.0,0.0,0.0,0.0,0.0,0.0,0.0,0.0,0.0,0.0,0.0,0.0,0.0,0.0,0.0,0.0,0.0,0.0,0.0,0.0,0.0,0.0,0.0,0.0,0.0,0.0,0.0,0.0,0.0,0.0
S10_D9 hbo,0.0,0.0,0.014705882352941176,0.0,0.03431372549019608,0.0,0.00980392156862745,0.03431372549019608,0.03431372549019608,0.03431372549019608,0.03431372549019608,0.0196078431372549,0.0,0.0,0.024509803921568627,0.0,0.03431372549019608,0.03431372549019608,0.03431372549019608,0.029411764705882353,0.014705882352941176,0.03431372549019608,0.0,0.03431372549019608,0.024509803921568627,0.03431372549019608,0.0,0.0,0.0,0.029411764705882353,0.0196078431372549,0.0196078431372549,0.024509803921568627,0.03431372549019608,0.03431372549019608,0.0,0.024509803921568627,0.0,0.0,0.029411764705882353,0.0,0.03431372549019608,0.0,0.0196078431372549,0.024509803921568627,0.029411764705882353,0.029411764705882353,0.0196078431372549,0.03431372549019608,0.014705882352941176,0.03431372549019608,0.029411764705882353
S10_D10 hbo,0.0,0.0,0.014925373134328358,0.0,0.05223880597014925,0.007462686567164179,0.0,0.03731343283582089,0.03731343283582089,0.06716417910447761,0.05970149253731343,0.05970149253731343,0.0,0.0,0.007462686567164179,0.0,0.029850746268656716,0.03731343283582089,0.05223880597014925,0.014925373134328358,0.0,0.03731343283582089,0.0,0.05970149253731343,0.007462686567164179,0.05970149253731343,0.0,0.0,0.0,0.014925373134328358,0.09701492537313433,0.0,0.007462686567164179,0.03731343283582089,0.022388059701492536,0.0,0.007462686567164179,0.0,0.0,0.014925373134328358,0.0,0.03731343283582089,0.0,0.0,0.007462686567164179,0.014925373134328358,0.014925373134328358,0.0,0.04477611940298507,0.0,0.022388059701492536,0.014925373134328358
S10_D12 hbo,0.0,0.0,0.007194244604316547,0.0,0.03237410071942446,0.0,0.02158273381294964,0.03237410071942446,0.02877697841726619,0.03237410071942446,0.03237410071942446,0.007194244604316547,0.0,0.0,0.03237410071942446,0.0,0.03237410071942446,0.03237410071942446,0.03237410071942446,0.03237410071942446,0.02158273381294964,0.03237410071942446,0.0,0.02877697841726619,0.03237410071942446,0.03237410071942446,0.0,0.0,0.0,0.02158273381294964,0.007194244604316547,0.02877697841726619,0.02158273381294964,0.025179856115107913,0.02877697841726619,0.0,0.02877697841726619,0.0,0.0,0.03237410071942446,0.0,0.02877697841726619,0.0,0.025179856115107913,0.03237410071942446,0.03237410071942446,0.03237410071942446,0.02877697841726619,0.03237410071942446,0.025179856115107913,0.03237410071942446,0.03237410071942446
S11_D9 hbo,0.0,0.0,0.016129032258064516,0.0,0.03225806451612903,0.0,0.010752688172043012,0.03225806451612903,0.03225806451612903,0.03225806451612903,0.03225806451612903,0.016129032258064516,0.0,0.0,0.026881720430107527,0.0,0.03225806451612903,0.03225806451612903,0.03225806451612903,0.03225806451612903,0.016129032258064516,0.03225806451612903,0.0,0.03225806451612903,0.026881720430107527,0.03225806451612903,0.0,0.0,0.0,0.03225806451612903,0.016129032258064516,0.021505376344086023,0.026881720430107527,0.03225806451612903,0.03225806451612903,0.0,0.026881720430107527,0.0,0.0,0.03225806451612903,0.0,0.03225806451612903,0.0,0.021505376344086023,0.026881720430107527,0.03225806451612903,0.03225806451612903,0.021505376344086023,0.03225806451612903,0.016129032258064516,0.03225806451612903,0.03225806451612903
S11_D11 hbo,0.0,0.0,0.010830324909747292,0.0,0.039711191335740074,0.0,0.010830324909747292,0.036101083032490974,0.036101083032490974,0.039711191335740074,0.039711191335740074,0.02527075812274368,0.0,0.0,0.021660649819494584,0.0,0.032490974729241874,0.036101083032490974,0.039711191335740074,0.02527075812274368,0.01444043321299639,0.036101083032490974,0.0,0.039711191335740074,0.021660649819494584,0.039711191335740074,0.0,0.0,0.0,0.02527075812274368,0.02527075812274368,0.018050541516245487,0.021660649819494584,0.036101083032490974,0.02888086642599278,0.0,0.021660649819494584,0.0,0.0,0.02527075812274368,0.0,0.036101083032490974,0.0,0.018050541516245487,0.021660649819494584,0.02527075812274368,0.02527075812274368,0.018050541516245487,0.039711191335740074,0.01444043321299639,0.02888086642599278,0.02527075812274368
S11_D12 hbo,0.0,0.0,0.01056338028169014,0.0,0.035211267605633804,0.0,0.014084507042253521,0.035211267605633804,0.035211267605633804,0.035211267605633804,0.035211267605633804,0.017605633802816902,0.0,0.0,0.02464788732394366,0.0,0.035211267605633804,0.035211267605633804,0.035211267605633804,0.028169014084507043,0.017605633802816902,0.035211267605633804,0.0,0.035211267605633804,0.02464788732394366,0.035211267605633804,0.0,0.0,0.0,0.02464788732394366,0.017605633802816902,0.02112676056338028,0.02112676056338028,0.035211267605633804,0.03169014084507042,0.0,0.02464788732394366,0.0,0.0,0.028169014084507043,0.0,0.035211267605633804,0.0,0.02112676056338028,0.02464788732394366,0.028169014084507043,0.028169014084507043,0.02112676056338028,0.035211267605633804,0.017605633802816902,0.03169014084507042,0.028169014084507043
S11_D13 hbo,0.0,0.0,0.0,0.0,0.0,0.0,0.0,0.0,0.0,0.0,0.0,0.0,0.0,0.0,0.0,0.0,0.0,0.0,0.0,0.0,0.0,0.0,0.0,0.0,0.0,0.0,0.0,0.0,0.0,0.0,0.0,0.0,0.0,0.0,0.0,0.0,0.0,0.0,0.0,0.0,0.0,0.0,0.0,0.0,0.0,0.0,0.0,0.0,0.0,0.0,0.0,0.0
S12_D10 hbo,0.0,0.0,0.012,0.0,0.032,0.0,0.016,0.032,0.032,0.032,0.032,0.012,0.0,0.0,0.028,0.0,0.032,0.032,0.032,0.032,0.02,0.032,0.0,0.032,0.028,0.032,0.0,0.0,0.0,0.028,0.012,0.024,0.024,0.032,0.032,0.0,0.028,0.0,0.0,0.032,0.0,0.032,0.0,0.024,0.028,0.032,0.032,0.024,0.032,0.02,0.032,0.032
S12_D12 hbo,0.0,0.0,0.0,0.0,0.0,0.0,0.0,0.0,0.0,0.0,0.0,0.0,0.0,0.0,0.0,0.0,0.0,0.0,0.0,0.0,0.0,0.0,0.0,0.0,0.0,0.0,0.0,0.0,0.0,0.0,0.0,0.0,0.0,0.0,0.0,0.0,0.0,0.0,0.0,0.0,0.0,0.0,0.0,0.0,0.0,0.0,0.0,0.0,0.0,0.0,0.0,0.0
S12_D14 hbo,0.0,0.0,0.0,0.0,0.0,0.5,0.0,0.0,0.0,0.0,0.0,0.0,0.0,0.0,0.0,0.0,0.0,0.0,0.0,0.0,0.0,0.0,0.0,0.0,0.0,0.0,0.0,0.0,0.0,0.0,0.0,0.0,0.0,0.0,0.0,0.0,0.0,0.0,0.5,0.0,0.0,0.0,0.0,0.0,0.0,0.0,0.0,0.0,0.0,0.0,0.0,0.0
S13_D6 hbo,0.0,0.0,0.010067114093959731,0.0,0.03355704697986577,0.0,0.016778523489932886,0.03355704697986577,0.03355704697986577,0.03355704697986577,0.03355704697986577,0.013422818791946308,0.0,0.0,0.026845637583892617,0.0,0.03355704697986577,0.03355704697986577,0.03355704697986577,0.030201342281879196,0.020134228187919462,0.03355704697986577,0.0,0.03355704697986577,0.026845637583892617,0.03355704697986577,0.0,0.0,0.0,0.02348993288590604,0.013422818791946308,0.02348993288590604,0.020134228187919462,0.030201342281879196,0.03355704697986577,0.0,0.026845637583892617,0.0,0.0,0.030201342281879196,0.0,0.03355704697986577,0.0,0.02348993288590604,0.026845637583892617,0.030201342281879196,0.030201342281879196,0.02348993288590604,0.03355704697986577,0.020134228187919462,0.03355704697986577,0.030201342281879196
S13_D11 hbo,0.0,0.0,0.0,0.0,0.0,0.0,0.0,0.0,0.0,0.0,0.0,0.0,0.0,0.0,0.0,0.0,0.0,0.0,0.0,0.0,0.0,0.0,0.0,0.0,0.0,0.0,0.0,0.0,0.0,0.0,0.0,0.0,0.0,0.0,0.0,0.0,0.0,0.0,0.0,0.0,0.0,0.0,0.0,0.0,0.0,0.0,0.0,0.0,0.0,0.0,0.0,0.0
S13_D13 hbo,0.0,0.0,0.00974025974025974,0.0,0.03896103896103896,0.0,0.012987012987012988,0.03571428571428571,0.03571428571428571,0.03896103896103896,0.03896103896103896,0.022727272727272728,0.0,0.0,0.022727272727272728,0.0,0.032467532467532464,0.03571428571428571,0.03896103896103896,0.025974025974025976,0.016233766233766232,0.03571428571428571,0.0,0.03896103896103896,0.022727272727272728,0.03896103896103896,0.0,0.0,0.0,0.022727272727272728,0.022727272727272728,0.01948051948051948,0.01948051948051948,0.03571428571428571,0.02922077922077922,0.0,0.022727272727272728,0.0,0.0,0.025974025974025976,0.0,0.03571428571428571,0.0,0.01948051948051948,0.022727272727272728,0.025974025974025976,0.025974025974025976,0.01948051948051948,0.03896103896103896,0.016233766233766232,0.02922077922077922,0.025974025974025976
S13_D15 hbo,0.0,0.0,0.0,0.0,0.0,0.0,0.0,0.0,0.0,0.0,0.0,0.0,0.0,0.0,0.0,0.0,0.0,0.0,0.0,0.0,0.0,0.0,0.0,0.0,0.0,0.0,0.0,0.0,0.0,0.0,0.0,0.0,0.0,0.0,0.0,0.0,0.0,0.0,0.0,0.0,0.0,0.0,0.0,0.0,0.0,0.0,0.0,0.0,0.0,0.0,0.0,0.0
S14_D12 hbo,0.0,0.0,0.008888888888888889,0.0,0.03111111111111111,0.0,0.017777777777777778,0.03111111111111111,0.03111111111111111,0.03111111111111111,0.03111111111111111,0.008888888888888889,0.0,0.0,0.03111111111111111,0.0,0.03111111111111111,0.03111111111111111,0.03111111111111111,0.03111111111111111,0.022222222222222223,0.03111111111111111,0.0,0.03111111111111111,0.03111111111111111,0.03111111111111111,0.0,0.0,0.0,0.02666666666666667,0.008888888888888889,0.02666666666666667,0.02666666666666667,0.03111111111111111,0.03111111111111111,0.0,0.03111111111111111,0.0,0.0,0.03111111111111111,0.0,0.03111111111111111,0.0,0.02666666666666667,0.03111111111111111,0.03111111111111111,0.03111111111111111,0.02666666666666667,0.03111111111111111,0.022222222222222223,0.03111111111111111,0.03111111111111111
S14_D13 hbo,0.0,0.0,0.009375,0.0,0.034375,0.0,0.01875,0.034375,0.028125,0.034375,0.03125,0.009375,0.0,0.0,0.03125,0.0,0.034375,0.034375,0.03125,0.034375,0.01875,0.03125,0.0,0.028125,0.028125,0.034375,0.0,0.0,0.0,0.021875,0.009375,0.028125,0.01875,0.025,0.028125,0.0,0.025,0.0,0.0,0.03125,0.0,0.028125,0.0,0.021875,0.03125,0.034375,0.034375,0.028125,0.034375,0.025,0.034375,0.034375
S14_D14 hbo,0.0,0.0,0.008620689655172414,0.0,0.03735632183908046,0.0,0.017241379310344827,0.034482758620689655,0.028735632183908046,0.034482758620689655,0.031609195402298854,0.011494252873563218,0.0,0.0,0.028735632183908046,0.0,0.03735632183908046,0.034482758620689655,0.031609195402298854,0.031609195402298854,0.017241379310344827,0.031609195402298854,0.0,0.028735632183908046,0.02586206896551724,0.03735632183908046,0.0,0.0,0.0,0.020114942528735632,0.011494252873563218,0.02586206896551724,0.017241379310344827,0.02586206896551724,0.028735632183908046,0.0,0.022988505747126436,0.0,0.0,0.028735632183908046,0.0,0.028735632183908046,0.0,0.020114942528735632,0.031609195402298854,0.034482758620689655,0.034482758620689655,0.02586206896551724,0.03735632183908046,0.02586206896551724,0.03735632183908046,0.034482758620689655
S14_D16 hbo,0.0,0.0,0.008620689655172414,0.0,0.03735632183908046,0.0,0.017241379310344827,0.034482758620689655,0.028735632183908046,0.034482758620689655,0.031609195402298854,0.011494252873563218,0.0,0.0,0.028735632183908046,0.0,0.03735632183908046,0.034482758620689655,0.031609195402298854,0.031609195402298854,0.017241379310344827,0.031609195402298854,0.0,0.028735632183908046,0.02586206896551724,0.03735632183908046,0.0,0.0,0.0,0.020114942528735632,0.011494252873563218,0.02586206896551724,0.017241379310344827,0.02586206896551724,0.028735632183908046,0.0,0.022988505747126436,0.0,0.0,0.028735632183908046,0.0,0.028735632183908046,0.0,0.020114942528735632,0.031609195402298854,0.034482758620689655,0.034482758620689655,0.02586206896551724,0.03735632183908046,0.02586206896551724,0.03735632183908046,0.034482758620689655
S15_D13 hbo,0.0,0.0,0.007194244604316547,0.0,0.03237410071942446,0.0,0.02158273381294964,0.03237410071942446,0.02877697841726619,0.03237410071942446,0.03237410071942446,0.007194244604316547,0.0,0.0,0.03237410071942446,0.0,0.03237410071942446,0.03237410071942446,0.03237410071942446,0.03237410071942446,0.02158273381294964,0.03237410071942446,0.0,0.02877697841726619,0.03237410071942446,0.03237410071942446,0.0,0.0,0.0,0.02158273381294964,0.007194244604316547,0.02877697841726619,0.02158273381294964,0.025179856115107913,0.02877697841726619,0.0,0.02877697841726619,0.0,0.0,0.03237410071942446,0.0,0.02877697841726619,0.0,0.025179856115107913,0.03237410071942446,0.03237410071942446,0.03237410071942446,0.02877697841726619,0.03237410071942446,0.025179856115107913,0.03237410071942446,0.03237410071942446
S15_D15 hbo,0.0,0.0,0.007575757575757576,0.0,0.04292929292929293,0.0,0.015151515151515152,0.03535353535353535,0.030303030303030304,0.04040404040404041,0.03787878787878788,0.020202020202020204,0.0,0.0,0.025252525252525252,0.0,0.03535353535353535,0.03535353535353535,0.03787878787878788,0.027777777777777776,0.015151515151515152,0.03282828282828283,0.0,0.03535353535353535,0.022727272727272728,0.04292929292929293,0.0,0.0,0.0,0.017676767676767676,0.020202020202020204,0.022727272727272728,0.015151515151515152,0.027777777777777776,0.025252525252525252,0.0,0.020202020202020204,0.0,0.0,0.025252525252525252,0.0,0.030303030303030304,0.0,0.017676767676767676,0.027777777777777776,0.030303030303030304,0.030303030303030304,0.022727272727272728,0.04040404040404041,0.022727272727272728,0.03282828282828283,0.030303030303030304
S15_D16 hbo,0.0,0.0,0.0037735849056603774,0.0,0.033962264150943396,0.0,0.022641509433962263,0.033962264150943396,0.026415094339622643,0.033962264150943396,0.03018867924528302,0.0037735849056603774,0.0,0.0,0.033962264150943396,0.0,0.033962264150943396,0.033962264150943396,0.03018867924528302,0.033962264150943396,0.022641509433962263,0.03018867924528302,0.0,0.026415094339622643,0.03018867924528302,0.033962264150943396,0.0,0.0,0.0,0.018867924528301886,0.0037735849056603774,0.033962264150943396,0.018867924528301886,0.022641509433962263,0.026415094339622643,0.0,0.026415094339622643,0.0,0.0,0.03018867924528302,0.0,0.026415094339622643,0.0,0.026415094339622643,0.033962264150943396,0.033962264150943396,0.033962264150943396,0.033962264150943396,0.033962264150943396,0.03018867924528302,0.033962264150943396,0.033962264150943396
S16_D14 hbo,0.0,0.0,0.008152173913043478,0.0,0.03804347826086957,0.0,0.016304347826086956,0.035326086956521736,0.029891304347826088,0.035326086956521736,0.03260869565217391,0.01358695652173913,0.0,0.0,0.02717391304347826,0.0,0.03804347826086957,0.035326086956521736,0.03260869565217391,0.029891304347826088,0.016304347826086956,0.03260869565217391,0.0,0.029891304347826088,0.024456521739130436,0.03804347826086957,0.0,0.0,0.0,0.019021739130434784,0.01358695652173913,0.024456521739130436,0.016304347826086956,0.02717391304347826,0.02717391304347826,0.0,0.021739130434782608,0.0,0.0,0.02717391304347826,0.0,0.029891304347826088,0.0,0.019021739130434784,0.029891304347826088,0.035326086956521736,0.035326086956521736,0.024456521739130436,0.04076086956521739,0.024456521739130436,0.03804347826086957,0.03260869565217391
S16_D16 hbo,0.0,0.0,0.008875739644970414,0.0,0.03550295857988166,0.0,0.01775147928994083,0.03550295857988166,0.029585798816568046,0.03550295857988166,0.03254437869822485,0.011834319526627219,0.0,0.0,0.029585798816568046,0.0,0.03550295857988166,0.03550295857988166,0.03254437869822485,0.03254437869822485,0.01775147928994083,0.03254437869822485,0.0,0.029585798816568046,0.026627218934911243,0.03550295857988166,0.0,0.0,0.0,0.020710059171597635,0.011834319526627219,0.026627218934911243,0.01775147928994083,0.026627218934911243,0.029585798816568046,0.0,0.023668639053254437,0.0,0.0,0.029585798816568046,0.0,0.029585798816568046,0.0,0.020710059171597635,0.029585798816568046,0.03254437869822485,0.03254437869822485,0.026627218934911243,0.03550295857988166,0.023668639053254437,0.03550295857988166,0.03254437869822485
