,Fp1,Fz,F3,F7,FT9,FC5,FC1,C3,T7,TP9,CP5,CP1,Pz,P3,P7,O1,Oz,O2,P4,P8,TP10,CP6,CP2,Cz,C4,T8,FT10,FC6,FC2,F4,F8,Fp2,AF7,AF3,AFz,F1,F5,FT7,FC3,C1,C5,TP7,CP3,P1,P5,PO7,PO3,POz,PO4,PO8,P2,CPz,CP4,TP8,C6,C2,FC4,FT8,F6,AF8,AF4,F2,FCz
Fp1,0.008185043369885403,-0.023703101720167954,-0.0005417851821752675,0.016036458944946853,0.000478796549411737,-0.00690776107273466,-0.011783827712312069,-0.008126777732629013,0.014275795336892078,-0.008804009210348096,-0.002438033319788704,-0.014086414736556955,0.0019595132384066516,0.0,-0.010778889463404816,0.0014112771355387042,0.004205355199558426,-0.004387801060148914,-0.017743464716240012,0.006218111572682166,0.006769365784874191,0.003427189852001365,0.014222206617137884,0.008335027275990222,-0.010016644066557188,-0.007449546254909928,0.011935263075572742,-0.002302587024244887,-0.010023025870242449,0.021397703937621255,-0.005430338961093507,0.028305810595393027,0.0,-0.008110788664912157,0.024503499705112286,0.015365609270913027,-0.0020316944331572532,-0.007783427478761092,0.011412415953430989,-0.009049651054724382,-0.016722882984653006,-0.006835303409954375,0.003691977107433426,0.005112446804959201,0.00721659890089674,-0.0013544629554381688,0.0009169062204546392,-0.011783827712312069,-0.021806853582554516,0.007254475020963765,0.014918237920875634,-0.0005417851821752675,-0.011377488825680617,0.0007750781212255663,0.014527611633931355,-0.0005417851821752675,-0.003839703191295809,0.016521499064029006,-0.0023655756570084173,-0.018826620378546016,-0.004876066639577408,-0.0005417851821752675,0.003534436408517177
Fz,-0.01443025377342843,0.005805666360177972,-0.0024739272056919365,-0.007076314587957853,0.023352960468194406,0.012621886255302278,-0.00255726633919829,-0.0015202442008140117,-0.005150294866896417,0.00950557787371439,0.001828307692280394,-0.015317802237034684,-0.0026313932157538793,0.005771678603193537,-0.0015946963898140955,0.0017144483367092641,-0.0034853457760020056,-0.003000430610167996,-0.0018640846677095303,-0.005500515893782707,-0.021620509045068535,0.0022059067187562864,-0.009566470448551002,-0.006037762002391549,0.00879447444392015,-0.010907844559148627,-0.0038107765159253086,0.023958522190145923,0.005082940403957906,-0.004928387418967072,0.00918854610963062,0.0,-0.01165431832381639,-0.0012715280500729224,0.006165424956459515,0.004903271819559597,0.008201836498172417,0.0025848735361919603,-0.0035478501261317665,-0.008474056473027836,-0.005138347028026093,0.005201405888004419,0.009028980355608793,0.01860933573076775,0.003437132993035814,-0.006296895544820937,-0.008163323940823714,0.0076667714616345806,-0.0034130746590729268,0.005346924059196041,0.005846374776526985,0.020008689391130888,0.007175150423365313,-0.022169946976881065,-0.015116566916259682,-0.005805599818996157,0.008682552176086657,-0.007490895724600421,-0.006535356960095979,0.002380008024275051,-0.005722423341712051,0.01117246405234644,-0.0019676079597034882
F3,-0.0003056546102903719,-0.009645791147707607,-0.0020573128172002852,-0.011442404054253024,0.00843753515257379,-2.8871033394229847e-05,-0.01226263855670489,-0.001215993367131768,0.0016734401147501792,0.007063075860304628,0.025802105872336528,-0.009341248835385462,0.0,0.01835166615537495,0.0012659006343630167,0.017794307445734778,0.013172425224043808,-0.005472708977750672,0.00706155761417282,-0.001685220730457444,-0.02272032603158431,-0.0021946450809413962,-0.0056036678553234845,-0.00010188487009679063,0.0004781257470714798,-0.01582345346841502,-0.00041664083821475853,0.009451731687587001,-0.004671432254538269,0.0016734401147501792,0.00988126543947725,0.003665630727548012,0.003279582142941089,-0.004381049414161997,-0.01013746744447959,0.0,0.002151565861821659,-0.007607890771690003,-0.0010279500587955022,0.0071134865032587286,-0.0028193018771408423,0.001965292487478631,0.01228276546665548,0.007507727121806817,0.0009626735940908883,-0.013054813922089698,-0.0065206316861946,0.030449976895460272,-0.003310271824108181,0.0018192648140735075,0.011604409847376887,-0.01683102492939851,-0.007072932281716498,-0.006011207335710647,-0.012326299347718431,0.005975410826645641,0.015520429402224683,-0.01467142129393785,-0.0034108414221549546,-0.0015407113031841316,-0.012328069281711667,-3.6454145090014656e-05,0.0016734401147501792
F7,0.011967955646525419,-0.0077906826392980305,-0.012329636878250757,0.05039715600440249,-0.010852444393646198,0.008604493885033034,-0.011300644946942742,0.0026752935983418583,0.01815278443721708,-0.011104584789404967,0.0,-0.008101508676576708,0.020001225536152845,0.001602394214717636,0.0028413702621773174,0.004535480367887503,0.0126926421673903,-0.007242494395464285,-0.01908393849163892,0.007366400542516153,-0.03755666075909265,0.002687907736718044,0.012296179513483215,0.012312267522924629,-0.008981821773728384,-0.021791835224158507,-0.024937496659602463,-0.03567517517350776,-0.011054156710253213,0.007003850843024507,0.010389907003617353,0.0031413190966124256,-0.0023622892730591647,0.020291621225158582,-0.013693800418647022,0.01787977234071397,0.028487465433203255,-0.011072850122993545,0.017691101277778044,0.002000166688862425,-0.0009168314548660289,-0.0007272919241637999,0.017560247388595733,0.008682314291764678,0.001410249280716487,-0.019474321871181855,0.005429717423653065,0.00503845133916733,-0.002580516714402495,0.007798085971076379,0.01896048793423495,-0.006525638321672658,0.005833996287456908,-0.03208044471700095,0.002916998143728454,-0.002363157740825471,0.005841826734530164,-0.02085804729208476,-0.002019287216897661,0.00524668428260989,-0.009709555050363585,-0.010446841472428157,0.002896140680160607
FT9,1.9267837468144966e-05,0.006572040175989776,-0.0021557040062574577,-0.014373679318448672,0.01097303343810857,0.0007155096151861143,-0.0007811629872997924,0.005498138589273166,0.0,-0.00571416265062237,-0.0002428868929516166,-0.01968691293307714,0.0004008016032064128,-0.015212594845037907,-0.0005087116876510238,0.0007141588276387452,-0.001953977903664382,-0.0015762416349932474,-0.006242040229511546,-0.0002736491678511548,-0.014405792380895583,-0.012105044375919586,-0.006994785705201577,0.003880838110151372,0.0023354352097301563,-0.02682814439765962,-0.0006834220392967036,0.010535097920628234,-0.0033132015015660196,0.0,0.009980204590791655,0.003807615230460922,0.006146796964143216,-0.00186143621339079,0.005888618136693072,0.007272232370119865,0.0004008016032064128,0.00026574833502691214,0.00029286603220430446,0.003616083750866861,0.011430415198959543,0.010817667383603534,0.020201919800430058,0.011786385947527766,-0.006727661096069794,-0.01573025231437057,-0.003902705576484267,0.012455611974298335,-0.0024613897768830297,0.006595232943312544,0.022153272588672196,0.0059053118318539675,0.011529404988280006,-0.008393742846241892,-0.0077668754780322435,0.001262655031543436,0.010052102169492233,-0.010174233753020475,-0.005897793297392189,0.002781195100362241,-0.007544607210096142,-0.0027736510793429647,0.0
FC5,-0.007379539863984951,0.01476619950388826,0.0013138323869545006,0.00636542127642192,0.005748949365592008,0.025895613872833033,0.003758037076340967,0.023703280246174525,-0.007520317251461569,-0.0023697167307254706,-0.002042278955409489,-0.003962622758601049,-0.0074906335392362945,-0.005777913908532599,0.0072403626281667514,-0.020546954131095356,-0.006838436894189774,-0.002132408846012337,-0.01246881322396974,-0.023252109395428905,-0.016866605316732224,0.0076428097598751285,-0.0016318310654090222,-0.007242484177556567,0.020360491514809276,-0.008079381474141693,-0.005537405720502625,0.02186878727634195,0.011357642741438793,-0.011174182656916266,0.006065186079299055,-0.0011575748806250904,0.0006088307371801601,0.02012354321473848,0.008919838658685996,-0.01909998553031399,0.007603884722341685,-0.006555084196024836,0.0026093439363817097,0.006431548892148484,-0.0049586182801900774,-0.005498121098326838,-0.0026863130290748637,0.011423770357165356,-0.021243595437935258,0.007060822016245747,-0.003884413098891818,0.0005053782355785713,-0.010136061794476951,0.006774628599406311,-9.261102463500002e-05,0.006233525629611136,0.006157797103934057,-0.01099536121427994,-0.03274237515149301,0.0062635689264787485,0.0142062542988344,-0.0009355493432114583,-0.007230923531305295,-0.003319667438862698,0.013813048492434197,0.011004081141856716,-0.002976587731604873
FC1,-0.007071205393849696,-0.0016077567459340456,0.0021376279716017743,-0.008675863999020364,0.01976217066707963,0.005519460358263648,0.007884322467150685,-7.315178406770359e-05,-0.0026067399762553143,0.002878195057961757,0.014460939777983222,-0.013382898236239608,-0.0010343109505367787,0.011086551844666444,0.001615713841275963,0.010148372412924302,0.00422450438551855,-0.0031413141350242844,-0.0009212845346296128,-0.004608852150437335,-0.022438830553944446,-0.0018954826388438472,-0.007515732871438437,-0.005682413646904407,0.0016555216067680152,-0.008197613593553976,-0.0008393732590510622,0.01554114333162646,0.013256966615282105,-0.002557927542645239,0.01518753179773429,0.0,-0.005757615998959381,-0.00490694232719585,-0.006527247657660707,0.0,0.000813228517213337,-0.011437109815360173,-0.004502222615099162,0.0036504345042121106,-0.005786925747907894,0.00014563490466129245,0.00904953543713585,0.012606936563316703,-0.005171621619031303,-0.012833791791299965,-0.010367092235305886,0.020980676115951415,0.0012331046013898637,-0.006783858410241892,0.005498843234478572,0.0025458247337638365,0.011085994625104685,-0.009382462980895526,-0.018970918889382064,-0.000352051319119244,0.018419271523240802,-0.010632083570095924,-0.005423195106774189,-0.0004904200806951997,-0.015589888898889123,0.015777694179984328,0.0
C3,-0.006275260582854712,-0.008993485368609437,0.00040539859200986253,0.00021205804634045946,0.012403268503939656,0.016895103726549704,-0.007805860431213188,-0.008675585570141892,0.014356659142212189,0.008592225946835189,-0.002222138990647493,-0.008864287556127292,0.01200902934537246,0.005132523073953333,0.009707343377783798,0.006283231606742334,0.001133585236895468,-0.006332488692910542,-0.008228651221127245,-0.004534321740295398,-0.020649974574354527,0.010461824797855313,0.01327313769751693,0.010367680283192232,0.011557562076749435,-0.0052200218674956535,-0.0022663637677589367,0.013055240636087706,0.001728991910371118,0.0038980227539119243,0.011241669439718651,0.005237020316027088,-0.007606287121082252,0.019051918735891647,-0.014525817714208064,-0.00025547611741990467,-0.0045388354526173045,-0.009050050827281837,-0.015305931258082066,0.004249506492783103,-0.007366608996789023,-0.008112725643600157,-0.0007230102811802688,0.009216971750403233,0.010527023931798767,-0.015791789173140725,-0.001047267691471435,0.01885779069147672,0.0073850768027358855,0.007031605109714421,0.012476832411143493,-0.0033303610057511396,-0.005204348721731075,-0.01468383606004774,-0.03151479705341018,0.0005056510237723792,-0.007043014237881284,-0.005605627350791797,-0.009738939364037141,-0.0004511983666123584,-0.0006648506177303424,0.004555709053786643,-0.009180449095168743
T7,0.0030588109232302617,-0.005215149766057167,0.0015580946728001187,0.005329638617776418,0.0,-0.0018633833888836333,-0.00256061748093238,0.011426027600534204,0.011333955248359118,0.0,-0.00110309835552671,0.01249074153903322,0.0061000124717252024,-0.003241760825363118,0.004642426348064353,-0.00932687176849968,0.002179352743479728,0.005997393477547897,-0.012227136904044799,0.0004567103559683181,-0.009851116365685008,-0.004243624817319488,0.011376956961806003,-0.007483012787811806,-0.01136673972789172,-0.0187373015275792,-0.015558195237181138,-0.0026801870336691136,0.0,0.005499066038739661,0.015182139614068389,-0.0015416075188389878,0.0,-0.0008824284357299844,0.00037097492209526634,0.0005276726745751491,0.00971809133003384,0.0,0.009498275637990605,0.005045258940495623,0.0,0.0,0.002222946274847322,-0.008913358537555833,-0.009577551323427145,-0.002359533384398659,0.0016388164039108644,-0.0023271508943971154,-0.007505038464200786,0.004613014114042264,0.011308568492835503,0.00408072414304793,0.003344379819540423,-0.012710624229331632,-0.0011505833688824222,0.0031161893456002373,0.006974328535391008,-0.00613503580961825,-0.004476694997511629,-0.004644804786123089,0.004525894049562249,0.0,0.0040661464393593055
TP9,-0.004861111111111111,0.0015735410793117424,0.003728448626376151,-0.008126481866864096,0.006388720063018893,-0.002059861233973917,-0.007224810296292055,0.0032571504385229856,0.0,0.004286776108257867,0.0017599875970439396,-0.017626397542319608,0.0009164327853828971,0.00013660752988129549,0.0,0.008436135913487616,0.0016471703723503171,-0.005988244769580088,0.0014963805854845812,-0.00624878463051707,-0.01524513074370359,-0.0010558776505661584,-0.002683107124345645,0.0037802852397044503,0.004729365059161535,-0.01819711295387642,0.00028638524543215534,0.0156746644165979,-0.006768648982908101,0.004925826221433072,0.001586565420643356,0.006873245890371728,0.008285403580451978,0.0013859366459267183,0.006156023212054485,0.00321168236128524,0.0002665018006914259,-0.006888789361177053,-0.0035300782291350667,0.004195579201784216,-0.0012385631521893634,0.0014932250443543543,0.014286354485535424,0.010952679964841791,0.005966102947363806,-0.012147423522764798,-0.001752116422319947,0.013698504574032,-0.005395272628146791,0.012076282422522185,0.023842128542426386,-0.005214788050169037,0.005724810119511037,-0.007546591520592514,-0.022413618608393988,0.006603327796551921,-0.000518388230909949,-0.009784245841580169,-0.007467579245625907,-0.006138398144789309,-0.00625,0.003973590860845762,-0.0012304002887894671
CP5,-0.0014470616609052174,-0.00234032513448236,0.019989374233214605,0.0,0.007078438431720709,-0.0021907604763419415,0.004322659797201648,-0.003577388088655247,-0.0020029570390461974,0.0036155220082699224,-0.00515454548632107,0.004835143325515474,-0.004984323498673527,-0.0028914668801140846,0.005714285714285714,-0.00471784045271359,0.0024333355470347456,-0.0003479589090413385,0.004472643893504651,-0.006682348993523175,-0.005868638958115604,0.010093884242057764,-0.0010743908534518011,-0.001849023233378889,0.00037267080745341616,-0.014149047351073238,-1.1010251767757078e-05,0.011855035180375888,-0.0031095747246563214,0.004427589244207385,-0.002829739563854218,0.004946923595843368,-0.0007075921802745175,-0.0014470616609052174,0.0025660877254917065,0.003828072297157957,-0.0027885996707410422,-0.005504112241652308,-0.012552211312946308,0.002272760637126569,-0.009366263889519992,-0.005394638881218609,0.00644298961541016,0.006876129424635701,-0.011147967297804592,0.004222134450903017,0.0,0.007901026574902915,0.000977570544255969,0.010050262673149318,0.01240240198254438,0.0014247964851081957,-0.008309104953914234,-0.0008843154594420774,-0.01942690765719319,0.01164975515297259,-0.0005145807191267275,-0.005466677385641933,-0.0048341646364694485,-0.007656598985658711,-0.003778438781252512,0.014005249967668307,-0.0037691062821350804
CP1,-0.010906395595086828,-0.01854508869432225,0.0009335143395269377,-0.008903065132619865,-0.008579288050887715,0.004193331608238746,-0.0160102295534451,-0.0023197050860680607,0.02362027835817341,-0.01798668587443629,0.019459453196510164,0.022790720278486915,0.014796709188960939,0.00019487775645011564,0.03389746501212072,-0.002435408725116476,-0.0022217029773330295,0.008771430116289398,-0.0035361220646035058,0.006344711233326768,-0.029013130029648455,0.0072331671320559916,0.013828918249827168,0.0035666974351448114,0.014564175449844164,-0.020012706480304957,0.0019183631169627006,0.015288650808670272,-0.0031314007124383196,0.012157893788243352,0.00902697584481358,0.0,0.012280356193411428,0.010912027900186541,-0.005521107304745681,0.0033966018211334385,0.01428819249995816,-0.02564983927010475,-0.0008784786725525868,-0.013649167255644856,-0.022759662138937056,-0.02008753567662973,0.003799392097264438,0.001770796723350186,-0.009847522236340533,-0.003405613509292981,-0.0009887109295041371,0.009232474519451729,0.00648133486274555,0.00670582245171988,0.002294118328615071,0.009319372940990181,0.007606830344671325,-0.018212621770436255,-0.014560635143781484,0.009354615078614105,-0.003984614473543615,-0.019124089658572884,-0.006571612667343829,0.00153810206123056,-0.011209574532454308,-0.010992006632602486,0.0194763501118093
Pz,-0.006468154576342772,-0.00765400109222098,0.0,0.00546148700677598,0.0005571917535620472,-0.005741535707339738,-0.0038698449165142585,0.010586643317678899,-0.0029906437272717162,0.0013531799729364006,-0.006000600060006,0.007472012026483233,0.009226513672620146,-0.011801180118011801,-0.0019495780669366788,-0.01509551576028414,-0.00526199240954104,0.0121436962608941,-0.0158015801580158,-0.015989468086345368,-0.0062210312410688655,-0.014373036443977121,0.0031610659274953976,0.002432305636040001,0.0023059855933854137,-0.019701970197019702,-0.008896941592591162,-0.006308813640259194,-0.00022052670920200482,-0.00020858569180964848,0.01532165474766055,-0.002610537261638287,0.0010347846851866593,0.010886147915913934,0.0014327787948738358,-0.011164723890999304,0.011468224749721648,0.0005571917535620472,0.014519385553137816,0.009329286028977011,-0.007027248932009335,0.0005571917535620472,0.005049171636896239,0.021418077491901066,-0.011487019911097214,-0.0008348602113255983,0.00661431262922519,-0.0087008700870087,-0.011717728327795766,0.017760623471405487,0.005788161399917752,0.010188649207991722,0.01572788019867019,-0.015285210762579084,-0.005051551879696447,0.007084295152431744,0.012178619756427604,-0.0066007555941457385,-0.00046750675226720287,0.005957588515358739,0.005473905664864028,0.008119079837618403,-0.005664078307854668
P3,0.0,0.006649668757755158,0.025690489482405952,0.0011047537509773246,0.0021343003974024326,0.00032969764905165476,0.012103930702077628,0.009683512322564558,-0.0022793820734212577,0.013714907335285405,0.012182999296105633,-0.0003103902016727243,-0.00908663637787874,0.010138064797999974,0.00018737417980124738,-0.008892826382284516,-0.003490786486110776,0.0003850456648712579,0.0054207957021989925,-0.007875231965189224,-0.0063449788500704995,0.004234766791778928,-0.008839684931879649,-0.0026074247984118606,9.028530155290719e-05,-0.010328013304118408,-0.004796889331182668,0.015481446830232006,-0.002314687120057019,-0.004833849301879479,8.458500756482537e-06,0.00415845640451934,0.009187586745602865,-0.007754974150086166,0.009060709234255605,-0.006012706874701653,-0.005881600112976149,0.0023722417012913555,-0.006030175517568306,-0.01472202056666071,0.00041648922203122926,0.007045747249700092,-0.000687161246238726,-0.0033683221055929814,-0.02880468880440195,0.001853514948377402,-0.00908663637787874,0.025257083258861744,-0.015063670445042178,0.012767555250559181,0.006630912951729909,0.021338039201841158,0.007126286887337919,-0.007989973366755445,-0.020718362081203076,0.006465788306527241,0.0014956835902878753,-0.006188312705624315,-0.018175479321172215,-0.004771513828913215,-0.006109979633401222,0.0051826705178588395,-0.0065329046712254285
P7,-0.008161476638961745,-0.0022238930527451305,0.0014595580616420514,-0.003145978720066292,-0.0004362621062734491,0.007413659507150089,0.0012824932266340015,0.00961474893440706,0.008047915371720712,0.0,0.008305497878486955,0.022765895137177673,0.006649789253146764,-0.00044743155046764876,0.0202341649556924,-0.011184599349791838,0.004910561857149947,0.011932865464903263,0.0015098126836159548,0.0030082274929378264,-0.014920164034551958,0.009518186017357207,0.009875332540071738,-0.03223337754926121,0.0008003875623843609,-0.016665212459645754,-0.02621458312408677,-0.0027971974651474158,-0.0003662285884098171,-0.006005766032581211,0.012438932658940463,-0.007232412038244208,0.0038819174866841204,0.0020626371560288764,-0.0004362621062734491,-0.008968157844442836,0.00899979147482641,0.0,-0.0041234389943587,0.002293690263608887,-0.004886135590262629,0.0,-0.0073445633403859695,-0.00842695967642388,-0.010415845417791052,0.008590751934938823,-0.011201125085983255,0.004610184152705931,0.00712956335499762,-0.0014437412464502648,0.0017338789808995971,0.01165482664884765,0.006753567410592872,-0.02425012364960691,-0.00580868599468355,0.00686106346483705,0.010020763744696218,-0.00895326262655057,-0.0031038609357881657,-0.00022709102688207167,0.0062291234088652165,0.004604134693509073,0.006429913466660948
O1,-0.0009785561881471734,0.0004408675375187415,0.014752827232969572,0.0005199899821915878,0.010462512241758603,-0.009428842762176096,0.0065462184777598555,0.005117428165023005,-0.008837174465947421,0.014769439670416135,0.0004800580619775327,-0.0015601682268348935,-0.008841808189417856,-0.013803556177155545,-0.009561453462239296,0.0046171541373930675,0.00792708962415175,0.001016712206900934,6.211344670602192e-05,-0.012255366664296786,-0.00135666802333469,-0.006164804845197127,-0.00768627393778312,-0.005560515579367119,-0.009413264830434559,-0.013431013431013432,-0.010867788472583965,0.003110870726468786,0.00014370146330918224,-0.007504662150825122,-0.0012628555976504571,0.006842496601239268,0.009419967565315046,-0.005170226749943342,0.0067196964636120765,-0.005851026333540999,-0.0035004698854225447,0.014621695013976473,-0.005288737999335106,0.011923148088448545,0.012766037474262252,0.01650579715013851,0.005134385437704579,0.0027674148323996884,-0.018218593762428886,0.0,-0.005990438908614758,0.008228544586596737,-0.012692290148815111,0.016840774407866826,0.021692390642423474,0.003784571014665696,0.009092632718482627,-0.004680504680504681,-0.016840283017656936,0.010365346293413909,0.0024987924947680092,-0.007031306823728082,-0.006746416883884849,-0.011757411653622282,0.0,0.013842104445989134,-0.010730298353945386
Oz,-0.0022061820998537252,-0.004253272588653499,0.010384541081685149,0.002965849276268714,0.003956688584662213,-0.0034497696674527663,0.0015557163584580935,0.00045913463030488287,-0.001466987306143669,0.004259918146675694,0.0035932703098597862,-0.0028421837080141125,-0.003488677816401345,-0.011172351434324782,0.0008066663730737032,0.0027232286812345907,-0.001796618991307175,0.002223320158102767,-0.0021558716696287,-0.002918088080253737,-0.005383982651611456,-0.003699206693092004,0.0017984616442959667,0.004442816464890469,-0.01056030431501855,-0.011216630524190533,-0.007442669385160177,-0.0021183859194784833,-0.004856101824837904,0.0036372538363388662,-0.004916119665043926,0.0057943770321830105,0.0069188848821987795,0.003947004265570795,0.0025632272891310407,-0.004259645674178608,0.0030355514355661474,0.0035578673579500196,0.002320948439262758,0.00729848525242148,0.0023420581305202,0.006681533628167664,0.007141305567025056,0.0036221754854406946,-0.01170611581976426,0.004323122529644269,0.0005726494434984773,0.0004068891835327451,-0.014430323554717208,0.0176835158609658,0.01769749046734187,0.0024239938431190925,0.0014899858321690586,-0.007029088461826067,-0.008972200674830323,0.006915869212019143,0.0017224094903630048,-0.011688636016349384,0.00015335583408135518,-0.014741496382747493,0.0,0.012417975618385107,-0.0050666307015285635
O2,-0.004793331113288205,-0.004470760166806725,-0.005721951561944024,-0.011103748990476758,0.0007392656321578502,-0.00023093032910491244,-0.005506523966353564,-0.005823054886790451,0.011179316427434659,-0.009395797403567293,0.0021008217254099466,0.006313807002913577,0.026395517817472833,0.0007916125245443169,0.016620071221302664,0.0021013921723141583,0.004728132387706856,0.027496648121102252,0.005262171357149558,-0.0006387327542156362,-0.02695093176797334,-0.007281553398058253,0.007703516328673526,-0.0029778670627850015,-0.0027639494737056805,-0.011840934169219249,-0.011049321644674932,0.004634209982713446,0.013002364066193853,0.01246302329611201,0.02879662950439976,0.0021013921723141583,0.0007880220646178094,0.001667114299707971,-0.005155028006258541,-0.00145245848522321,0.022658184590980845,-0.009665652344959577,0.004084668279756287,0.006734092148516456,-0.013863336223150238,-0.00953790579411645,-0.0037605873267636636,-0.010593903680912675,0.0027580772261623326,-0.012799419191095552,-0.004222078872270767,-0.00048585298388695536,0.019977587476690532,-0.015016276527962169,1.7952299632538297e-05,-0.002840288691769284,0.009378214216637482,-0.02475769764408113,-0.009957050045910909,-0.0010189523937227211,0.004107351933123758,-0.02692938900841429,-0.00640736029520426,0.015879866029537875,-0.0030012889415579162,-0.004338282262228671,0.015871175103173714
P4,-0.011403203342618384,-0.0010353872680548201,0.011101881612022774,-0.016162800661525506,0.005490636916358066,-0.0056504271802035305,-0.00036089492450829853,-0.005169887275482128,-0.012599446830657942,0.010694153388750217,0.017409040931065232,-0.0037155276661694943,-0.013753481894150418,0.005128744807074315,0.0028359419228583364,0.008258392031984738,0.011378359687436904,0.0038260260549939844,-0.009013570378137964,0.0016855001631256757,-0.016451949860724235,0.00368200162630521,-0.011229108635097493,-0.01236784207013909,-0.007061013816442077,-0.007689171453612064,-0.007015710680522904,0.0010700480354222039,-0.0016314802568417868,-0.0007681245553931328,-0.008276582057716229,0.004537672127846516,0.01828510214198041,-0.014188718662952645,-0.002528929361906275,-0.004250517298198683,0.0024821304488239276,0.005284477560454156,-0.010619777158774373,0.00972339400984916,0.0102609453751808,0.014124125159480793,0.002488784078273916,0.002069811737016105,-0.010124434217989819,0.01405284364087704,-0.00322075208913649,0.0160514082449713,0.0020815200617071697,0.011226117080771144,0.01422081769701758,-0.0003889020624256922,0.0037873421628428876,-0.016277855153203343,-0.002736618880655274,0.01689387464465836,0.016693801554452894,-0.019063370473537605,-0.00261241779758882,-0.014480893802159639,-0.002524373259052925,0.015557096874644108,-0.008008820752666818
P8,0.003589531809527804,-0.0054145441183276665,0.00360282925835163,0.006467005440503971,0.00541277369098788,-0.014168633781427851,-0.004197644735081046,-0.0013684826023280545,0.004968656219670006,-0.0018046235287291768,0.0030292877753627934,0.005753176834612548,-0.008939801717911075,-0.008505431218849738,0.00582653410656106,-0.010866536623646884,0.008278729922367726,-0.00035370059244849237,0.0025882685518895387,0.02349939204102465,0.006154746318449267,0.017636506442671687,0.005289777100311354,-0.0015739195269572105,-0.0063400157664252116,-0.00999204173666991,-0.0042794211587812575,-0.004142463209028486,-0.013564061710554182,0.0008188803759771879,-0.0014159088868813362,0.004733295224243385,0.005307952846207307,-0.006041939306864225,0.00667842717929262,0.01195158727951805,-0.012720587789574318,-0.0012536838599857547,-0.0025926946202390064,0.0010234320869364523,-0.005253425608519451,0.0020036426542516077,-0.006329373958611065,-0.00017751420647666577,-0.02243472054333645,0.013995997872023313,-0.005164115246737435,-0.006941922574401488,0.0027380813436311893,0.003058980920855067,0.005001899841729569,-6.293676755183761e-05,0.0022077517583759254,0.0024408900977400975,8.510559685002278e-05,-0.0027101490035909837,0.005064615305863933,-0.00324624209958827,0.004376938990785215,-0.008311963922539571,-0.0027072720591638333,0.010832860016640092,-0.0015417824219850114
TP10,0.060315762373009174,-0.022368211932958112,-0.022082018927444796,-0.0340311633687028,-0.005049429871864119,-0.007933645447918445,-0.025841820891268356,-0.01762080951568285,0.017898205605043096,-0.012632958056890242,-0.007456266131344996,-0.02667049039288787,-0.004811326674654266,-0.007647452442405124,-0.01605965012905076,-0.0015294904884810248,-0.006978300353694676,-0.019150300004163873,-0.018449479017302362,0.03281015140665621,0.056710199672402845,-0.004078250328564818,0.004783763004041302,0.012718581374113492,-0.011183812735940622,-0.0032501672880221777,0.08109525124872224,-0.010053115779732258,-0.009637901337307193,0.023570457140544808,-0.002421497786402665,0.01784718349135527,-0.004986092075561992,-0.016186912182731886,-0.012314509692148989,0.006598273575881906,-0.0027722015103718574,-0.021204673156444944,-0.006978300353694676,-0.014052193862919416,-0.018846513166344406,-0.01470433858040059,0.0035216987666137093,-0.008889577003219086,-0.006532003474195419,-0.023229136793805564,-0.021029907755537217,-0.0004938002267258523,-0.010912867718425963,-0.012363185961529325,0.02597612047787195,-0.010307053426017641,-0.016282505338261952,0.08317249638300132,0.08111167215887466,-0.015788118650459225,-0.018258292706242234,0.08398122620800719,-0.021285018323976345,-0.00490691983018433,-0.015964056973520695,-0.022033342658064458,0.025148037437329303
CP6,0.001073889269101248,0.0024124395162182168,-0.00030834327046242935,-0.003570059761799589,-0.007098806975769836,0.007585552520176007,-0.0035454144177790243,0.011134956008060923,-0.006695634424869298,0.0016842564910464729,0.01748093461463845,0.003817342612621323,-0.01187091969472634,-0.0005601286360571514,0.008402758951473317,-0.009684711797978956,-0.0010876337878819448,-0.005663097199341022,-0.0009790599886631418,0.007772288396024139,-0.006199133431788323,0.031353222125957925,-0.0012897730037429306,-0.011033965391617676,-0.009340111434870887,-0.025844316309719933,-0.0035635429641018446,-0.016931825291052034,-0.006317502175425559,0.005099887895281301,-0.0017353639832942483,-0.005768234868864652,0.015829499086542444,0.004352114981272699,0.0031027461232557892,-0.01304196849313943,0.007391944384937525,-0.0016720918020106806,0.0030784562409278283,0.002956098427184698,0.0033550844292612268,0.008075181253866633,-0.020029476463380495,0.0014159619046174628,-0.015823851195204394,4.913270506664083e-05,-0.0024798587505821673,0.002699415589380763,-0.004559467635291879,0.007874147918827084,0.016289940465695894,0.0006284957682680462,0.0031602124302268202,-0.0013385502471169688,0.0010809590072097114,0.008415081623483601,0.013603953429146845,-0.02166025571756183,0.013885479089689463,-0.0022259011190881983,0.0041385614955047525,0.006525447265599079,-0.0038064417873814593
CP2,0.00617187366334601,-0.010092949268350589,-0.004856512141280353,0.005996836281919427,-0.004944812362030905,0.0023152637251988312,-0.007902713451166941,0.013778585781264951,0.02004200407113782,-0.002972669894596945,-0.0011109808561049006,0.009189787810370397,0.015524118333786408,-0.010242825607064018,0.013364045351554388,-0.009092734453202512,0.007047178856106168,0.006859248341308109,-0.011479028697571744,0.0037486574053245004,-0.01347207392513745,0.0009689198177640947,0.021495168348962868,-0.009341810188321281,-0.006438100814417664,-0.02119205298013245,-0.015126061851132046,-0.005268475634111294,-0.004856512141280353,0.008110532849291648,0.0032567159305181784,0.0003412455856754409,-0.0019426048565121413,0.0036485201728744462,0.0008611616113290595,-0.00019894797608011397,0.008599035591934017,-0.004326710816777042,0.014542930606680646,0.00011908827973199001,-0.004826974530358534,-0.0025607064017660044,0.003177675784587511,-0.005807106135792321,-0.00341905450496092,0.001998047019804182,0.0031836154128707037,-0.004407626634797139,-0.005484068087741746,0.010735510591527412,0.01082806909485937,0.005579245772820202,0.004387036486680299,-0.019012834624230854,-0.002353630513298367,-0.004856512141280353,-0.0002636502141920363,-0.004340229174178333,-0.007784250395464761,-0.006613256481471507,0.0031809962311242007,-0.005209713024282561,0.012747075968732886
Cz,0.0019331303317325077,-0.005566881115331606,-0.00015477480266212662,0.005166069873377893,0.005100798648215215,-0.0027448485357932373,-0.005582861085632738,0.009932535530473416,-0.002304756480143638,0.005848944646944138,-0.001779910230614456,0.002145520930435214,0.016242491824729845,-0.0027707799079608815,-0.026692014818024412,-0.003863544855704476,0.012193766927305054,-7.135883289643985e-05,-0.011283394054377845,-0.003344582856323129,-0.007546659053308511,-0.00574359229758609,-0.008140161447817845,0.013242600076564776,-0.01291069425663205,-0.012923696022287571,-0.0135160504304247,0.003988465452767071,-0.006666081346681689,0.012943539786721449,0.024786383679847878,-0.0008428647143192622,0.0,-0.0035621164339733266,0.005185565961939043,0.015821836818342254,0.0017368509017734717,0.00398406374501992,0.007687762978258173,0.007688910964630383,-0.002379847908730282,0.004068831058743749,0.014107329011333013,-0.005827546180966186,-0.0024526302447282593,-0.009769160669902922,0.0011551301274040499,0.0017950767705718533,-0.02167206065010114,0.010089547266580817,0.014260070238135799,-0.00015477480266212662,0.003284395570808803,-0.01562805671871357,0.000306571400678639,0.0,0.008222429431211325,-0.008740171285077068,-0.007661352731775267,0.0039152764015972265,-0.0024468771930229666,0.0003390692548953124,-0.0024288636468624905
C4,-0.00986482174808468,0.012107759058491405,0.0006077549532028686,-0.013637782870887412,0.005744030723864571,0.020705180627241006,0.002103946020565831,0.01604473076455573,-0.016252004773158697,0.011081896257463945,0.0006077549532028686,0.013088506748089562,0.012620216771866359,0.0,0.0009533599604835824,-0.01583859073425468,-0.015956682373366633,-0.0025252261368046355,-0.00986780741247453,-0.008968519556589796,-0.017109450265118384,-0.009532724001336888,-0.010319748005332169,-0.021398184911267493,0.01645274764090887,-0.021228820227922173,-0.012744466343782374,-0.001696216227327109,0.011061140148292209,-0.014937264588257646,0.003739458523351255,-0.00332087698838789,0.0031603257566549165,0.005433449856541699,0.016166281755196306,-0.02070157773415518,0.01756907033128645,0.0053620809942997345,0.0011948973387912037,0.008143916372918438,0.006483714722293881,0.006324110864838457,-0.03075666381631412,0.010932813996151591,0.0059688885732250545,-0.007923938936502898,0.007336753488447402,-0.007554405551636233,0.023409962897952462,-0.004882652193237483,0.006771314586308352,0.019732772702116416,0.01221689370443381,-0.018981619733266484,0.0,0.008022365382277866,0.008202725348905027,-0.009236310685710077,0.015558526801993437,-0.004630263073205219,0.011790446092135651,0.010717243285542223,-0.027550419115509556
T8,-0.005632627516428497,0.037782413685198704,-0.012209676297764333,-0.0119046625638886,0.058713274920899824,0.003011369562949828,0.05715882618824103,0.014260804561732902,-0.02576405549181183,-0.016804874656653104,-0.01867111713779076,-0.019296964639616148,-0.020652967560237823,-0.013768645040158548,-0.019818504224470637,-0.020652967560237823,-0.015646187545634713,-0.0015770487813358373,0.031124787038002852,-0.012099718368624179,-0.003129237509126943,-0.02576405549181183,-0.02576405549181183,-0.017628037968081777,-0.013776555057195508,0.08937902020096658,-0.01199541045165328,-0.02390007301554188,0.04423820451305587,-0.011891102534682382,0.05707146830777789,-0.011578178783769688,-0.016376342964431,-0.010117867946177115,-0.016063419213518306,-0.00824032544070095,-0.0019818504224470637,-0.024199436737248357,-0.015541879628663815,0.04633340287194465,0.0237279649525399,-0.00783439379715587,-0.019296964639616148,0.01197055039810855,-0.014394492541983937,-0.02347493133062133,-0.01856680922081986,-0.01752373005111088,-0.014927332151176942,-0.002294774173359758,-0.0039637008448941274,-0.008043009631097666,0.052483049963492234,-0.00490247209763221,-0.00709293835402107,-0.011272035047460102,0.05884809290358472,-0.005945551267341191,-0.009596328361322624,-0.0061541671012829875,0.0,0.04517471576092626,-0.003546469177010535
FT10,0.023333367178747785,-0.004160339881805659,0.0004035604145263287,-0.027670164744093284,0.0005323268322445879,0.009103985728311781,-0.0006637393460019799,0.004606422444309678,-0.012441143593478421,0.0014336917562724014,0.0010473925031176242,0.005679014396916252,0.0073503932683316765,-0.007451191066287475,-0.03592979968745298,-0.016507300917426113,-0.006447582222049919,-0.00885168354783634,-0.010724781089397738,-0.0013540011895124757,0.024139164959780874,0.0001579965483830964,-0.01089197743680061,-0.012178318565963638,-0.004429780149418274,-0.015065670873036311,-0.007216026972949208,-0.013264264073000251,0.00979689366786141,-0.010095502529021673,0.006701207450544927,-0.0018823588776983652,0.004062126642771804,-0.003845669833059031,-0.00024027167406496662,-0.018795866305689933,0.005150718245847549,0.0014336917562724014,-0.0027531706230417737,0.03034647550776583,0.0014336917562724014,0.0014336917562724014,-0.005803750133458624,-0.015943097858477556,-0.005155948900808629,-0.008777346710271867,-0.016752864783569344,0.000789859667681106,-0.0054373581377145305,0.011107172735611005,0.010491186192547795,0.00726005678029803,0.0044072883330856455,0.012660369573464704,0.025996324387990294,0.02054958183990442,0.018241109194229912,0.049348214239012006,-0.010245499252170182,-0.0038125320954526844,-0.003677088900519404,0.010854932092252755,-0.0013858158790992572
FC6,-0.0028892455858747996,0.018367905827492446,0.0034658337857718415,-0.053171868372620196,0.01429545262004819,0.01551814834297738,0.006964822941038888,0.009237710770907376,-0.008647612743032659,0.01753803649848901,0.012001399393014688,0.0011190640841504673,-0.010839441605035112,0.009614100207460298,-0.009434025458707914,-0.004675582590222431,-0.010066820172087062,-4.874796261943211e-05,-0.010490353279187067,-0.008638071427023428,-0.01644523214247014,-0.026948813794885347,-0.00974683426734092,-0.0020572934917248084,-0.009780749564659868,-0.05199026504312309,-0.01769967596114686,-0.02377943629679853,0.015183048318181219,-0.0036973866082141444,0.0032192512797043805,-0.0031713476813335553,0.01721199931662787,0.008200747037196216,0.005251607880620405,-0.0034748966287068642,0.00331807004226606,0.011294441353133115,-0.0024795037615019996,0.017922925868477886,0.02844502724341248,0.024310879154870197,-0.002950461993898621,-0.006411285885128746,0.008745305686596195,-0.02187595782569451,-0.014420812565491003,0.018571594629730796,-0.013433356722223018,0.0173322649311041,0.02280985283012602,-0.002307084581936965,0.01437414736801813,-0.017305808184647827,0.001855968909382547,0.028608186561717822,0.01548291020833562,-0.01266574518381669,0.0036308788508990653,0.008405758676757382,8.76731544800982e-05,-0.003167942078864179,0.0023266456870296363
FC2,-0.005606758832565284,0.000347945748760313,0.000808187532419246,-0.008059150559619095,0.01618475581870427,0.006670197276641577,0.006184607802996317,0.0029080080198393282,0.0,0.0002438014613068487,0.001324359663368746,-0.005394715447419924,0.0010175753416278724,-0.006864663796467954,-0.0008412516295332262,7.636957519709456e-05,-0.003669875342476786,0.0068726087572622925,-0.003295406484872903,-0.013390219252620803,-0.011651121752279605,-0.004960126091969559,-0.004224270353302612,-0.0067070161839939725,0.006376647300552643,-0.012398884048630127,0.0028340654669122855,0.019749235270314774,0.00678795683252479,0.0,0.008114645566592159,0.0042510982003684285,-0.0031689836566714744,-0.003940787622055821,-0.0003255148389012287,0.003038903969803054,0.0029049171035850927,-0.005492754086920487,-0.010597826737601018,-0.0017114533901800705,-0.005890448350462887,-0.00018130835872999518,0.01302428306523988,0.016077368245885435,-0.008754432580695228,-0.002597033547542537,-0.008174613695327515,0.008288618440972315,-0.0005303533417919983,0.007085163667280714,0.0045650112198083355,0.004472185780609813,0.005208705413260944,-0.00546505555921967,-0.011888077487093793,-0.0018608730706533363,0.013010025669841822,-0.003971805619677556,-0.008749654720710681,0.0014027753380580822,-0.006128296532927944,0.010272540452366478,-0.003609831029185868
F4,0.007917289673447096,-0.007020622520330212,0.0018698245926453566,-0.0028276946096202453,0.0,-0.007047909461804119,-0.0031799345498027313,0.004535002822678563,0.002212147648284382,0.0077464161695307635,0.007452312746421619,0.007038293894574761,0.0036394877651744137,-0.008141859695190773,-0.011022320283874239,-0.011962465752960907,0.007135415554728231,0.006213845411828407,-0.0048375165437606615,-0.006583535169406841,-0.010069546074417204,0.0036574870435548933,0.00195374146462211,0.006115491895596709,-0.014942733270802902,-0.01154573504528715,-0.015648746324560207,0.0001298057264593382,0.0,0.016627495858947405,0.02005931395878956,-1.7396643752283503e-05,0.0010414855716375402,0.014110450537889955,0.002184009928511847,0.001916262908112483,-0.002958102970707782,0.0013355889947466832,-8.711615287058938e-06,0.0030998816292656106,0.00080135339684801,0.004273884783189386,0.0064021155594970215,0.002103053056032426,-0.011715731184083015,-2.3095085898343012e-05,0.001161977048181627,-0.0047367790758379965,-0.015013773258738863,0.016316952917671948,0.011730992019814767,0.0,0.0060120957454908065,-0.012720340833839126,-0.015816633242157374,0.006394334482974095,-0.004342842136748485,-0.009200741910580597,-0.010749477455957002,0.012406731545779003,0.005164277446353842,0.0,0.0013754249161254464
F8,-0.011497280519999598,0.004935599418109336,0.011884224650182096,0.0028513908787980193,0.015595514513653711,0.0034264340070326374,0.015753624300324627,0.010429414684733834,0.012325066057485824,0.001503000962070563,-0.007351397001595343,0.002069213933620714,0.016445292139486152,-0.011559091616790858,0.007831141080329684,-0.012688393683705619,-0.015159921218341699,0.018589104236417617,-0.028064362179039425,-0.007581522547263623,-0.004684689682886581,-0.00330493604925628,-0.004612215755382003,0.02074974361306853,-0.00021329826594882438,-0.0045972211496913985,-0.004971753078496678,0.0062795742564945595,0.007630171712393134,0.01998431064424573,-0.01465451970320343,0.004696185547249377,-0.01796320440388237,-0.0007180750058499788,-9.096727452299024e-05,-0.0067643998404907195,0.017059612804293654,0.004583142881015221,-0.001338185254521354,0.009883985902738156,0.008532930278332369,0.004716969736803852,-0.009668771659395534,-0.0092726225073863,-0.02104730323266205,0.006180609858936581,0.01128535675957241,-0.019359702013867178,-0.006681429689002713,-0.0018416707922658156,-0.002009985241142832,0.001820969906076289,0.011365286338239819,-0.008743104668095652,-0.01257626735448589,-0.0015011682880417092,0.009177323457886025,-0.008292600070457987,-0.004617547170738661,-0.023236557315172535,0.0,0.008376569862325364,0.010702399811667752
Fp2,-0.019387422482792377,0.0,0.008733624454148471,-0.0057383892890719886,0.01082209986709702,-0.0024096385542168677,0.0,0.01101196126827416,-0.01692288424630742,0.022783368141256883,0.014677887551725796,0.0,-0.011251461132168699,0.00765301570817159,-0.028562989379198968,0.014518220975796099,0.012868028026287798,0.003037782418834251,0.00765301570817159,0.007083431504640168,0.006075564837668502,-0.02026055617953111,-0.01330842641498212,-0.017826498704138747,-0.01177403748275807,-0.033433734939759034,-0.01591238696956041,-0.0038983349383865454,0.011391684070628441,-0.008187944487271278,0.008923485855325613,-0.06081609521434894,0.023542813745965445,0.01404974368710841,-0.0023652613110501635,-0.0016869642991941165,-0.0024096385542168677,0.024112397949496867,-0.008540617758674722,0.024302259350674007,0.023542813745965445,0.023922536548319728,-0.021068324942069398,0.001995775011952119,0.02638941945873488,0.0,-0.00884182257795183,0.006773820171515756,-0.031927710843373494,0.024112397949496867,0.019468799824321013,0.0,-0.01716867469879518,0.006075564837668502,0.006075564837668502,0.02202392253654832,0.0,0.006075564837668502,0.0,-0.05367827871196195,0.0,0.020694892728308333,-0.0030133634976587578
AF7,0.0,-0.015214886356273454,0.0008746975023142117,-0.0017034324163188825,0.013423150931100365,-0.00017509100203062225,-0.012295808560826542,-0.007726670644329659,0.0,0.00888247290418466,-0.003126960351602273,0.004184547985950427,0.000688964048603282,-0.005891346511046388,0.002693223099085557,0.0028167928989465407,0.004422010689758577,0.00043843166729299764,0.00677598230282447,-0.005667134859856728,-0.007545162163917377,0.00817076228216542,-0.0018737756579507707,0.0,0.001503194287861706,-0.013286772847287284,0.0009394964299135663,0.014561477165038222,-0.01075870246076848,-0.00016489131901671183,-0.010816795843624905,0.007766503820618815,-0.0005393349121717086,6.785029720393306e-05,-0.0010275380452177338,0.00418217410575106,6.286781606638491e-05,-0.002688763405048096,-0.008519301241054968,0.0013439629393877522,-0.008934516893454376,-0.004933589874565554,0.015602266262874446,0.005677073149320596,-0.00461400691954604,0.006842189554856708,-0.0018737756579507707,0.010453282768511485,0.008175744763302965,0.01724450058110987,0.01010336215800028,0.0015411230254291225,-0.0027174580153680843,-0.0022144621412145474,-0.016910492969777795,0.0010623353947468786,0.00042773586999023117,-0.00381255829142848,-0.003436786392274283,-0.008943020185674133,0.00018813400672152694,0.010214150346720408,-0.003917425116055802
AF3,-0.00989950448749128,-0.006595962588925759,-0.003553425336749029,0.00549461056429045,0.00036156347756864443,0.010878436563103201,-0.006326003203462579,0.01482102908277405,-0.00663772633651849,0.0021539613824508746,-0.0014874803735228494,0.0032710968568611647,0.012278264484215352,-0.008346417651433766,-0.005282718328786407,-0.007273917218371029,0.005164775749300214,-0.003449810339781853,-0.013635236757292786,-0.00911704516442241,-0.014887531019216154,0.0016500695488586275,-0.006052450367867612,-0.015021788555570778,-0.0028534189401767072,-0.008098504255846625,-0.0114117230498635,0.007149694767030736,-0.004941057480966961,0.009795721950244647,0.0034037483174334127,0.00517337807606264,0.0004890154122267338,0.008184920376539964,0.0041946308724832215,0.0006119899773476302,0.026412193549186225,-0.00029935981588224535,0.0031409585004807603,0.0035120197787192695,-0.009059324649524223,0.0007622042810077078,0.0040514070425521805,0.0035534311140000448,-0.008062113351698522,-0.0007587957029084238,-0.008837755518568823,-0.003057598545574746,0.003854223688134189,0.007960121762266768,0.005724955339538747,0.009927293064876958,0.009455667178207582,-0.022096199964615496,-0.0033885079292539106,0.005325210010007124,0.009589751397031733,-0.009917968581737567,0.00839983989157625,-0.000485965023690426,0.017031457316652697,0.007772078018955669,-0.010714408852264504
AFz,0.010029749300784634,-0.003101126536792554,-0.0138091077955938,-0.015205352515073555,0.017567972459205553,0.005558314126438832,-0.021048963542703934,-0.018717494221992006,0.000554836323284631,0.010401461856858606,0.002562503111077429,-0.013863849095814444,0.001664508969853893,0.004797309861308224,-0.0004924895345973898,0.008241070484797972,0.0030350908584897765,-0.006030378142609467,-0.008941048674807394,0.005887604451934155,-0.022222280920602938,0.0019524017563304413,0.0008322544849269465,0.0055177135697444014,0.012021453671167005,-0.01933021423294755,-0.0011382273847043243,0.012573398087160449,-0.005719964912739316,0.001973624257081541,0.00019175394723712838,-2.3841156959657217e-05,-0.001131168398402993,0.005455890512298871,0.00947147456804355,0.0,0.000554836323284631,-0.0036444407727595288,-0.005503049094976474,0.005631659271202018,0.006854753887987189,0.006911339633015594,0.016275198816349177,0.01322517023200884,0.016841033495709753,-0.019384181321767405,0.008729370169461667,0.016752226893854298,0.003182054399098782,0.00956633823556402,0.018075399719653495,-0.015136470471326696,-0.00578597782011854,-0.005755054905933998,-0.02160038422745566,0.004046780221011851,0.011021013144879955,-0.015974212748829836,-0.0006481060261564128,-1.3366532125424352e-05,-0.005109317055827063,-0.005737521294798431,-0.0028899717626885394
F1,0.003509586566182764,0.004817675886701553,0.0,0.0066604072312660655,0.009522738045433946,-0.012409031535734279,0.0,0.00022428971861230846,-0.003075483933296902,0.005467520103732038,0.006105964224840519,0.0022848241194596136,-0.006506207565351651,-0.009927143079697708,-0.012876024724087845,-0.009875280780642613,-0.0018407086219026161,-0.0015472665879184312,-0.009501363834317097,0.0017577924925555669,-0.005004053117720087,-0.012590534082636606,-0.0051273927007239525,0.008644364917085964,-0.017108056526062024,-0.007370778130248181,-0.020174426582537524,0.001184749737514922,0.0034421237279767545,0.0017408047221537798,0.0018178309311060493,0.002880217572419401,0.007031061471688679,0.0021479842189192876,0.0,0.012882658634427224,-0.007674419026389649,0.007616930303378486,0.017298107207432037,0.01629669674199518,0.008396376018779917,0.011054404094201465,0.015111683508041547,-0.00187232044465303,-0.009559302051253129,0.009490862726244822,0.0015437403855768188,0.00028035246089631524,-0.008540190825050904,0.0036838507109157176,0.009158833963779561,0.003571725226347703,0.006802121815922596,-0.010602112457149086,-0.002757629729255393,0.0025582016746252666,0.011459483369352524,-0.013644519837492135,-0.002556364949449526,-0.013883472357929345,0.0,0.0075303794731562314,-0.007952260521222922
F5,-0.0038880248833592537,0.011710794297352342,0.003564154786150713,0.024752504648208974,0.0008910386965376783,-0.011996127284379592,0.001145621181262729,-0.02113595522938027,-0.002447238472916863,0.0007637474541751527,-0.01203413648894196,0.014238142447940586,0.007788917466179726,-0.02010429567360229,-0.006902431955605252,-0.020738178345522672,0.0040989891663208875,0.019387795772320644,0.0005533110768324388,-0.04821355418792807,-0.008553654743390357,0.006117172347459031,-0.001306764371438618,-0.012723449250849134,0.015437148084916787,-0.004665629860031105,-0.02419556422024645,0.005077792172004321,0.005346232179226069,-0.03304946528439859,0.02240325865580448,-0.002073613271124935,-0.0016429742624894557,0.04050019321345652,0.0008910386965376783,-0.027218219817788093,-0.008140370631976923,0.0,-0.018046585559247378,0.018329938900203666,0.0,0.0,0.006468757489660968,0.00422885394857566,-0.02695697252462416,0.017246940522985536,-0.008826186019158749,-0.00507059945794651,-0.00741674400483984,0.02141983647595548,-0.009736229317977614,0.011583503054989817,0.015059893531994778,-0.016848107827890098,-0.04373783837430409,0.023676171079429736,-0.020436348307904126,0.01013248847318081,0.021013349149385678,0.021766802443991852,0.04824338085539715,0.029531568228105907,-0.005264076867281361
FT7,-0.004127044323034596,-0.0015212690022486028,-0.0022692669871082413,-0.007228645823442874,0.0168573221420808,-0.0027846413686869083,-0.014134187794549516,-0.005077645458170757,0.0,0.0008011970201837956,-0.0014233883624527079,-0.01839262396073381,0.0003723932472691162,-0.0037484375401436315,0.0,0.013325590383625085,0.004847325750120361,-0.005425463822980419,0.0008338704434537533,-0.004131372853467796,-0.019126449499175066,-0.001340099059117114,-0.003374578177727784,0.0028550148957298908,0.0025655618767614326,-0.016591676040494937,0.00031032770605759683,0.013981851449303693,-0.007147101895281956,0.0009309831181727905,0.0042929945946429,0.00788232373386296,0.003919763567289937,-2.722785272496475e-06,0.001534254593548199,0.0057364198641009,0.0,0.004625174397887455,-0.0027758446778065353,0.011294532200356786,0.007765174152138628,0.009183326389067305,0.0238079646077011,0.016025546148836656,0.005493812714820776,-0.012274036748385597,-0.0037117846614754093,0.012841702570197594,-0.005517130927154464,0.008075711303217187,0.019632049779775545,-0.003718207642118221,0.001728689388007236,-0.008506749156355456,-0.016628957254226043,0.0017255477126928154,0.0001501022650222325,-0.009983127109111362,-0.010820558117921455,-0.004335721378918995,-0.006033482718830951,0.0019023193103841173,-0.0031466321799149487
FC3,0.004841545100145835,-0.00542377207888747,-0.0007930288864722435,0.011020440107893898,0.0061701302546800525,0.002098635886673662,-0.005511408946850942,-0.014202983790644809,0.014881121905453053,-0.002623060278576266,-0.015425688169065477,-0.001983521197960478,0.025037242203501574,-0.007868466433714742,-0.005578210866523794,-0.006695269048596719,0.008909723363280997,0.0034355059720276443,-0.012397114114419266,-0.00476362196703024,-0.007417945330759069,0.0043609444735832805,0.014188525146897578,0.007366060551648436,0.0011106605520962744,-0.015140737729905497,-0.00781872486064629,0.005626758215329937,-0.01326831137648954,0.0029617721349733603,0.005985846523202658,-5.945530791633038e-05,-0.008350016042057167,0.011511223628835953,-0.0026661696419022583,0.023985557137073385,-0.003222806100737295,-0.002516944922696905,-0.0008574743457703676,-0.0020496087156192683,-0.006915080951877775,-0.0013958562337386907,0.026200256694240098,0.0037173748860821997,0.001696907375006572,-0.008633782919671464,0.012280090799429717,-0.00782440808860888,-0.0007319208574786094,0.011309655633704977,0.008127357193436501,0.012661453522337805,-0.00102468706792673,-0.0121872505257519,-0.007449922817925689,-0.003472462947859422,-0.004604448933211195,-0.016048646725325116,-0.006962689981620675,-0.00711854691056849,-0.0030285740546462095,0.0004055137760699424,0.004142316131847904
C1,-0.00700019906506079,-0.015394635921082112,0.0026346938323973564,-0.0004298628635444842,0.00864213375213042,0.0022247656400874284,-0.006742081061383236,-0.0001816026643235765,0.003663003663003663,0.0013433527431938354,-0.0012459325994682996,-0.01190750800743197,0.005404643000863388,-0.02316540234847952,6.49989201792294e-05,0.0021078176551525343,0.0013330255194773481,0.0025990179686494904,-0.0007226865978329031,-0.009179431036943703,-0.012265925259628751,-0.0014979481527679292,-0.0017639211053934803,0.0017729652497997378,0.003827018752391887,-0.007920229519730582,0.006997977147230878,0.011954449933416007,-0.012300630990239616,0.0009944177600458306,0.005959809512167926,0.007107320540156361,-0.0014131084452061113,0.0005286599704322197,0.0022159718526197515,0.008200410228620635,0.007872724290634738,0.0019003969315377345,-0.006055289389619457,0.006530967572924359,-0.004192320820399664,0.004660144054756565,0.013910676462257427,0.016429079496683662,-0.012224491186293509,0.0028733152894828773,-0.010449554375602441,-0.0038369704407005024,-0.009865409048657089,0.0126969773186315,0.014825073885809132,0.00587240364598565,0.00893602150340781,-0.01022160438302396,-0.011304585910093005,-2.7539263243968326e-05,0.006865538326721252,-0.003476925868402942,-0.0021037806495179043,-0.0011269817590247493,-0.004097435540677259,0.015884490566034193,-0.006720268713109319
C5,-0.008262309533323173,-0.007886445920401882,0.001767735028510825,-0.0011501369954161492,0.024365100071446474,-0.001690969610202108,-0.008798700523803507,-0.003365933650340054,0.0,0.006859455906839916,-0.003763148505056175,-0.01476814139389774,-0.004374669767198197,-0.004490725872727291,-0.003816793893129771,0.011277111163778206,0.004109508726793377,-0.007323821832031511,0.004105806062991697,-0.006892819187464814,-0.017104726646088763,0.0018565203469315802,-0.00363760383220515,-0.003141682721238722,0.003098846595855803,-0.007404895232852586,0.0002986501015410345,0.021367042971559547,-0.006055419710856387,0.0005375701827738621,0.007248377109091544,0.007406522518217656,-0.0011310262189790261,-0.0069938995508660945,0.007590154203447899,0.006231040749772597,0.0,0.008774668584861388,-0.005455147943194628,0.008073324315080309,0.0033639840524147535,0.012312968703387515,0.017860903357518935,0.015723074897043148,0.0019934638786200456,-0.005917572131742885,-0.011456607814699146,0.00965120938433301,-0.012894279058969331,0.00424660948412098,0.017758486576184986,-0.0046173003735146614,-0.0014871815980344802,-0.010045169668318994,-0.01697341179228141,0.00013930977755748086,0.002366222285168383,-0.005109660323754634,-0.008527321209370813,-0.003657021198638589,-0.009189681381927836,0.010817351949813325,-0.003816793893129771
TP7,-0.004176208885082515,-0.0015107783623281683,0.0007215175457944145,-0.0012663031066447242,0.0189172461075295,-0.00328003742753462,-0.008074382111271799,-0.007740750812248901,0.0,0.0023587615051516644,-0.006121022041212579,-0.016006071459516796,0.0003609239653512993,-0.0035828471663547183,0.0,0.011151242396646218,0.00452156645425247,-0.006164359922429837,0.004782987103994904,-0.0047560248225746865,-0.01697035487820882,0.0038509952189377476,-0.0023879646581230598,0.002827237728585178,0.0027883480731607404,-0.011676123463825095,0.00030076997112608275,0.018496388404558448,-0.007005706637967166,0.0028873917228103944,0.003651088408549878,0.007579403272377286,-0.0037835440276099905,0.00041800873166133925,0.0045222463768171475,0.007707559099443904,6.015399422521656e-05,0.001890835923231797,-0.0032782179164460587,0.00934651244158699,0.004718073651816979,0.003956656143125271,0.01943872756188502,0.0143184701366901,0.004316770904860868,-0.006661397681766668,-0.0036609760148600813,0.00739190265470115,-0.007065530247284197,0.009111115588598048,0.017438979535441664,-0.006980013226121868,-0.0024010316206511673,-0.0076414869059937916,-0.020154417884008964,-0.003258643807682815,-6.162396765729133e-05,-0.007163893974369179,-0.010692045679764364,-0.006135247745012873,-0.005548833685731134,0.007103299466933052,-0.0017293399495608543
CP3,-0.007076109740232294,0.00439350691285319,0.00902292805005116,0.003026448855699101,0.019396038826341715,-0.0015295500828068692,0.004824352415035638,-0.0014483040699804798,-0.006503665479243827,0.013921294193235463,0.0038892392119787428,0.0018866776215689855,0.000770885652300126,-0.00894481267897184,-0.013492987803343423,-0.005944078613237983,0.00030015655552531606,-0.003123175082797104,-0.007149827703652625,-0.017356132753630002,-1.6071743728277954e-06,-0.022578595653934865,-0.006084365962399507,-0.0015876204179584193,-0.025993511948666226,-0.016871446909957823,-0.009212954097771762,0.0007365434610140751,0.007341120517285145,-0.00010878003489421181,-0.006505568418344989,-0.006207990038376087,0.01353363034138962,-0.0009972851811391008,0.01071146004503682,0.003555499408621217,0.003406584658138888,0.020895856183251273,0.009240147711378672,0.014944165813608645,0.01427038586013344,0.018334087198562585,-0.006091938655538143,0.004848247972898305,-0.006802851033585557,0.0024556117690834626,-0.0028531307248960205,-0.014042044328927299,-0.007135363134297176,0.003499164598573655,0.010600269248583368,0.010908802084433731,0.006912685776661936,-0.002750779387493123,0.0005636048019379142,0.011316639322938509,0.005221447255388702,-0.008905436906837559,0.005313943488824887,-0.02063647051650332,-0.00281324713030366,0.01522427733320619,-0.014516071481446348
P1,-0.001840791960510766,0.009089968557081485,0.007781535711390699,-0.003080830058918141,0.015379752168366803,0.006262319053896661,0.010079092592355574,0.006548563736971668,-0.026344776721147815,0.01655552853540848,0.009173428814000418,-0.003104694892765569,0.019954334173802116,-0.005933544303797469,-0.023023298477343603,-0.0018606571015346018,0.001549614322953332,-0.02210030269675289,-0.00263899732500544,-0.0036070563114086176,-0.016540596348867072,-0.002020244845195889,-0.021374758418553453,-0.023374471507254913,-0.004883624937604792,-0.006237120989108037,-0.026600890384951767,-0.00467217451033094,0.01886335129462057,-0.003029367344587936,-0.008308161933163534,0.0009275287657907875,0.007741005490778307,-0.007258242566970857,0.011826025094606068,-0.008526811807519848,0.004661375339707243,0.02187485334459647,-0.008825855507630348,0.025435646542345546,0.020809735145674146,0.02024817827324195,0.006484302005605968,-0.009828845144692885,0.01396346093953318,-0.02492275259926704,-0.0046937728515783275,0.004960419039817742,0.010706911042565265,-0.0019371845575593127,0.022374015008980643,0.009776182522515605,0.006688819631985596,-0.026667818578199862,0.0004374330718067516,0.014818861911405204,0.014408493427704751,-0.025271392490390072,0.008031783159053386,-0.017143883349758738,0.0061509942703067075,0.01697682951282675,-0.024887421979325322
P5,0.002883332438821282,0.003416693240298892,0.004261716678784503,-0.00011775873617482068,0.009036248639366567,-0.009572205425067818,-0.00437274364430658,0.011180059105613392,-0.007982479163265922,0.01926665002160865,-0.0029230504415577382,-0.006551602676998943,-0.004431450687959445,-0.026568492139240254,-0.008301390544230304,-0.012680182220304169,-0.0034465720737080555,0.0015781582892764145,-0.008449539528265196,-0.018822736719365796,-0.005697774015793312,-0.00946998924111849,-0.002569257259729638,-0.002022082709224724,0.00432629387091738,-0.009721733004579076,-0.004130839050173287,0.015119929329193508,-0.004870538906035015,-0.005933463812577498,-0.00840257278157236,0.01263389921249679,0.007616767801190524,-0.0047191101988910255,0.016551322788764124,-0.00295153956178508,-0.00718562874251497,0.01290049067159196,0.002142598636352279,0.003502849898719091,0.008552439451099979,0.016161096886161394,0.008047912418718804,0.016559783362615054,0.007839499912267407,0.0,0.005271287716850499,-2.2969179469145562e-05,-0.018851570488462227,0.030822431983059284,0.03303513331115536,0.003291858084602236,0.007654757000728794,-0.006210589297590874,-0.01403508030749461,0.006492545425624257,-0.007176306546491311,-0.009028482922106548,-0.012637012170024069,-0.008174654260900917,-0.006774168022494009,0.01102276024998939,-0.016362949946394596
PO7,-0.0012804097311139564,-0.007010243277848913,-0.009987195902688862,-0.021959026888604353,-0.01059539052496799,0.013796414852752882,-0.017797695262483995,-0.017189500640204865,0.0012804097311139573,-0.015717029449423818,0.019910371318822027,-0.002496798975672218,0.004033290653008963,0.0031690140845070424,0.02007042253521127,0.0,0.01120358514724712,-0.008578745198463512,0.024007682458386685,0.020646606914212547,-0.030729833546734954,0.004033290653008961,0.006498079385403328,-0.015588988476312418,-0.005825864276568501,-0.03284250960307298,-0.009923175416133164,-0.007522407170294496,-0.0006402048655569769,0.006241997439180538,0.01088348271446863,0.0,0.018629961587708067,0.009026888604353394,-0.015653008962868115,0.018950064020486556,0.02387964148527529,-0.021574903969270167,-0.007586427656850192,0.01001920614596671,-0.01088348271446863,-0.009603072983354674,0.008770806658130603,-0.016997439180537775,0.0,0.009186939820742632,-0.009507042253521125,0.007490396927016645,0.04599871959026888,-0.0014084507042253537,0.002816901408450704,0.006402048655569783,0.003713188220230472,-0.019526248399487835,-0.0007042253521126769,0.014820742637644047,0.01965428937259923,-0.03322663252240717,0.012868117797695264,0.001664532650448143,0.007266325224071703,-0.008610755441741356,0.004033290653008965
PO3,-0.0012094553243574072,-0.006150828975186384,-0.004709928229665072,0.0011499248915099597,0.0003248442194280629,-1.0918549015243376e-05,-0.009402609324579949,0.001941484922666074,0.007845568599087568,0.0009965088461110494,0.0,-0.0012082730610882397,0.021540419494825866,-0.008672248803827751,-0.00606987871369756,-0.005530975297652165,0.005628129520418381,0.0008190998108378762,-0.002766148325358852,-0.005410871258484477,-0.018650968064982752,0.0007441304105930777,0.004205519083120064,0.003144263936797599,0.007478997440747745,-0.013232655502392344,-0.013567166462668298,-0.0032587348392121955,-0.006896280738844998,0.00820942750639813,0.01339712918660287,0.0005761099365750528,-0.001644736842105263,0.004563536218982971,0.009570768888394348,0.0072852453544008,0.003016301324134861,-0.002785690441749193,0.012620382218760436,-0.005695170802269946,-0.011957967063536218,-0.002155752753977968,0.007282741738066095,0.015938091131634587,0.006151524424168244,-0.006849685657060197,0.013693320907978201,0.0,-0.0058384332925336575,0.015674376877712254,0.01789633637476355,0.014744005229776345,0.00893714532101925,-0.028545120729943252,-0.009943181818181818,-0.004111842105263158,-0.0032795983086680754,-0.014116292978747079,-0.008722460220318237,0.005451555023923446,-0.005281030933570713,-0.00284334316234561,-0.0003086402581506612
POz,-0.008063038299431922,0.0025526729532220054,0.023256095266684138,0.0024448304703081772,0.016151666640316174,-0.0017051420986529172,0.011992780884836783,0.012207316332561885,-0.0047875837331092025,0.013844424644437248,0.0038965303546878785,0.0011490052406353448,-0.00815466373465274,0.002837611963505314,0.003199356467933379,-0.0023149349247191184,-0.004136602789183649,-0.0006861915676515985,0.0009961900725706692,-0.01807634901166379,-0.001062455369959668,-0.0033108950936692784,-0.004635847343571543,0.00044859501829979786,-0.005918603436662985,-0.015301447681876489,-4.481352110587746e-05,0.01533034479848541,0.0017837691368678826,-0.005684313962467775,-0.011932139383703378,0.0027259318586183284,0.008555668703506637,-0.00339014110317024,0.011008192102655008,-0.0026972646456299206,-0.0016297337111251104,0.0079857022584706,-0.007055158512002932,-0.0032849159845514675,0.004495942148043289,0.005981703138046475,-0.01283594357061615,0.00389730849001884,-0.013738209171760888,0.0020920875768678337,0.0,-0.0021824220148350115,-0.006547761221533819,0.012396332478410193,0.0060688719800081475,0.008086170140634168,-0.003339491567082145,-0.0006413780465457211,-0.015581859359325106,0.009662937594572187,-0.001630582586031614,-0.007604911123327836,-0.0004667397194263283,-0.016747700618939453,-0.000916254352208173,0.012800343879224624,-0.011742893334234556
PO4,-0.014715409532623786,-0.0016641928479908252,0.0010153631475846945,-0.0030697151163399175,0.009531462031093849,-0.0023092668775217123,0.0025603359793119618,0.011267082731570534,-0.006108012793918177,-0.0015603660747545746,0.008003675149291675,0.005509128508591549,-0.0022265619972878063,-0.017632784623141714,0.011226000699756596,-0.015825916342381178,-0.013439492962398575,0.016202114382612025,0.002846397918537094,0.0019409507385677004,-0.013603380424271628,3.3029873457428305e-05,-0.0040391589280233675,-0.026050605111187636,0.021437709870018237,-0.01972589511532939,-0.007359762873951522,-0.004754138511445356,0.004760227705824412,-0.013865366009405904,-0.003249176093442293,-0.00999537251272559,0.01986866068420011,0.013494185545464377,0.00574390300634443,-0.00537486577858237,0.004872557317922197,-0.004230077205075804,0.0010367554488900522,-0.002346232694056389,-0.01595972839188533,-0.005178399123756916,0.000981261656037534,0.020050895850188995,-0.024891585048844502,0.03073403685895518,-0.006640486803048264,-0.0015931255399089864,0.002763252372920494,0.00422032247592252,0.0022569078179597284,0.038058446351067796,0.01744240716269531,-0.01653507713972713,-0.004735610535127516,0.006387635009482568,0.008697172295307299,0.004406854129392676,2.5959197089645697e-05,-0.0021243476587473253,-0.011988682310855276,0.013091136962256158,-0.007673035900558048
PO8,-0.005081604092921034,0.0035569995479231135,-0.0012815225711008786,-0.005648513147059201,0.007416659804467636,0.0003694912263180958,-0.010913132732328629,0.0021188550296066012,-0.010094353058686101,0.012896173278298804,0.008973602884192374,-0.0014811950776369622,0.012482913676579239,0.006775898518917197,-0.014843083748191148,0.01256865588717963,0.015778637373782628,-0.0255379911891205,-0.005690615821041897,-0.004464033788449588,-0.01764836420942516,0.0011065779082787865,-0.0023097388905353664,-0.007426423943723514,-0.016775232974571307,-0.0025497195308516064,-0.008449873228158431,0.014500216136262548,0.007146466469356818,0.00497479674117389,-0.004779302292340132,0.009167689309174908,0.018760528199257498,-0.00041933343009739263,0.005849722516230282,-0.006095905823708128,0.01273693774432665,0.005643746112059629,0.002730121436443479,0.015310796141595003,-0.00015139477370259072,0.00840835953147298,-0.00019219065430702703,-0.0035690183658950055,0.023937739872507767,-0.0070703595592285316,0.004419188688926597,0.012246494508357273,0.002670901609759619,-0.037629198151951204,0.02245131762135776,-0.0169142500222615,0.0001360445528931619,-0.013972796169350557,-0.00975220326283852,0.01270541825615381,0.010652804766946652,-0.01881595648459035,-0.0006318438011593507,-0.014724515256039659,0.0015923829480323608,0.005203016241085783,-0.010375488487647286
P2,-0.002817945912664684,-0.007308381369045573,0.00021008865323659046,0.009224972390047425,0.021199865044661426,-0.0035001193158627052,-0.01160392304253814,0.0006434335091793329,0.00617960523425748,0.01937621966057851,0.0029528731497598278,-0.00041749762986618586,-0.0014536894324464027,-0.004541871196496381,-0.0020534753252818786,0.012646036227882872,0.012546968483359946,-0.0003580931136235371,0.009354901578639642,-0.02313741173890448,-0.014649380524505849,0.006185165312310939,0.003191233896636483,0.002898938385392876,-0.0022776548622496185,-0.006025027035377723,-0.0018918516845365472,0.01682582992269213,-0.01496141732371183,0.002788007802856974,-0.0037354190089373637,0.004604607745074315,-0.002971510451105091,-0.0010639018666697506,0.00784653469992023,0.0008779001941701704,-0.005789727342303064,0.0062985949190983055,0.0006647504871315855,0.009374080837051484,0.0015166066333798592,0.006395253965547527,0.00022046612743745198,0.015332477261965457,0.01354923778806887,0.0010552807348142954,0.005627451345829438,-0.008898302750043708,-0.005820588786372357,0.018484047930321663,-0.023648055730529083,-0.010703963188509658,-0.015786125435421103,-0.006535199323629551,-0.008841397258052528,0.0017970393066104977,0.0006544633391084888,0.0016526579295760716,-0.008329558953633055,-0.014002143279618462,-0.005570274875304962,0.010831754657561466,-0.014313437396918387
CPz,-0.00034067681126504656,0.010406341411941373,-0.021812204749073562,-0.007896402463960976,0.015067580041494753,0.003118555715119157,-0.014366489894178595,-0.006522551843951358,0.004312449145646867,-0.008513131903741197,-0.0013715960731707638,-0.003520844486718227,0.010089503661513425,0.01662014969821412,0.010042102738221054,0.0035656951848977896,0.0024265576747269186,-0.007835825377585778,-0.002597662995882496,-0.006008995641887041,-0.018004921934467715,-0.0015596659352941356,0.0045413410894672565,-0.00011355893708834885,0.01258323574410302,-0.017160834381913213,0.001986773202012756,0.0030432686346150185,-0.0027718174992381675,0.0,0.001708706265256306,0.0,0.0012625647096522544,0.011310008136696501,-0.014606783931438123,0.003498779495524817,0.007078925956061839,-0.01212293859113368,0.008762536527816766,0.010024860998871432,-0.014198175036733408,-0.010768085300225248,0.015099273056483606,0.010649943349890698,0.0014313970040768492,-0.007007963170314196,0.013866350093794692,0.011037762365958412,0.025182438114999258,-0.014838706577566483,-0.0029492429434993927,0.004464501698024884,-0.008647480719466555,-0.0016542090633891715,-0.013253445991683679,-0.0014136747875320571,0.021306484021268876,-0.014384470829213089,0.0070918434006549645,-0.007476132757327415,-0.0032217289528350653,-0.004721076520243707,8.136696501220504e-05
CP4,-0.008721526780217525,-0.0019275119961926525,-0.009367829391363325,0.0029787234042553193,0.016732116321953504,0.0033213698873369394,-0.00015887223418081797,-0.008272722906506106,0.001337228002613911,0.005878520083889664,-0.01302094476293602,0.00022828059665867644,0.013675979816414954,7.153325677892314e-05,0.0034663575382080742,0.006881513856202871,-0.00016095346627021355,0.001963562428957944,0.0004076886243929139,-0.0066175903407544555,-0.017987768759105387,-0.00011583584754902218,0.002598512865070667,0.000178345580583706,0.005097563211966939,-0.006812513007700558,-0.001511818632994369,0.01314490178185486,-0.0033484841207813178,0.004107595332800654,0.00871752441081484,-0.005951159450030782,-0.0048800235193780205,0.008182036492876509,-0.005859905427649532,0.005569682706707825,0.00912186559898005,-0.004273613615624089,-0.005656570507922509,0.012777469716617692,-0.011223560711577617,-0.004650884232556583,0.00909520254172288,0.006484522473668047,0.0025506590810850938,-0.00359689299701787,0.005752438170669763,-0.0034466804348174153,0.007249557192403357,0.0019560088663397816,-0.0009858054149874916,-0.008125654023545571,-0.017206448035418778,-0.008698866092363044,-0.01147805318930625,0.0004254882526819534,0.009928015567033866,0.0015604874449310349,0.004444769485353509,-0.004843478248213851,0.0015814744146716675,0.008971813131555699,-0.007536839991092909
TP8,0.051285409844586516,-0.0244951846324059,-0.006831955922865013,-0.032849346194114636,-0.007382920110192838,-0.005053722720961142,-0.008064571220660413,-0.011665292968895027,0.009904583695321257,-0.0073677723077380025,-0.0012121212121212121,-0.01808350597372896,-0.011051658461607002,-0.011239669421487603,-0.028036503233758808,-0.007382920110192838,-0.010358126721763086,-0.017946284704432217,-0.020826446280991735,0.02684725223318705,0.07187988683700519,-0.001652892561983471,-0.005150846866112734,0.0011096507837502698,-0.012373972511193779,-0.005619834710743801,0.06741366123870413,-0.010736227751665144,-0.006647212136062908,0.02003371128585537,-0.005116393040921343,0.01725067385444744,-0.002865013774104683,-0.023944220445078077,-0.0016377447595286353,-0.0012887512715986128,-0.006942148760330578,-0.013774104683195593,-0.011507577613924097,-0.013774104683195593,-0.013979342555671886,-0.01068870523415978,-0.0031955922865013774,-0.017308888938391512,-0.006265843933082355,-0.016871384761607745,-0.03705716810348028,-0.0006611570247933885,-0.018658231419809462,-0.009107096448434356,0.03195829899088904,-0.000256027563060153,-0.004207821909365648,0.05618290228924877,0.07937715800494531,-0.006170798898071626,-0.014581096433583568,0.0921066583502261,-0.013994490358126721,0.0013255812226652705,-0.008166150601828131,-0.009842804422564286,0.01721622002925605
C6,0.01857236428740463,-0.013971657953594207,-0.004658710632721724,0.0042742653606411395,0.009991652561313643,-0.019210097614406417,-0.01855517492142144,-0.02555650572370567,0.007041360832656026,-0.014723123661005297,-0.007703740099925947,-0.00990798194881101,-0.0015378595785779684,-0.021463945304850268,-4.991980258130767e-05,-0.012425949349453139,0.005836535408720346,-0.006430942114613826,0.008358427322144025,0.0139262905858395,0.017239678237046065,0.006533842839746052,0.0009536566059165164,0.00630190413435648,0.0,-0.005905685323931247,0.020144838068715865,0.0042742653606411395,-0.011239176684312584,-0.004678254706373841,-0.00408863590607385,0.005699020480854853,0.00019528375600990147,-0.0007445585649155624,-0.008796088987542418,0.013422383144688544,-0.010704893514232441,-0.008324362551200178,-0.004457461617283869,0.0139696172069478,-0.00864805636542237,-0.006532586995655957,0.02182861103251184,0.010374606518537239,-0.007710961203443997,0.003999313995165786,-0.011546936976641692,-0.007374944419087729,0.00020368221336241644,0.0022382281295732845,0.0134617852530153,-0.0027878168995014684,0.00024520355859120914,0.019795870392180486,0.012711575389694314,-0.004431559832925643,-0.0008555437863777791,0.024956997151196175,-0.0023392450885703665,-0.013304412290475168,-0.003878360511238431,0.015258976636198057,0.002734914467206183
C2,-0.0002185951617604197,-0.009220588036421052,0.0015585230397387947,-0.0023793598820449034,0.007551957971418829,0.0015223954662440323,-0.00972514672177133,-0.002073020949143488,0.002170094037408288,0.004466702349484986,0.006806312865027413,-0.0026321550102107443,0.004598532603079466,-0.007654399746616046,0.004133512452206263,0.002206327026915752,0.0028871939935040253,-0.002139515864010573,0.0031163081673887018,-0.00877940696384806,-0.014262997350112511,0.0023332403764893747,-0.0040075779656076945,0.0,0.0036684923013330577,-0.011005266071973777,0.00449519479177431,0.01812790980196337,-0.009388493155503948,0.003149213022780973,-0.0003019265197984674,0.00599359305569908,-0.00044044316048410387,0.0036870982275743172,0.001409939169840467,-9.525089718815435e-05,0.00961041645137956,-0.006514830060201281,-0.0038617951497610654,0.002130977166982004,-0.00848752508411671,-0.004914441803990852,0.01003988881682784,0.009175869057891372,-0.006364024924321091,0.001821784472022545,-0.0040075779656076945,0.00827149002552182,-0.0015856149550022708,0.011601822817548946,0.011069328888833604,-0.0008130134682208523,0.00058339480341826,-0.0038618478577674147,-0.01639318389699928,0.0019498573977358505,0.006975618511136161,-0.0086708887084903,-0.007699382265177475,-0.003802092037997833,-0.0033927315418293595,0.010011027418494071,-0.0024309233716847825
FC4,-0.005146719614294274,8.680950574594878e-05,0.01233955845883457,-0.004128279832618265,0.013249156965871181,0.006109554613615434,0.0064569260613919315,-0.014237609525389414,0.0065860895997684014,-0.005371999037707038,-0.005674814943773584,-0.011251112356242396,0.011000940869942823,-0.011698118767962468,0.007888832597524788,-0.0038364798109984458,-0.0035400432778325414,0.001598028742085314,0.007038257883155791,-0.004748971968226587,-0.022007143680147483,0.00914988034756458,-0.00312312415686476,0.006947962654700731,0.0043806861841954444,0.0010792397918963498,-0.0030779765426372317,0.014436120599768126,0.006489348286016359,-0.0057448212646897465,0.006373568922156915,0.0,-0.0022193463064093845,0.00908618668715271,0.007002942008339836,0.00872720728241191,-0.005260822829195509,-0.008234561252541253,-0.011007353599041637,0.007237394386250245,-0.006874503967273633,-0.004788365638269225,0.005590765663426471,0.012333212442132103,-0.019139386237447778,0.006652084837854228,-0.008865051771362976,-0.0037316829753875555,-0.005180918056471428,0.010963882133772316,0.004245768701634086,0.018434678177690518,0.009423726395517635,-0.016562244671332747,-0.0193889322950316,0.006778254657444645,-0.01701576388074616,-0.00018065716930646368,-0.004788398994467397,-0.0038932020259921,-0.013362734820651187,0.02556033763910984,0.0008337381733410382
FT8,0.03176729193336962,-0.008897338208727158,-0.016894977168949773,-0.01816390828740293,-0.0091324200913242,0.011886008284081123,-0.013743346799436824,0.0038704187779319433,0.009202497489478805,-0.012944260041445957,-0.008333333333333333,-0.020621791579469174,0.011883964093797671,-0.0091324200913242,-0.004738305315150262,-0.004572662021244249,-0.010052114076038768,-0.02269894443124238,-0.025,0.010223123369438845,0.026397906749149748,-0.014611552741386933,0.0015693632091743261,0.002088970826849418,0.0020910150171328697,-0.00684931506849315,0.057828865499945065,-0.008966776797418188,-0.00013855777265026764,0.011087240930822043,0.0032705128106849824,0.008953553441522105,-0.001139188916400283,0.006359795376552624,-0.013172570543729062,-0.004935122510878923,0.027791852879625302,-0.016666666666666666,-0.017425444547505702,0.01036845252240305,-0.0075789632377929895,-0.010388127853881279,-0.0022895569984131975,-0.008908197969608001,-0.013286725794870615,-0.029754211670793375,-0.019639110981645728,-0.009246575342465754,0.011854514977526685,-0.0038741877537670603,0.018307832059547263,-0.010956540514573797,0.01980539308501532,0.03950340229920302,0.0412448607778655,-0.00309305154170276,0.011268151770907595,0.004583713424964164,0.0029863064803387213,-0.012514405153403704,0.0075525165260008215,-0.003748853337012876,0.0103620005468209
F6,-0.001421842892254724,-0.006174566515777779,0.0035408821061445675,-0.003042553110504143,0.008654519833504936,-0.0006264220762405848,-0.0057794502138791976,-0.004583524870895339,-0.004585943208131995,0.0004625145727547228,0.002832303234809104,-0.005781868551115855,0.0021083597396768464,-0.018606813979729946,-0.0025477516142916237,-0.006182676127864606,0.003546724905884256,-0.0034569615613357354,-0.0028085259491464534,0.001463148577136435,-0.018383466292585252,0.011774544589520167,-0.006790260629840719,-0.007601094557616297,0.010365999521569252,-0.006993006993006993,-0.011514776379931714,0.0057769833886779,-0.006183330715387309,-0.0082091821222256,-0.0012951074746646142,0.0,0.0059845664263174815,0.011731426666959859,0.00471152097556621,-0.0010229990780740838,0.021852216490325233,-0.007487353914550972,-0.005269235605905243,0.012160242104286505,-0.006322557844869011,-0.0027761359887637886,0.011782805726496506,0.010149955334099167,-0.014842735711330199,0.005560939201207816,-0.008990850539267384,0.006113265606475704,-0.002385050248926303,0.0045094291999226415,0.006968023569223807,0.013254718503242476,0.01236122471773883,-0.009653390088172696,-0.014575967051846168,0.004392215606389638,0.01287043320044641,-0.004040417239905527,0.009634655550833093,-0.0059466852039388035,-0.0017022609137862417,0.019993248535802872,-0.006972102619249543
AF8,-0.014128495167209043,0.005848789697139475,0.0031356683582856766,0.006169446986795612,0.009872021436102168,0.00551877631058279,0.0012402331979634532,0.00801817504376727,-0.001352286217313512,-0.004107069705306797,-0.0037959152748555276,0.004055391028897315,0.01822949258217451,-0.005872400082847321,0.004190173860129286,-0.019214928074546445,-0.020469342180165037,0.025132787781157594,-0.016985168384978072,-0.01091753774680604,-0.0070429762221218125,-0.0018629823457789602,-0.006155853128357763,0.012087746980319725,-0.0028851084142314676,-0.006968641114982578,-0.004720169231613114,0.018201717816081518,0.005765171874251855,0.026210756906404724,0.0032837515233468534,-0.006732188697431345,-0.01207897793263647,0.013137574433713061,0.009941531732486807,-0.013974633236415176,0.02843152740483336,-0.0034520145052523484,-0.006950149064637972,0.007911387122084773,-0.0020629643307061053,-0.003949116775279945,-0.024441408910783377,-0.010573930501811504,-0.013212569971221748,0.0017140919880440086,0.012097176458372431,-0.017064034778263258,-0.001793325287089999,0.0009379945774997608,-0.009495961376564372,-0.007131272093459703,-0.002216165831130522,-0.002610938084469411,-0.01815099309465013,0.005258566745019389,0.00553741512323172,-0.015995421749916666,-0.0071127800431150965,0.055518657066210536,0.003493456510935351,0.005365574810158374,-0.0008273358000407648
AF4,-0.0072668550666128385,-0.012028310520646911,-0.024572993635959127,-0.018335583923823312,-0.010620002877043512,0.03559614352425456,-0.03848870657301323,0.002114111382831888,0.015581098339719029,-0.01629685314342784,-0.009635569332366069,-0.02129357651053807,0.021851918879747315,-0.015489424802693079,0.018135376756066413,0.0,0.0,-0.0033694407450202135,-0.005248284214775939,-0.006191572943622837,-0.03391199031085991,0.012578093943204686,0.011173653293570323,-0.006500571541708624,0.024830071395020654,0.0,-0.016130623962678867,0.0007662835249042146,-0.013305449728820602,0.014559386973180077,0.0,0.0,0.004457973767344112,0.07089875642629948,-0.00816899897962919,0.0,0.09553001277139209,-0.017133000359372638,-0.005223432333534932,0.003590065640933629,-0.028033282959291896,-0.013701429911249912,-0.006043286614890195,0.018955231037421673,-0.01915157121120954,0.011511370766866152,-0.013260437919021022,-0.0017631430102021614,-0.02501702766344365,0.016096645975670936,-0.0057754328326349545,-0.002685446851777089,0.00806268242544049,-0.01543585404624203,-0.008881711748082357,0.005213481269054611,0.0027058645799336034,-0.0005263236591456204,0.012286471038019775,0.003728968064301407,0.005227814926699853,0.004328455249341195,0.009706257982120051
F2,-0.0002816372512204281,-0.0007422221524685142,-0.007523828177778417,-0.015387103444269084,0.0031577569352050708,0.00256983039813765,-0.003492681763260664,-0.0021863198382617542,0.0,-0.0018783489897879202,0.007965660118469515,-0.01854364138261845,0.006028636021100226,-0.00535503141931744,0.0029563503565010725,0.008661527738719692,0.00870564018743557,-0.004614490829475771,0.003916381125723133,0.002637120112962697,-0.0255766763933183,0.0003028771830410632,-0.005444986856928276,0.0001739029621471219,0.004965708856575943,-0.01788536675468622,-0.002373261713204738,0.0009357324613616623,-0.0034358351509628515,0.0,0.004647039133913183,0.006434409599443511,0.004903561784735909,0.00558582997131461,-0.009126292057758771,0.00470867466242984,0.013506463393426468,-0.010279686203217269,-0.002118774351775022,0.015183906463933267,-0.0003239701822049801,0.0010765755757479976,0.014211702052004886,0.011712012950622595,0.0010168773815198706,-0.014569902101274127,-0.004119931832825117,0.009345270693815787,0.0009928348453211618,0.004856293004875792,0.01298505925619903,-0.007911518155445305,0.004736434050648403,-0.009178093982176045,-0.003884649113823026,0.005772820823809831,0.01965617736560979,-0.012503441217239758,0.0009538650395902945,-0.002596931310376125,-0.00829187238417696,0.005302353340910122,-0.000938790837401427
FCz,0.0011649960139261794,-0.002193522655538232,0.002077356810762687,0.0009773506269942535,0.0,0.003151404146536585,0.0,-0.004311764651892312,0.013273871501662801,0.0007958241113753244,0.001780220711396668,0.015004492271355627,0.0030317153152474956,-0.007078421587081319,0.010999042025798829,-0.009124535070079154,0.003689679401737554,0.01319868355265006,-0.007689196196324171,-0.00296839426817511,-0.006594938043183101,0.0007485419239567082,0.015083574047567553,-0.0005486587943987903,-0.01969284563951152,-0.0028116213683223993,-0.008525534652605252,0.0039648431904796295,-0.004004430433671296,0.012338611292488262,0.02147139756782282,0.0011423747321023707,-0.001551504718530529,-0.004517952073106051,-0.0011053833737101585,0.0017699298823702567,0.010027439429431937,-0.003372610615518589,0.005169426447597476,-0.003516867642231079,-0.004941637556445429,-0.0001933934175592884,-0.0038277248469656376,-0.014938204498798154,-0.019677548461229023,0.0015367638012764896,0.00012534415174504307,-0.004631522033082142,-0.007075176731082003,0.010469666947053126,0.0006458190540354746,0.0,-0.003920527728546101,-0.009576960706555343,-0.004605655895259016,0.001858097255380272,0.005824238388259629,-0.0051392029317181235,-0.007751033880654011,-0.0026770061994364526,0.0036601048570580673,-0.0008520064752492119,0.014434973688389807
