,bankssts-lh,bankssts-rh,caudalanteriorcingulate-lh,caudalanteriorcingulate-rh,caudalmiddlefrontal-lh,caudalmiddlefrontal-rh,cuneus-lh,cuneus-rh,entorhinal-lh,entorhinal-rh,frontalpole-lh,frontalpole-rh,fusiform-lh,fusiform-rh,inferiorparietal-lh,inferiorparietal-rh,inferiortemporal-lh,inferiortemporal-rh,insula-lh,insula-rh,isthmuscingulate-lh,isthmuscingulate-rh,lateraloccipital-lh,lateraloccipital-rh,lateralorbitofrontal-lh,lateralorbitofrontal-rh,lingual-lh,lingual-rh,medialorbitofrontal-lh,medialorbitofrontal-rh,middletemporal-lh,middletemporal-rh,paracentral-lh,paracentral-rh,parahippocampal-lh,parahippocampal-rh,parsopercularis-lh,parsopercularis-rh,parsorbitalis-lh,parsorbitalis-rh,parstriangularis-lh,parstriangularis-rh,pericalcarine-lh,pericalcarine-rh,postcentral-lh,postcentral-rh,posteriorcingulate-lh,posteriorcingulate-rh,precentral-lh,precentral-rh,precuneus-lh,precuneus-rh,rostralanteriorcingulate-lh,rostralanteriorcingulate-rh,rostralmiddlefrontal-lh,rostralmiddlefrontal-rh,superiorfrontal-lh,superiorfrontal-rh,superiorparietal-lh,superiorparietal-rh,superiortemporal-lh,superiortemporal-rh,supramarginal-lh,supramarginal-rh,temporalpole-lh,temporalpole-rh,transversetemporal-lh,transversetemporal-rh
bankssts-lh,-0.24013348193512407,0.046130180251741155,0.04293303904617494,0.04635854748071017,0.03666367500467733,-0.006458477315066197,-0.0879528397241334,0.015736082915529595,0.03859406169576364,-0.04964439728480715,0.038183737696659587,0.016610297876005233,-0.016641968074035788,-0.09990991497955576,-0.036388470062938,-0.03718417711261279,0.03768059277988758,-0.04539129797559842,0.01113664088418241,-0.08311787396038363,0.03267798325286988,0.0452167113358651,-0.015004143515852253,-0.010097826344735192,0.04453160964895805,0.04498834410689608,-0.0014805951096136638,-0.0194073157701973,-0.02540905862732547,0.02781807654058678,0.0020553050607211407,0.0454450785648341,0.043389773504112966,0.04293303904617494,0.037908960008856595,-0.06359258269701688,-0.02066712740821183,0.0,0.01998223934827295,0.03393042476048269,-0.03719849011947988,0.022187403727162252,-0.048359858325227455,0.020653028028312904,-0.15305854223666718,0.041908964767531136,0.0452167113358651,0.043389773504112966,0.038490612836429454,0.03693129618904677,0.04453160964895805,0.04453160964895805,0.03598572982120383,0.030244451645011553,0.03286709652643847,0.043846507962051,-0.0139015613264076,0.028228400539690845,0.03867972610999804,0.033134717710807914,-0.20218222378657066,0.02428196274328382,0.029623544862038272,-0.006947095598002941,-0.04816380217519349,0.004828022887284376,0.007150949132374956,-0.02932339897176562
bankssts-rh,0.03927919619169719,-0.21056131449314516,-0.06475910279945872,-0.07192765588125526,0.04245327265163232,0.0,0.03908081641295124,0.05177712225269175,-0.03712382141611131,0.04741276712028095,-0.05084900226218804,0.03497200730322087,-0.03999528067509552,0.04701600756278906,-0.012212055713160658,0.048404666014010674,-0.0407887997900793,0.0,0.04880142557150257,-0.03107828569719198,-0.06107393429416273,-0.13446427910817554,0.03170715350863277,0.04899980535024852,-0.14294080837220471,-0.13080939579987155,-0.014888500215286921,0.024827757540235165,0.04443707043909177,0.023486170267284025,0.0005951393362378361,-0.10138533138592266,0.04542896933282149,0.04304841198787015,0.007639343120824384,0.043445171545362045,-0.038673922661633865,-0.005991734496872853,0.04086623442166475,-0.11258874135223657,0.04582572889031339,-0.038112355287953044,0.04245327265163232,0.018523310776747397,0.04483382999658366,0.04058044233015383,0.017400293413870196,0.04304841198787015,-0.009142216675430508,0.01294179592491843,0.04542896933282149,0.045980402512676835,-0.07961066603030063,0.02526485823222154,0.03111537919428293,0.04028792019486691,0.03844197092033092,-0.04120911450078719,0.043643551324107986,0.050388463801470135,0.033344627938758815,0.045980402512676835,0.040271095085426915,0.04483382999658366,0.0033724562386810717,0.00903809663771,0.04820628623526473,-0.09469758515249499
caudalanteriorcingulate-lh,0.04099078171367389,-0.05873811932221907,-0.3053601149579044,-0.2064619772443746,0.04295310637017956,-0.023677391971274643,0.039900601348948524,0.04317114244312463,-0.041587874264174686,0.042080962078399266,0.03369846923658146,0.05908777576811502,-0.0694403256447074,0.04317114244312463,-0.009884953419298237,0.04317114244312463,-0.03891119681528818,0.0,-0.006016045206774818,-0.006118095605686359,0.004746405689259113,-0.05229458405972071,0.03283082841785887,0.020031873016651682,-0.1048125573773419,-0.059930350085856,-0.051232274245239295,0.02487497591986695,0.04295310637017956,0.053386463848241444,-0.050685569610271,-0.05153842544197394,0.025719249661403296,0.017981433236356446,-0.013721487608519998,0.04295310637017956,-0.03766857813611874,-0.011838695985637322,0.03259885706979183,-0.055523319328530885,0.03697801727687299,0.02278765864321234,0.04251703422428941,0.034013627379431526,0.04317114244312463,0.04295310637017956,0.03800795306805274,0.04338917851606971,-0.023454002713374177,0.015188770113436414,0.04251703422428941,0.028641833733478828,-0.013090321610922176,0.0643206415187968,-0.06283899888280957,0.046441683537300736,0.060303373608938185,-0.06924565664894855,0.04338917851606971,0.025951221009470345,0.03219065547414563,0.04100471698879587,-0.06250047366277325,0.042080962078399266,0.005232865750681773,0.04338917851606971,0.03639358543364765,-0.030593452020073707
caudalanteriorcingulate-rh,0.042259453843225395,-0.07384311762112182,-0.2213834482279394,-0.3325096294482895,0.0435085017400695,-0.01612975744635473,0.03996953269901121,0.04808834402849786,-0.04203955471411893,0.046214772183231716,0.0015187109283905423,0.030036553554396182,-0.07493792347480122,0.04579842288428368,-0.0056793379339607165,0.046631121482179745,-0.04308042796148901,0.0,0.04746382008007582,-0.03427430158154871,-0.02952041590657636,-0.07093414395231408,0.0365472873662938,0.04642294683270573,-0.08575206239979312,-0.1039778962604388,-0.04582968816330357,0.028676253373039685,0.041765983522695005,0.0230610092610697,-0.004143691646101079,-0.062404454747707866,0.027475666658676387,0.04371667638954351,0.006877319208405688,0.04434120033796556,-0.035715891488356896,-0.013825506382589767,0.041843104544277365,-0.10165931527712305,0.04142675524532933,-0.015278560225038562,0.042883977791647446,0.034765166462160796,0.04538207358533565,0.04517389893586163,0.04579842288428368,0.028371156358604047,0.03261177036966674,0.01360169909360581,0.04517389893586163,0.04490293318435602,-0.06523630739493327,0.02957174307296733,0.03496448261591251,0.03586544373966864,0.029106932591538494,-0.08568588422586772,0.04475754963691359,0.046631121482179745,0.03360418243455601,0.04454937498743958,0.029774446298612867,0.04767199472954983,0.004788016937902384,0.04642294683270573,0.04725564543060179,-0.06343099807552718
caudalmiddlefrontal-lh,0.029485927406535765,0.04426829672602731,0.04037432618068232,0.04324356763514706,-0.6172701677973241,-0.05180396864525987,0.0426287301806189,-0.005076322101119931,0.027209005911614237,0.021861650059882744,9.611125908211798e-05,0.010570865481045738,0.02288637915076301,-0.020291100551948535,0.04611280908961179,-0.03673180099600263,0.04201389272609074,-0.043169973871049885,0.046932592362316,-0.009805087582492432,0.04754742981684416,0.044465736712541726,0.04385089925801356,0.016920432928672534,0.047342483998668104,0.04508807999873153,0.04672764654413994,-0.036120716457305295,0.04549797163508363,0.040169380362506266,0.0006148374545281571,0.01856750530574261,0.046522700725963886,0.025345728968875637,0.0426287301806189,-0.02275795620172281,0.0,0.0,0.03501195866562753,0.04406335090785126,-0.07372712991095517,-0.07454316026782855,0.04611280908961179,0.03914465127162601,0.046317754907787834,-0.016795762895463164,0.046932592362316,0.04713753818049205,-0.009801334666661601,-0.11176970541177292,-0.09778835478583146,-0.05092185035595097,0.023922366989135746,-0.05623542996520503,0.04713753818049205,-0.0519428265310004,0.04467818836237942,0.0258231730901826,0.04754742981684416,0.013011450720004241,0.038917187958465,-0.12183456799738446,0.0243397644571495,0.002339256511526218,0.005738482908929467,-0.0028181651853525272,0.04365345927149916,-0.03959728953463654
caudalmiddlefrontal-rh,-0.010259981052342932,0.0,-0.03419993684114311,-0.023939955788800177,-0.03419993684114311,0.8907444518524107,0.0,-0.10772980104960078,0.0,-0.019664963683657288,0.002728898122452871,-0.01111497947337151,0.0,-0.10943979789165795,-0.030779943157028797,-0.056429895787886125,0.0,0.2277252810285424,-0.02222995894674302,-0.005129990526171466,0.0,0.0,0.0,-0.046169914735543195,-0.0418949226304003,0.0,0.0,-0.002564995263085733,-0.023084957367771598,0.0,0.25713655082384557,0.0,-0.15988470473234404,-0.03761993052525742,0.0,-0.10430980736548648,0.2648889870998913,0.3247388765718917,0.0,-0.06326988315611475,0.0,0.0,0.0,-0.12482976947017234,-0.04103992420937173,-0.0017099968420571554,-0.03334493842011453,-0.08891983578697207,-0.06241488473508617,-0.04445991789348604,-0.03248993999908595,-0.030779943157028797,0.0,-0.01111497947337151,-0.06326988315611475,-0.020519962104685863,-0.07438486262948625,-0.10943979789165795,-0.05044490684068609,-0.012824976315428664,-0.016244969999542974,0.0,-0.06326988315611475,-0.17441967788982984,0.08403316496955182,-0.014534973157485821,-0.023939955788800177,-0.013679974736457243
cuneus-lh,-0.21389729921857079,0.04415583518259023,0.04101785704778686,0.042810987410531645,0.046621389431364305,0.0,-0.3879146895041735,0.03985065972547137,0.043707552591904036,0.023924004413928647,0.03608674855023872,0.03877644409435589,-0.027839703581749416,-0.05706674325802629,-0.0937369365262254,-0.009688569068484334,0.04258684611518855,0.0,0.04639724813602121,-0.007527514464070595,0.03754582217473177,0.032487864482566374,-0.07833892215438613,0.013520523136946143,0.046621389431364305,0.04505240036396262,-0.12624573728363153,0.046621389431364305,-0.04621497939035759,0.03922472668504209,0.0011207064767154882,0.04594896554533502,0.046621389431364305,0.046173106840678116,0.043035128705874746,-0.010504775900839486,-0.008851425961289442,0.0,0.02973474434114058,0.04550068295464882,0.043707552591904036,0.040569574457100674,-0.2593850509446421,0.01423943786857544,-0.12534917210225913,0.04639724813602121,0.046845530726707406,0.046845530726707406,0.046173106840678116,0.046621389431364305,0.046621389431364305,0.046621389431364305,0.017664981896030527,0.0376557376176404,0.046621389431364305,0.044604117773276435,0.006893576377379063,0.028017661917887203,0.04052308361150066,0.028918537508785425,-0.23558389320219958,0.04505240036396262,0.03090194166345607,0.043035128705874746,-0.10016529656120968,-0.002245415476562103,0.017825698594065,0.013055306794551328
cuneus-rh,-0.0029408277131119788,0.05108042820729773,0.03826176561535229,0.043894208269388925,0.005824675792395218,-0.10148213186461487,0.03438124194927199,-0.3832398690748807,0.03080480466578082,0.010566446038790514,0.03573687752906001,0.021181974123558767,0.04253465314600077,-0.07372211056832556,-0.06582177318673348,-0.08952670487510986,0.039621320738740445,-0.082350254545876,0.04894398444197349,0.01941238793907648,0.03893662912238352,0.040515912689981906,-0.015941953834741056,-0.046381889941805365,0.043535189775747225,0.04447687475084099,0.043894208269388925,-0.020515008204378547,0.004300324335849387,0.03981554289922447,-0.007292164616413795,0.050691983886329686,0.001251621422757721,0.018690431408192952,0.040203987220192514,-0.03396343030162834,-0.09399574508771705,-0.01580459430678428,0.04253465314600077,-0.023179186340102284,0.01980083226004452,0.04117509802261262,0.023153621555725323,-0.03624308365998418,-0.0027976181200803927,0.04830638584946887,0.04456123268921989,0.0033292135334292783,0.04428265259035697,0.04447687475084099,-0.02037571815494708,0.051274650367781754,0.02531557160477578,0.018990598247181967,0.044421942639788436,0.019386881655350265,-0.0023836675153861265,-0.03253519541426181,-0.10217273204669734,0.051857316849233816,-0.008565431279948358,0.016752129346952867,-0.03346904130215532,-0.12319189885922385,-0.00986806527015851,0.03896213540610973,0.047584429318585336,0.013036402014030236
entorhinal-lh,0.03662483449605359,-0.07155577655703849,-0.07693062755292954,-0.07008035201160485,0.03394516205388878,0.0,0.042140622823772504,0.03598139096746128,-0.34770628099826,0.02288149135359122,0.033094729966313484,0.03640420296294483,-0.10099605259508229,0.04633262195283888,-0.09739400691984201,0.03190893314031627,-0.10246077912556269,-0.05491693753591074,0.04456756968796883,0.02288149135359122,0.03893999311410928,-0.11226965681353537,0.032701067056517145,0.04589135888662136,-0.018494283502231944,-0.03822382712431795,-0.08169707402426055,-0.030932288516775742,0.043243780489316284,0.030516147755336072,0.0,-0.0011916867443422512,0.04412630662175131,0.04787704268460017,-0.06378312778263831,0.04677388501905639,-0.052660077089229484,-0.10532015417845897,0.03947164839656093,-0.021141861899537023,0.04677388501905639,0.029583076507307345,0.04743577961838266,0.040154939025793694,0.04567072735351261,0.04743577961838266,0.025228744016506637,-0.03606805690882408,0.015358623197987012,0.015839733364844972,0.04412630662175131,0.04611199041973012,0.007365342890478074,0.03441851916496602,0.04478820122107758,0.04390567508864256,0.03828879652973625,-0.04623555850256085,0.04677388501905639,0.04354410622370595,0.030845622575412943,-0.016327815271784833,0.04986272648257899,0.039051781360249914,0.007942735191915237,-0.04287848534950834,0.04258188588999001,-0.00012837617943893244
entorhinal-rh,-0.07316722188044235,0.049155827358737254,0.03961503386294859,0.045215064827868016,0.027135613137010003,-0.0147184440669071,0.02846500597424868,0.01785226223661657,0.016802710955050457,-0.31598649606605345,0.022670074965357712,-0.046469115707810246,0.00756183081050754,-0.06565804317136592,0.01371659966177581,-0.027230154203115593,0.022585133453656682,-0.09838117876301063,-0.000282168720376698,-0.1309364676003694,0.03427244549342439,0.04749655892468705,0.0027064925509121844,0.0335527698086698,0.046252107599149404,0.04562988193638057,0.03297301490175149,-0.014945633521148544,0.03365021983065556,-0.05824136925927897,0.0012444513255376519,0.04749655892468705,0.02600112034374286,0.015363359585541267,0.04251875362253644,-0.040771634720905045,0.0,-0.026338268330254808,0.0030113511271542244,0.03121629644571551,-0.06428617957827672,-0.02349185500150635,0.023469746936817037,0.026378411921401185,-0.02537598572509385,0.04583729049063685,0.04645951615340567,-0.0016790493340353722,0.046252107599149404,0.03282058561363046,0.0006998947847694257,0.04568486120251583,0.036791310390065474,-0.014458383411219711,0.009013690690301472,0.046252107599149404,-0.03835021984624973,0.0029488085757305225,0.0454224733821243,0.04687433326191822,-0.03276269739161503,0.006702234347916668,0.013594132619220559,-0.0015815993120495981,-0.057104549301307685,0.028117676642156125,-0.02388165508944941,-0.04138135187338912
frontalpole-lh,0.037259275485690066,-0.07805932822192986,0.027618237194959695,-0.01086614260391711,0.015387090625352146,0.0,0.03493555660308723,0.0407943145427354,0.03341661935947475,0.026505838486799355,-0.3665592315020428,0.0528962893868257,-0.017238531233876482,0.039709359368726486,0.04014334143833005,0.040577323507933624,0.032331664185465826,0.0,0.04014334143833005,-0.02754700874950306,-0.1324033264069114,-0.0033730598338834344,0.037539449020708646,0.04014334143833005,-0.12121590733841714,-0.09379258160760104,0.018630978733718342,0.007740199320733487,0.03422688970529538,0.006394218713943464,-0.01709838209469867,-0.07200004536797076,0.039709359368726486,0.03797343109031221,0.03276564625506939,0.03884139522951935,0.0,0.0,0.03667148488150151,-0.10267274791398336,0.01581009528129515,-0.07333224183601654,0.03732245798590686,0.005553822852224798,0.039709359368726486,0.011418069498703247,0.040577323507933624,0.03205697935727754,-0.0113852620010586,0.01755151226653971,0.012794175621391311,0.03833874195286871,-0.06793771622520703,-0.007004338375464304,-0.016867731664489696,-0.015411976921094007,0.03974778031653847,-0.0037054384554582325,0.039058386264321135,0.039709359368726486,0.03566617832820023,0.018779298561473055,0.03081272694185334,0.0407943145427354,-0.0006373137089981709,0.0330677746174091,0.040577323507933624,-0.1225920134611052
frontalpole-rh,0.008658162062655031,0.03689286102381363,0.0574963090373092,0.02743970149471956,0.023826764138322416,-0.007880179999778305,0.03542906366735602,0.026053733854556223,0.034214352913046676,-0.03412218614375083,0.05369588714166069,-0.3442222442656623,0.033684827252186265,0.01429577489293408,0.03046103847726047,0.040895262061748094,0.024605533951364063,-0.002149139999939538,-0.046908001520562875,-0.10298809331137576,0.023001359515517402,0.03988300309982364,0.037858485175974725,-0.002492441521812442,0.034556866684754654,0.0328126302695849,0.03745358159120494,0.03988300309982364,-0.042204817935914025,-0.12047788002300157,-0.0031925938683948973,0.0008870066857018989,0.03824779130747905,0.0384658405531294,0.033606997535892004,0.018500627723253435,-0.0014327599999596917,0.0,-0.024357550199446697,0.03222087234569568,-0.019623171708266933,-0.10312862794079779,0.037858485175974725,-0.005046327556488778,0.0021173148932767,0.027408664138221645,0.040895262061748094,0.012364684138644881,0.03743798413793949,0.03866829234551429,0.034245390269544596,0.009483566685460047,-0.04865286813586459,-0.1330458037041963,-0.010979976898745417,-0.16311737849991942,0.03352869516949878,0.044227917909466084,-0.009952120483555506,0.04008545489220853,0.03927564772266896,0.019014555930848383,-0.08999966859214584,0.029121705646860504,-0.017878777743064202,0.03405853593042515,-0.03882536972839968,0.037858485175974725
fusiform-lh,-0.014794526249583781,-0.05150450733152515,-0.0909778338336474,-0.0880019233811449,0.032139832887026834,0.0,0.009012757370436096,0.0454889169168237,-0.07044405171138024,0.017536615166532495,-0.007099672079541639,0.03369155762297456,-0.2976760712631771,0.023956079142645,-0.05624470755229697,0.020002369541463127,-0.07726738924890379,-0.01232877187465315,0.04506378685218049,-0.01840813179905109,0.037135111146584576,-0.056584811604011534,0.03526453886215444,0.04612661201378851,-0.016346250985531503,-0.033075119029241894,-0.07560938199679527,-0.03192726785470523,0.0431719580645182,0.03804914078556749,-0.01643127699846015,-0.002805858426645204,0.028611253350488176,0.04825226233700458,-0.053205027590098,0.006504489989041146,-0.04623289452994932,-0.0036986315623959453,0.047402002207718154,-0.023637231594162596,0.019811061012373683,0.009735478480329556,0.0317784723320801,0.04081248620574836,0.03254370644843789,0.047614567240039755,0.04527635188450209,0.047402002207718154,0.04527635188450209,-0.011776102790616971,0.030460569131686155,0.036688724578709205,-0.007078415576309487,0.020491269115802825,0.04527635188450209,0.02778224972443391,0.035540873404172536,-0.06319558410921348,0.04697687214307494,0.02910015292482786,-0.02210676336144703,0.023105819013358578,0.047189437175396545,0.026188011982021867,-0.006717055021362751,0.013667931578279271,0.04251300646432121,-0.04746577171741464
fusiform-rh,-0.06882974960888151,0.04726676676320761,0.038762704123802054,0.042718082095618594,0.0174983479298806,-0.05934969425041968,0.0030580475538883115,-0.021729988442965927,0.042718082095618594,-0.028116004534287465,0.035400632847758004,0.02423628674318715,0.024790262288395606,-0.2534296277572127,-0.02524304276354223,-0.061220959754312916,0.041531468704073635,-0.16768643772340797,0.04672024592149372,-0.024451967169178922,0.04135923469482841,0.04983776244488836,-0.008803802436928684,-0.04496140814043916,0.037723902997927404,0.044498002182936036,0.02664567389797916,0.015905571258797498,-0.03632127186349047,0.037942922861231215,0.0,0.04845338015475257,0.007380257654678961,0.04608015337166266,0.04212477539984611,-0.16360338530486343,-0.04474778534753864,0.0,0.03071587454262585,0.004686984596673516,-0.008257281595214785,0.03975154861675619,0.01568972217435563,-0.020087255138962305,-0.08823869419321942,0.03228740024899597,0.04231191881608045,0.03693282740356409,0.045684615574480995,0.0458068929508057,0.0394857428993938,0.04944222464770671,0.012798680217759349,0.03631398581844602,0.04588238447307182,0.04726676676320761,-0.029424895302157136,-0.02111971470711308,-0.011263146224641219,0.04983776244488836,-0.06158779188328705,0.025797186967200778,0.03194181908473485,-0.11026224953443468,-0.04074562152166352,0.002170229472545905,0.02401726687988334,-0.02199262338146639
inferiorparietal-lh,-0.02882442117626118,-0.010562637425991431,-0.013741707359099487,-0.004851126950400414,0.04574616082474555,-0.017093742326116587,-0.017741630182642132,-0.018189051823963034,-0.05192911483487532,0.023624847226241735,0.036800244930128644,0.03482241771272445,-0.042964544033969036,-0.029142516939457054,-0.25981191375545665,0.0151962348441249,-0.03484643960594229,-0.032679213270517,0.046762742176406566,0.016105624512028023,0.034097689408864165,-0.015065317376772802,-0.07783596788940601,-0.007021203340953232,0.02143263664132177,0.009044890536318764,-0.06869021501253468,-0.01074381950195651,-0.054601948352666865,0.04045993779610829,0.0,0.028267920152331694,0.045949477095077754,0.045949477095077754,-0.022876393138787254,-0.012059841710524037,-0.09652936842983482,-0.004524814145148508,0.04411963066208793,-0.002529590487355436,0.0418831516884337,0.04016049693920177,-0.02836245314967894,0.037410193741125246,-0.05709359979449335,0.041735170904019334,0.047372690987403175,0.04635610963574216,0.046559425906074356,0.03499601197958373,0.02594638368928671,0.04757600725773537,-0.011098595844780856,0.036811312027312214,0.04696605844673876,0.02463036148071918,0.009632705152948241,-0.009970714288333946,-0.05157433849205096,0.04727656640082886,-0.04202195307451522,0.04635610963574216,-0.009120768627376666,0.011418283197203803,-0.011112512997091963,0.011259235315605865,0.035787142866545406,-0.013301873526884389
inferiorparietal-rh,-0.06688700971838425,0.04869147738861497,0.039112826099051375,0.04370259650863394,-0.01602192081818257,-0.05288607827499329,0.004549644401786663,-0.0876835671963519,0.026633279406600412,-0.036138127503253695,0.03651860804146123,0.03951193656944986,0.007371541726825848,-0.13786293128475585,-0.003283883816582133,-0.2758906658158163,0.04090882321584455,-0.13221519568748322,0.04769370121261877,-0.027048332799739224,0.03401682310897235,0.04968925356461118,-0.008983926531160116,-0.07654197207634542,0.04133874472794346,0.045099483155028625,0.044301262214231654,-0.037990372684546476,0.011618449730509533,0.040110602275047584,0.0,0.04968925356461118,0.04609725933102483,0.044899927919829385,0.03925613326975101,-0.07865270756678766,-0.042969938598432046,-0.026443039137496644,0.04270482033263772,-0.012488861658546433,-0.03480017593080924,0.03991104703984834,0.01785822307673501,0.0179399081640338,-0.048333746863756015,0.02928643253814078,0.04649636980142332,0.03746282316240845,0.035981564419264346,0.023814069091011837,0.016947506006938833,0.048891032623814216,0.04230570986223924,0.030905624433083277,0.04549859362542711,0.048092811683017246,0.026776586577300043,0.015199695926293411,-0.011519209514800035,0.0492901430942127,-0.08859697127559872,-0.0376475102786476,0.03951193656944986,-0.12852002029099313,-0.018946999306125485,0.03532665064916702,0.04749414597741953,-0.030154157456727063
inferiortemporal-lh,0.03647156335718901,-0.09506682459973165,-0.09523202406334431,-0.09411299614640682,0.045079758435283314,0.0,0.042134849592777364,0.04485322698585978,-0.1318586772161552,0.022249432200587383,0.032847060166412465,0.02528974635435468,-0.13070557597376725,0.04621241568240098,-0.08592379064170912,0.04530628988470685,-0.2352611102903773,-0.023736452032390068,0.04074840223587577,0.003311028596632111,0.026120910836057755,-0.0989519325653822,0.02954614123777116,0.04575935278355392,-0.05055245870763766,-0.06399959020470733,-0.09234844720664923,-0.022944528039777215,0.043040975390471505,0.02323051931427258,0.0,-0.029328296614176755,0.033904756097539075,0.04779813582836572,-0.05289273451786407,0.046665478581248046,-0.06755759424603326,-0.028301154346311235,0.04689201003067159,-0.049392542800159596,0.04689201003067159,0.007243839217913353,0.04757160437894219,0.039869535098542026,0.027500543527869254,0.04734507292951865,0.01815142211569348,0.023608620897128587,0.04302053139520122,0.009001573492580855,0.043947101188165645,0.045072943770193226,-0.024489360195201374,0.023024431860119335,0.04462669553643625,0.032765284185331305,0.03345850786378211,-0.0659429679382578,0.046665478581248046,0.04643894713182452,0.027727074977292786,0.036849664940045025,0.040920416364578535,0.03873687785142435,0.007928600729823699,0.04575935278355392,0.016112639070881667,-0.029101765164753213
inferiortemporal-rh,-0.008946643403413087,0.0,0.0,0.0,-0.022193313640422405,0.25129228487925365,0.0,-0.057474991735452896,-0.0449556866049582,-0.07682300875530833,0.0,-0.000569059324113395,-0.013088364454608085,-0.20656853465316238,-0.038126974715597464,-0.09446384780282356,-0.014795542426948268,0.8852995803365371,-0.00341435594468037,-0.03585073741914389,-0.01024306783404111,0.0,-0.0341435594468037,-0.07227053416240116,-0.00796683053758753,0.0,-0.001707177972340185,-0.01820989837162864,-0.03926509336382425,-0.03072920350212333,0.30200588412782875,0.0,-0.05292251714254573,-0.010812127158154505,-0.01251930513049469,-0.19632546681912127,0.2777956180770783,0.31258239337729304,-0.010812127158154505,-0.03072920350212333,-0.04666286457729839,0.0,0.0,-0.10015444104395752,-0.0910494918581432,-0.04723192390141178,-0.01593366107517506,-0.0899113732099164,-0.003983415268793765,0.0,-0.006259652565247345,0.0,-0.00910494918581432,0.0,0.0,0.0,-0.0802373646999887,-0.037692554196449894,-0.025607669585102775,0.0,-0.05462969511488592,-0.03983415268793765,0.0,-0.15990567007586398,0.02189037632924928,-0.03585073741914389,-0.0227623729645358,-0.038126974715597464
insula-lh,-0.0028026872343079705,0.04847048373536672,-0.04858001376052583,0.04456157375670812,0.0457342467503057,-0.022417348547605357,0.04045721827911659,0.05003404772683017,0.04065266377804951,-0.004227858971141416,0.03576652630472626,-0.06304206538887333,0.04260711876737882,0.04866592923429966,0.04534335575243984,0.04729781074176914,0.038617785071082496,-0.003448822853477747,-0.39588715352044407,-0.059259404781832635,0.05140216621936069,0.04905682023216552,0.0437797917609764,0.04847048373536672,-0.10072570274120332,0.04436612825777519,0.012464516863106026,0.04671147424497035,0.04475701925564105,-0.022483798796852295,-0.045581881027284936,0.03984842660167236,0.0072800549925666905,-0.029197226595197585,0.021960007300492548,0.026961166555111025,0.0,0.0,-0.02586342552301505,0.04241167326844589,-0.09692058695351721,-0.0014457963321001736,0.04358434626204347,0.037525535795122626,-0.02688647867165992,0.04847048373536672,-0.07869924519146383,0.04475701925564105,-0.07136488283266226,0.04475701925564105,0.04788414723856793,0.03662964731078504,0.04202078227058003,0.0018992323304050755,-0.17287511344766535,0.050229493225763096,0.02383403857218414,0.024430687366616296,0.0457342467503057,0.04419405323217704,0.04475701925564105,-0.03550853580535429,-0.1655641215621986,0.04397523725990933,0.004414822757819683,0.0508158297225619,-0.25898066300331385,0.04417068275884226
insula-rh,-0.049920469450414805,-0.015211171066522521,0.0003012133008826521,-0.018147564695238476,0.022877317915456778,-0.0018355898304568332,0.022970197607009576,0.03346828616718223,0.030661098956617713,-0.056254904665535815,-0.00267150705443196,-0.05149902169460619,-0.0032609861802350448,-0.016661892142599884,0.02087619494024985,0.007512990954521104,0.02322723519327502,-0.026157155084009873,-0.01027365446259962,-0.2492677254380868,-0.029455843240881015,-0.0010593785837167988,0.033946034613114476,0.04233402001828424,-0.0285380483256526,-0.033052994198559935,0.03302823969788606,0.004245531036304945,0.029558919908321147,-0.05482165932773905,0.0,-0.028482870610735903,0.04444549842332457,0.04530811562363629,0.04198685324054087,-0.03806453950571758,0.0,0.0,0.019426849114209912,-0.038192370673831584,-0.02460845582843604,-0.059465811618797826,0.03256934224027186,0.03754593607086828,-0.012476637309155311,0.03668056837048169,0.04703335002425973,0.04642777041021347,0.046629630281562216,0.039030233373469427,0.04642777041021347,0.04738189205204053,-0.04112876430254754,-0.003295937656796269,0.014249770662302177,0.04582219079616719,0.02814590080887987,-0.004706206256162672,0.04703335002425973,0.044371469720089825,-0.016753396584115232,0.015479780878712752,0.0027975604603024504,0.01838122303086749,-0.015089813636389612,-0.0026190798395901403,-0.0015357517796116224,-0.11767313528260498
isthmuscingulate-lh,0.02493210458632442,-0.08055040707392594,-0.007760182144547412,-0.043763055495677605,0.04450832646500808,0.0,0.033559128748318214,0.04177480977490615,0.03781992039044528,0.03034703608876433,-0.10989737259936345,0.02134340337654065,0.034129251761439446,0.03596242897113077,0.026659840918276088,0.03480134219378273,0.028510385420555402,-0.012222672288812764,0.04934618803729157,-0.06559421809501124,-0.2801943347082363,-0.029425617949130494,0.020354990310978364,0.0412962338054542,-0.13175284940832024,-0.15396062055788381,0.011330516847649096,0.0450853963951645,0.03655686619387517,-0.1027303905553487,-0.020663128904950413,-0.10867599990500453,0.04683050001970416,0.03257418914127353,0.04199263844742067,0.03383376987932603,0.0,-0.0027161493975139473,0.043540754150551385,-0.18053809768583165,0.03964962414161901,-0.07839048685546283,0.03257766259979113,0.03240151542948778,0.04489535539079076,0.042844349508584914,0.04150016864389832,0.0450888698536821,0.03247916863908666,0.04547589877946478,0.034319292765813185,0.04090225796263633,-0.10574202183497604,0.03599369009778915,0.023845197560057665,0.04915267357440024,0.04199263844742067,-0.01849502464724036,0.03907255421146259,0.05166836159198764,0.03286619756486934,0.04818510125994353,0.03239456851245258,0.029576451695716564,-0.017376856494315238,0.04206681819850196,0.04624995663103014,-0.15183890838311428
isthmuscingulate-rh,0.038151328817555175,-0.1727117866302974,-0.07608128269233666,-0.08896582331598021,0.04316579220359108,0.0,0.032004043006900074,0.042279473031104214,-0.08409762307843943,0.04542761317966622,-0.004629890999329738,0.03795467248344407,-0.05970732124030912,0.04877077085955507,-0.030842131832860265,0.04818080185722174,-0.05655972735934189,0.0,0.04778748918899953,-0.027695084219487767,-0.030302556016142908,-0.22700095273204807,0.03210155177256349,0.049557396195999505,-0.10952159977274127,-0.11871678562832119,-0.019728590751406205,0.010169180977024666,0.04385436250677734,0.02639851808334133,0.0,-0.08793487979778247,0.046607551184332865,0.04523095684555511,0.0022530806945590853,0.04562426951377732,-0.039634718471107167,-0.015981741318994824,0.04306773717033291,-0.09585043381265329,0.04621423851611065,-0.01141699273033939,0.040805369926663025,0.0365780781446663,0.04621423851611065,0.04995070886422173,0.0030391597634087724,0.04331314788727573,-0.015548960817051703,0.029003258542022705,0.04621423851611065,0.050933990534777276,-0.05582185640572915,0.035988109142332976,0.045034300511444,0.047590832854888424,0.032249453723842886,-0.03708310253601553,0.04582092584788843,0.05132730320299949,0.03323218912680369,0.0314611895846142,0.04051120482688848,0.04011789215866627,0.00471975201866662,-0.036448749291608504,0.04641089485022176,-0.07303447518260135
lateraloccipital-lh,-0.05050350259424756,0.026479858056070723,0.022318247296694134,0.030033146317842423,0.04243781700144017,0.0,-0.055523967366002125,-0.02297850148925623,0.027104099669977216,-0.007324703792689229,0.035373691454701026,0.03849489952423347,0.028560663435759023,-0.06304670496548319,-0.17656089994655833,-0.017867262378768567,0.02627177751810189,-0.060096998842239915,0.0457777183531425,0.020840458042510203,0.012282624125285531,0.02918490504966551,-0.3902456036182009,-0.05428079051028969,0.041498801394530174,0.039417996014841875,-0.04155603946158789,0.028453969980724334,-0.02140993789633921,0.038911060600171125,0.0,0.04598579889111133,0.04556963781517367,0.048066604270799625,0.026479858056070723,-0.02559277414411792,-0.12301104450520982,0.0,0.04702620158095548,0.044529235125329525,0.04077317269768953,0.039951463290015275,-0.16842983984947238,0.04057570490392176,-0.04238836161346322,0.047650443194861974,0.04598579889111133,0.04848276534673729,0.03190056478746135,0.048066604270799625,0.0258503100700637,0.04661004050501782,0.0008222754206983101,0.036414094144545175,0.0457777183531425,0.025332761911191888,0.02554084244916072,0.014843267046117863,-0.03216588339248791,0.02615977769096668,-0.09799836295912198,0.040250318166717196,-0.0005382076342498735,-0.030581400683269297,-0.032571997737248566,0.04702620158095548,0.02418566576631307,0.0213739253176836
lateraloccipital-rh,-0.027638674654671323,0.0491108113184298,0.010470081053034609,0.04299661392537228,0.025585622446488442,-0.04191976032334303,0.020392702164399094,-0.03847353973634847,0.041813220881554695,0.029660033443640033,0.03569902348849717,-0.0032622542253019048,0.041748337122674874,-0.10069659994057441,-0.031182401542798718,-0.0686981702799308,0.041024292185676305,-0.09468083797168857,0.04812465044858182,0.03498272124348903,0.04070116383994228,0.050885900884156184,-0.03190644647979729,-0.33276567445450794,0.03189447111618543,0.04457447131712906,0.03931795772482496,0.041290279464520935,-0.08243308645559745,0.013427273213913501,-0.02818742504500652,0.012513738794935761,0.046546793056825034,0.028345582433397746,0.01447960829130638,-0.09123719828202416,-0.08094850269335208,0.0,0.013166447729729157,-0.007398968084003169,0.027425595771094644,0.03353334092082681,0.010933300505848838,-0.0034607768479365756,-0.05536158979819855,0.04930804349239941,0.046152328708885845,0.04496893566506826,0.04122410525697604,0.045363400013007454,0.0091607918374526,0.00797997969096516,0.014874072639245577,0.013031518417309231,0.018818716118637526,0.006402122299208383,0.008304398485364248,0.02564018261604769,-0.057793259644713546,-0.016921963052768156,-0.05161675939010634,0.03531230183254841,0.01776380014391451,-0.10786313241102483,-0.015372495531642966,0.031304065042941705,0.046941257404764236,0.036625462394125625
lateralorbitofrontal-lh,0.03910258172268731,-0.10534118926547668,-0.08513334047990849,-0.05966517168354151,0.04632151988687574,-0.02511001314196178,0.041508894444083455,0.045241947780122735,0.007357506345918683,0.04511836352617767,-0.059779904812002856,0.03636330756174603,0.0020580358512387073,0.039195866618234904,0.025264924413068362,0.043270732519303065,-0.0038896552715640994,-0.007304731095843427,-0.028662960992034442,-0.02917500025878218,-0.07651071989490564,-0.0568237615015689,0.04374872644570702,0.03839376237776953,-0.24654624393338168,-0.12314647131159503,0.0020920811915824803,0.042391686472666404,0.03430629936927134,0.009917702679657376,-0.009642953136552022,-0.09115422742693625,0.042669154338954025,0.04652204594699208,0.03597485254894336,0.03819323631765318,-0.015979099272157498,0.0,0.03741258031010155,-0.11359305708864433,0.01491825707513598,-0.03579236024262158,0.04511836352617767,0.017555395215045948,0.044840895659890044,0.04712362412734112,0.013539768869181614,0.04612099382675939,-0.0209912231163021,0.033738766529266086,0.04672257200710843,0.03691313815078383,-0.09353909191541865,0.03789942536198924,-0.028206415298544226,0.04612099382675939,0.032045019134734024,-0.024552690589031378,0.03890580164451726,0.048527306548155534,0.04170056937871607,0.031110479514839844,-0.010059320687397011,0.0329795587546282,0.004812625442792284,0.040130406238129086,0.001857509791122361,-0.09450767687565662
lateralorbitofrontal-rh,0.04067619030165938,-0.1257992169738073,-0.06160743016659987,-0.09669239485903147,0.04542518713890895,0.0,0.04170858091845277,0.04748996837249573,-0.01451773223857796,0.04625109963234366,-0.05856513275684556,0.033833410150036,-0.02179604435735869,0.04728349024913705,0.011004808257433355,0.04748996837249573,-0.021689592115505817,0.0,0.046664055879061014,-0.04795087194414015,-0.12133414842098225,-0.08799131159718002,0.04292487393816485,0.04748996837249573,-0.15699339604260992,-0.22173689005857344,0.012021049514133807,0.033681806467303156,0.04317007714205643,-0.009991362884779989,0.0004129562467173542,-0.1385749882622065,0.04416374267831691,0.04542518713890895,0.030071652488699842,0.04604462150898499,-0.020092808487712815,0.0,0.04356688402868086,-0.19945027237498097,0.04129562467173542,-0.06859538764060905,0.044392796522115564,0.03654662783448585,0.046870534002419695,0.04604462150898499,0.04449282240362138,0.04563166526226764,0.03279459317289556,0.034675472003563634,0.04645757775570234,0.04728349024913705,-0.11153294738101743,0.039230843438148644,0.03550138449699834,0.04645757775570234,0.0307072362188688,-0.039988694933362254,0.04645757775570234,0.04728349024913705,0.039905152248850516,0.045838143385626307,0.038611409068072616,0.04356688402868086,0.00495547496060825,0.031120192465586154,0.04625109963234366,-0.1342712463918601
lingual-lh,-0.010184679051860735,-0.02970722387930874,-0.08660455720473978,-0.06946039141383845,0.04620618894402424,0.0,-0.05045201943797203,0.04599991131480984,-0.07088587733135934,0.035936929979299786,0.019985807467689583,0.037336250887805296,-0.09801452943072454,0.021234223207920254,-0.10281895244272193,0.04538107842716666,-0.06329822754642202,-0.0006788704277095148,0.020675427860343404,0.024954928055814885,0.014325443850692444,-0.025607836304036256,-0.013388168605264992,0.04281183680547667,-0.01991055771307941,0.00028315002004256485,-0.350408088449516,-0.008017242723655213,0.002732316561599909,0.03470697172604897,0.0006188328876431818,0.025693836023590738,0.037234633294652486,0.03897105687744936,-0.06200052423106932,0.03339385336662519,-0.046163189084247,-0.006109833849385632,0.004262462515182387,-0.011197609710952842,0.02439613270823804,0.04022413769680682,-0.045088801078397786,0.02888961805495946,0.0021396486829721147,0.047650132348525,0.03221622513140516,0.0474438547193106,0.033840281156104914,0.020289037610930014,0.04402333757174764,0.04703129946088182,0.022513469036293098,0.03630486274173333,0.014565594010957772,0.045174800797952275,0.040602820424184664,-0.06456510077363256,0.04723757709009621,0.045407243436182056,-0.03634968806725584,0.037234633294652486,0.032808893010032945,0.0406366929552356,-0.03419137906777661,0.03732083584373422,0.011471429572741866,-0.007064349604629429
lingual-rh,-0.04665462588515772,0.009221664673586552,0.00502024975101412,0.015117496956381996,-0.016765004619240433,-0.0008995585993232267,0.04120365389903636,-0.024960519662976858,-0.05374847971675853,-0.02246290404010035,-0.0003791867203636709,0.03860342331317484,-0.0735377264641503,-0.00506970039031928,-0.05994381738675531,-0.04155260992554285,-0.02796182816130551,-0.02158940638375744,0.046604132808133365,-0.0330565470568859,0.04860431018187299,-0.008867952524986143,0.026013772673526524,0.042706393023639114,0.03391082476778081,0.0214154495893638,-0.0298583481343409,-0.44545337858395245,0.04430445004719239,0.04000354747479258,0.00040003547474792584,0.024814708687001953,0.04620409733338544,0.04720418602025525,-0.030960009346476525,-0.0043701595283700085,-0.008995585993232268,-0.017991171986464535,0.038907098451253036,0.017716685104524305,-0.013668378221961255,0.022612428700449935,0.04580406185863751,0.023310927124679987,0.028812978559042787,0.039008670976518826,0.04680415054550732,0.04680415054550732,0.03990718713812285,-0.03915343951477451,0.011121311959779593,0.012021912996822025,0.0348072560539464,0.03740331688893106,0.018018275367164067,0.04560404412126355,0.04360386674752391,-0.014677848848303983,0.04760422149500317,0.048204274707125065,-0.058444205575310194,-0.08123371838331142,0.04060360068691447,0.002023111003562314,-0.010791575878721081,0.029912554895739973,0.04400390222227184,-0.10292469729233465
medialorbitofrontal-lh,-0.04842822629013319,0.046650795675127504,0.040485492281938845,0.041412493320474426,0.045417734996489774,-0.022038443064872557,-0.016242876908747445,0.010646487037256439,0.041513042847470295,0.03428614456071222,0.03304867282295994,-0.03834341411346335,0.040877284814575164,-0.09083739276233717,-0.10644733924018598,0.012720815861895588,0.04027998216883256,-0.056995973443635925,0.046650795675127504,0.017834929936861983,0.0415366816001611,0.047061815901340086,-0.007286164824604899,-0.08738658728579735,0.029994070938170983,0.043262084338431026,-0.0030754130354832673,0.04498748707670094,-0.38438217953202297,-0.050234950861822704,0.0,0.032828346075391944,0.04582875522270235,0.04582875522270235,0.04089651250815143,-0.053867627698778,-0.06003575869396317,-0.0007599463125818123,-0.03754060135461444,0.02048292265455292,0.041513042847470295,0.033153633409070356,-0.022485091076241148,-0.004045280520285923,-0.09829343991489237,0.0386403123230968,0.04747283612755267,0.041618003433580714,0.04562324510959606,0.04582875522270235,0.04209111779963663,0.04747283612755267,-0.07761224580834422,0.029167619426631267,0.03753143992414575,0.013418668034634049,-0.01274920498594054,0.0169804286135169,-0.09186494332786864,0.038353480376570916,-0.04439934586142703,0.04582875522270235,-0.01608023324190823,-0.006793822764972725,-0.013717489013625146,-0.018212245147276172,0.04582875522270235,0.01510120432663689
medialorbitofrontal-rh,0.01986584771221351,0.021923021790026483,0.04966093775207208,0.021627112270482165,0.03973158871345712,0.0,0.035339151770260854,0.041927807185055246,0.026821695574448225,-0.05092279497118912,0.008988264995029914,-0.12695585498150308,0.036736745343096025,0.03576343458659991,0.04072986983691082,0.04132883851098303,0.021195679819159527,-0.04428078407144263,-0.013423172904248043,-0.1074111005777313,-0.10224500910272966,0.02926036136966868,0.03813433891593121,0.011608659571997202,-0.002413588717292961,-0.019188233053321912,0.03538194286919243,0.04072986983691082,-0.05052348252180764,-0.3898631929964626,-0.0470510008501554,-0.01924884488422749,0.040530213612220076,0.02826208024621498,0.03434087064680716,0.02463262673783367,0.0,-0.039852705664298375,0.0004956724552049623,-0.029363550877566032,-0.001561501622608013,-0.05351469771919201,0.037934682691240465,-0.02562002334235715,0.018928178419665397,0.010011409774471286,0.04152849473567377,-0.002196111760628229,0.03893296381469416,0.039132620039384905,0.017712420339546963,0.0182507771827136,-0.0290497139150778,0.01601902395813736,-0.0013368750309596905,-0.009308824748622099,0.04501538238826309,0.0238589722060283,0.04013090116283859,0.04092952606160155,0.039332276264075636,0.018468254139378335,-0.03575255006766969,0.03520725701145928,-0.030055251384484984,0.040530213612220076,-0.0035509142345318176,-0.012250205923061188
middletemporal-lh,0.027639481900807065,0.011516450792002943,-0.13565501467982619,0.010055114297247406,0.01612303110880412,0.1853277371682267,0.01612303110880412,0.005448533980446229,0.0023032901584005886,0.01842632126720471,-0.0036056474870600035,0.016218418608461793,-0.031213333554647844,0.006909870475201766,0.004606580316801177,0.006909870475201766,0.0,0.24813595427615306,-0.05551679663409393,0.006909870475201766,-0.03195989971863523,0.0,0.004606580316801177,-0.057915474292152186,-0.016678822273476158,0.011516450792002943,0.011516450792002943,0.011516450792002943,0.011516450792002943,-0.0576611076263984,-0.03325844154730829,-0.044969482838612934,0.03224606221760824,-0.12348738522349352,-0.05564397996697082,0.009213160633602354,0.2879112698000736,0.22305412919950043,0.011516450792002943,0.004606580316801177,0.0,-0.0272897277353956,0.0023032901584005886,-0.05629515863130053,0.0023032901584005886,-0.07089326157891067,0.01612303110880412,-0.016742413939914606,-0.10674497128357892,0.0007783619972066041,0.0032406313217033097,-0.11810244290948574,0.025336191742406478,0.0010645244961796196,-0.15697221310332274,-0.02501823341021424,0.004606580316801177,-0.0060997126447759386,0.006909870475201766,-0.05483382213654499,0.0,0.0,-0.15554267244178643,0.05988554411841531,0.11897746423967878,0.007751824138846818,-0.011389267459126048,0.0023350859916198125
middletemporal-rh,0.03887405920603074,-0.0998327316984424,-0.054590151750243926,-0.060240759543861724,0.03159312416660753,0.0,0.0406590925369199,0.05097261844872397,0.011212035839842293,0.04561751845605647,-0.04719318714700788,0.006766313558049477,0.0036990416727934214,0.048394236970772955,0.02781481160724225,0.048790911044303886,-0.0016223362290138745,0.0,0.04374522322180394,-0.04689368383766181,-0.08401834964769356,-0.06192462660217028,0.04343581105163639,0.01882619627947178,-0.12164085580383682,-0.14214292812482565,0.03103678957758208,0.03246382535621127,0.03274446986592937,-0.010997716769493794,-0.018359041437839663,-0.2846567992491135,0.04660920363988379,0.019948774318344145,0.019518378153953013,0.04482417030899462,-0.010014022602458,0.0,0.019436070681000384,-0.13236591908040407,0.04581585549282194,-0.10120622766456841,0.04403082216193277,0.02846831696045255,0.04621252956635287,0.04068290576695863,0.03818683176196024,0.0444274962354637,0.03615983044262392,0.027021463460180403,0.03341683401876764,0.01759254310719731,-0.11563225045795902,0.0008886010672167435,0.030001473442073087,0.003171474744217444,0.02837610062667844,-0.017053948575449035,0.04390983816770919,0.038017262385644235,0.04247784795866927,0.049584259191365734,0.028700376088078218,0.04125410364721629,0.0041650777720747215,0.03337320306708595,0.047799225860476566,-0.09033141273332815
paracentral-lh,0.03825379271229224,0.0460240943569766,0.0045445630546330435,0.008330094625120295,0.0460240943569766,-0.2173889571367413,0.04164084727535978,-0.012346729582876165,0.04104313176423022,0.01332939612220649,0.036460646178903544,0.03464916074117503,0.015430569863329873,-0.047450628766504355,0.04562561734955689,0.046821048371816026,0.0294958456402215,-0.10696916938474571,-0.009602615430780703,0.0402730637448935,0.04941114892004414,0.04841495640149487,0.04482866333471747,0.0478172408903653,0.03301857490281657,0.0388783942189245,0.03122542836942788,0.04721952537923573,0.04482866333471747,0.04044541625310065,0.001992385037098554,0.04741876388294559,-0.5290973057556735,-0.045439904825065984,0.04044541625310065,-0.08010010210143194,-0.06441154285533075,0.0,0.044430186327297755,0.015430569863329873,0.008375319524962805,0.03438635843328286,0.04403170931987804,-0.10587522469736253,-0.04409046019893951,0.04131448116328528,-0.07184942074080573,-0.07764567625273136,0.039630123333921415,0.045227140342137186,0.04941114892004414,0.049610387423753996,0.0424378012901992,0.03675033448229842,0.04392292061585322,0.04841495640149487,-0.12929616305745445,-0.1432245194128045,0.04622333286068646,0.04941114892004414,0.04482866333471747,0.005721655172552367,0.03825379271229224,-0.09629343761494967,0.006375632118715373,0.04941114892004414,-0.04984149081102261,0.043433993808748475
paracentral-rh,0.037990233812998216,0.04473043658627209,-0.01673587763431949,0.04248370232851413,0.022210096566619757,-0.06709535714096954,0.041870956621852876,-0.0008065734301969698,0.04554743086182045,-0.009150097695390616,0.03492650527969191,0.037990233812998216,0.04718141941291714,0.04738566798180423,0.04575167943070753,0.045955927999594616,0.04432193944849792,-0.030863864284845985,-0.0642847062804825,0.046568673706255885,0.024981743691648763,0.04718141941291714,0.04718141941291714,0.015704809421409897,0.046568673706255885,0.04432193944849792,0.03250827368129407,0.04758991655069132,0.04452618801738501,0.016199055229504013,-0.10735257142555125,-0.007924606282068095,-0.06871892484671485,-0.8100051634403962,0.02480607801286832,0.04242653654830084,0.0,0.0,0.013020995135771115,-0.009967091970938967,0.03647474516046867,0.04023696807075618,0.04718141941291714,-0.024583071922348747,0.0461601765684817,0.003919726544312688,0.045955927999594616,-0.007019779167129528,-0.09628622913926078,-0.004335964881490752,-0.004307381991384099,0.002898483699877252,0.041258210915191613,0.036356245261901524,-0.1271500934241068,0.04473043658627209,0.04391344231072375,-0.006061954610118213,0.0477941651195784,0.04738566798180423,0.04636442513736879,0.04513893372404627,-0.13310188481193894,-0.05597184907446578,0.006740202773273877,0.046977170844030046,-0.05197471053611425,0.04227945375962705
parahippocampal-lh,0.03648173423189366,-0.03544127876604423,-0.08609778843911109,-0.036713834318274366,0.045210492729095206,0.0,0.04207709224292029,0.04498667840865414,-0.1448008618803489,0.04543430704953628,0.032900705104836614,0.036257919911452594,-0.1644005452903618,0.04632956433130053,-0.11589695380061212,0.04543430704953628,-0.09566843993982277,-0.024342396649822,0.01897953328545891,0.04543430704953628,0.0472248216130648,-0.03553932699633,0.023875730475292827,0.002065621720738805,0.02474326989718758,0.012544353712407055,-0.1564541011939615,-0.0544675674450197,0.04319616384512562,0.037153177193216855,-0.0450334338021707,-0.0008162465851255271,0.044091421126889886,0.027205227422039298,-0.5784173847979074,0.04677719297218267,-0.06694159078701051,-0.048684793299644,0.02509285030778393,0.03179445671182359,0.0472248216130648,0.03849606311586325,0.047448635933505866,0.040062763358950704,0.045658121369977336,0.047448635933505866,0.01920334760589998,0.047448635933505866,0.04543430704953628,0.010935040958772865,0.016097664979594584,0.04367151034587727,0.015272738068246576,0.024506632367554203,0.021637587270882178,0.043867606806448814,0.04274853520424349,-0.03730005225850409,0.04677719297218267,0.0063884241795353035,0.025190898538069707,0.046105750010859474,0.03629846098051442,0.03894369175674538,0.008952572817642616,0.04588193569041841,0.03765624155383803,0.03236785144286101
parahippocampal-rh,-0.04805856171853185,0.044633868866668834,0.03958478867813164,0.04281619999879544,0.014690538696974226,-0.06143930961365613,0.020256864023377855,-0.005095001687084524,0.04402797924404437,-0.01752807606989875,0.03534356131976039,0.02639755077937346,0.009398600036020058,-0.18351510224447426,-0.013829681948086973,-0.03621858290899557,0.04281619999879544,-0.17546650287967894,0.03271209952738159,-0.049468877193818726,0.03869514531821472,0.047259390564708174,0.006041075943226275,-0.05019151251673018,0.03664398504976735,0.044633868866668834,0.0373666203726788,0.0137028837804563,-0.01952554702412412,0.03073336271684219,0.00020196320754148792,0.04584564811191776,-0.013510973040258497,0.047227862371675686,0.043422089621419906,-0.27715086550381385,-0.03436435961441783,0.0,0.046047611319459246,0.008622275398886601,0.0011309025761655702,0.04079656792338056,0.0341573701732045,-0.023618500489175877,-0.07486506514666012,0.012342830641887882,0.03239339061955311,0.03360516986480204,0.046047611319459246,0.04578259172585277,0.04584564811191776,0.047461353772249665,0.027748236846098888,0.03695926698009229,0.04645153773454223,0.03983107412805214,-0.02209737940794147,-0.029339953663906064,0.002768769357686984,0.032043153518692136,-0.05643957790116978,0.01848351739788348,0.04120049433846353,-0.10614971431123717,-0.015809332619293983,-0.027717394048567098,0.009259693214543561,-0.052031342505793075
parsopercularis-lh,-0.030753283963500064,-0.05304941483703761,-0.05535591113430012,-0.04997408644068761,0.0,0.35620759982823036,-0.006919488891787515,-0.0884156913950627,-0.05228058273795011,0.0,0.0,0.0,-0.05689357533247512,-0.07918970620601266,-0.1476157630248003,-0.04305459754890009,-0.05535591113430012,0.3696237199573073,0.0,0.0,0.0,-0.049205254341600106,-0.10379233337681272,-0.0891845234941502,-0.029984451864412565,-0.030753283963500064,-0.050742918539775105,-0.006150656792700013,-0.06227540002608763,0.0,0.4453152401124718,-0.016914306179925034,-0.03997926915255008,0.0,-0.03921043705346258,-0.053818246936125115,0.5119576064613764,0.49019196973620927,0.0,-0.03844160495437508,-0.006150656792700013,0.0,-0.020758466675362543,-0.07765204200783767,-0.08380269880053767,-0.0015376641981750033,0.0,-0.00461299259452501,0.0,-0.029215619765325062,-0.01383897778357503,0.0,-0.05151175063886262,-0.00922598518905002,0.0,-0.033059780260762575,-0.06458189632335014,-0.07619126101957142,-0.1383897778357503,-0.015376641981750032,-0.07611437780966267,0.0,-0.05996890372882513,-0.11993780745765026,0.04870551347719322,0.0,0.0,-0.010763649387225023
parsopercularis-rh,0.0,-0.022751193725595677,-0.03500183650091642,-0.03500183650091642,0.0,0.41599461150728406,0.0,-0.0332517446758706,-0.25901359010678154,-0.05950312205155792,0.0,0.0,-0.01400073460036657,0.0,-0.021001101900549855,-0.05600293840146628,-0.0577530302265121,0.3335896549148101,0.0,0.0,-0.0035001836500916424,-0.04725247927623717,0.0,0.0,0.0,0.0,-0.022751193725595677,-0.03500183650091642,0.0,-0.08400440760219942,0.3809617607208604,0.0,0.0,0.0,-0.07700404030201614,0.0,0.5033884374541925,0.06551546282772804,-0.06300330570164957,0.0,0.0,0.0,0.0,-0.11375596862797838,0.0,-0.12600661140329913,0.0,-0.20126055988026945,-0.03500183650091642,0.0,0.0,-0.05425284657642045,0.0,0.0,0.0,0.0,0.0,0.0,0.0,-0.06825358117678702,0.0,-0.1225064277532075,0.0,0.0,0.048891805795900356,-0.10150532585265763,0.0,0.0
parsorbitalis-lh,0.0023703960141501193,0.04374883009777911,0.01929273423911197,0.042276513700257694,0.03792633622640191,0.0,0.024331137356512742,0.04606247015102704,0.028528216818187,-0.020336280814355512,0.034704600798718996,-0.07235574215587248,0.047955448376411705,0.014550511388267977,0.045431477409232146,0.045431477409232146,0.04480048466743726,-0.02129159333273433,-0.05789060317938176,-0.023864212266401487,0.04732445563461682,0.0464831319788903,0.04732445563461682,-0.002782949847598786,0.02665431622671903,0.04416949192564237,-0.03303292312676806,0.03626276654886557,-0.09547354199528305,-0.027258123340182617,0.0002103309139316303,-0.007381613503219597,0.04564180832316377,0.017485605366352453,0.02038254407660352,0.047955448376411705,0.0,-0.04634052666536296,-0.6016437097774379,0.04332816826991584,-0.05684848742668195,-0.01722901119017282,0.04753478654854845,-0.018471919039845894,0.023308099237729647,0.028748086549076984,0.04606247015102704,0.020191290796588594,0.021424659829303326,0.04023043746269149,0.02936000165695517,0.008288278055110822,0.005114236712219663,-0.03625465855445097,-0.06519495226523872,-0.00780227533108286,-0.009896045653440814,0.02650169515538542,0.030000533215708416,0.01830785138816227,0.042094799237201115,0.04291704525901093,-0.05833034264116173,0.035794410636210555,-0.04920884892473897,-0.022812557696743334,-0.056035780221830485,0.04122485913059954
parsorbitalis-rh,0.03270605405744354,-0.08190054755364654,-0.04091463318683754,-0.07177731008321195,0.045835545274301046,-0.03582266809935061,0.0428509051169047,0.007352986650655325,0.0057041317908253265,0.03687987824946339,-0.04680564611106432,0.034681405103023394,-0.0027019169474023245,0.007094824337282407,0.005209420753106058,0.01412011404724196,-0.0036329386686529052,-0.025452948386380698,0.045835545274301046,-0.03909756347503812,-0.11189879004849869,-0.04972544550138096,0.045835545274301046,0.014849627256658969,-0.11284149184058688,-0.159415283087548,0.010102824636353938,0.03301912361970719,0.03169501839297843,-0.008727851063734367,0.0,-0.10136085548355936,0.03388355802122946,0.027194698015208737,0.03947318145403018,0.014423250091316633,-0.022624843010116177,0.0,0.0441300366129317,-0.2368634313017211,0.04178496220354886,-0.049612137898302267,0.04604873385697222,0.023852014564846983,0.03297414988900544,0.04668829960498572,0.04647511102231455,0.03490452720388354,0.04150343974850076,0.041032088852456676,0.045835545274301046,0.04647511102231455,-0.08839783256602265,0.037734379132796675,0.03636355362271756,0.04540916810895871,0.03075231660089026,-0.03356110073847952,0.02076400032256093,0.04668829960498572,0.032760961306334276,0.04604873385697222,0.03965307637683718,-0.009165908299914293,0.0072484118108197,0.04343381706337886,0.045835545274301046,-0.12084277700249875
parstriangularis-lh,-0.057177864971614374,0.04971689429517925,0.03332398749812773,0.041573609884761956,-0.035857749142413714,0.0,0.04135931292659308,0.025720497997470167,0.04585954904813948,-0.07078166930100047,0.015239917837850617,-0.030845793930438042,0.009736214326101033,-0.03787116794576014,0.04350228250828184,-0.02975109633746825,0.04500236121546398,-0.060162914612528304,-0.09655559564749669,-0.07952303998740859,0.04436109134669236,0.05035978516968588,0.0437597630592315,0.03129059790412593,-0.007447483908719793,0.04200220380109971,0.0199776637196913,-0.00909708418489965,0.04243079771743746,-0.006806214039948188,-0.0008355960362851152,0.04928830037884149,0.021841560954040006,0.03981767163236519,0.0456452520899706,-0.01618885459512793,-0.005013576217710691,0.0,-0.02745860518678179,0.041573609884761956,-0.3166579589155232,-0.017582595326093124,0.04585954904813948,0.023554315613656004,-0.036072046100582594,0.030305480298843116,-0.0030767985655157353,0.04585954904813948,-0.005369289716202205,0.017449283814445563,-0.015160553397064326,0.04806729401899941,0.03900204638673544,-0.02129041900413519,-0.02375240251447474,0.026062724728246365,-0.02902345928313509,0.02198784051156769,0.045430955131801724,0.05100267604419251,0.011771224925837853,-0.07108071243899589,-0.0037196894400223597,-0.012162016988435071,-0.058533285127003835,0.05035978516968588,-0.10559763047763526,0.010357513404217276
parstriangularis-rh,0.02108897962881936,-0.030801215347668373,0.022913670964381884,-0.0089252435444862,-0.007177900634405014,0.0,0.037915898918582186,0.045167573575141624,0.031961607981206036,-0.001840734587704282,-0.0349761599963386,-0.07315619069564833,0.017413786440647595,0.0426812851214641,0.041852522303571595,0.0426812851214641,0.01963864469750747,0.0,0.017810378958618023,-0.07607996949140891,-0.053168044165861114,0.004316299831401043,0.04060937807673283,0.03720895675361059,-0.044434904018782084,-0.06333817757602014,0.04164533159909847,0.03402462058044938,0.0352722120300321,-0.03368767072264324,-0.018146539122665895,-0.09644247242544676,0.04136166528856104,0.04205971300804472,0.03687994539621656,0.04247409441699097,0.0,0.0,0.014225003044742432,-0.0627797394004332,0.004392775437465351,-0.2911894320326886,0.04040218737225971,0.03522241976043154,0.03222748540076764,0.02190440077847999,0.0426812851214641,0.018377711579692885,0.026619994711761342,-0.011330609169355462,0.015670890753310362,-0.015285021445320688,-0.06821561716691801,-0.08549694287032271,0.01685090104231669,-0.09902747259890837,0.044654480446411286,-0.0036743203687547234,0.04226690371251785,0.04433881075724912,0.041438140894625344,0.0018300113777235212,-0.0063944828633691105,0.04558195498408788,-0.019344338302648048,0.04620352709750726,0.01601769100168023,-0.042971227419238325
pericalcarine-lh,-0.13651531597992156,0.04457979262474052,0.03976601220047276,0.0422775498131342,0.046044856232126355,0.0,-0.2507616117133374,0.022132902955645167,0.045416971828961,0.010723710097957749,0.03516152657726013,0.03788235899097668,0.012816658108508945,-0.02829672832164023,-0.11765261090686203,0.006106137985695732,0.04478908742579564,0.0,0.045416971828961,0.01101410552162504,0.02968060228267886,0.037903279568708696,-0.21188245396123176,-0.005431249050434627,0.04625415103318147,0.04395190822157516,-0.11182636354410005,0.04730062503845708,-0.05686026077716483,0.038510243394142045,0.0,0.046044856232126355,0.044998382226850764,0.04834709904373268,0.04478908742579564,0.01696854706282995,-0.0270173682255266,0.0,0.04709133023740196,0.044370497823685406,0.044998382226850764,0.03976601220047276,-0.44832824786815795,0.015516569944493495,-0.11190746416671224,0.047928509441622434,0.04562626663001612,0.04813780424267755,0.021039335394538783,0.04813780424267755,0.044998382226850764,0.04667274063529172,0.00909644524534757,0.035789410980425485,0.04562626663001612,0.044161203022630276,-0.004418782111940419,0.027208324137165577,0.020492551613985593,0.010467321741071851,-0.17609562466912212,0.04562626663001612,0.03862535108353561,0.040184601802583,-0.07552933922653451,0.02435404514463931,0.01949317116454077,0.018237402358210055
pericalcarine-rh,0.014906363702508916,0.01709362338403042,0.03736808087326565,0.0400030096527908,0.045751945171754745,-0.12156031487568736,0.027330981798354106,-0.029922844053274486,0.04503332823188425,0.027982845625087217,0.005045985883734152,-0.0029687685978406785,0.046949640071538894,-0.06919944024018874,0.044075172312056925,0.02305068902104117,0.04359609435214326,-0.15580265709419086,0.04599148415171157,0.04455425027197059,0.03962209366792454,0.04503332823188425,0.046710101091582065,-0.005336684924816297,0.003565536974131146,0.04239839945235911,0.029930566326651895,0.031917566668761256,-0.004822262713675275,-0.02159786208928811,-0.03903705720695744,0.03393991126209797,-0.05944115978577873,0.010001680571055563,0.04431471129201375,-0.06348191358313483,-0.08474979699079611,-0.05735592321599333,0.006577446349205216,0.01733316236398725,0.026200040011707337,0.040721626592661285,0.028253793466954075,-0.35156926695851365,0.0032239006298095717,-0.027390012638114088,0.04503332823188425,-0.03718363734375147,0.04359609435214326,0.0462310231316684,0.04171119137439864,0.010653544397788671,-0.006224152342188905,0.033464768691501647,0.03732880123272097,0.022536266809900157,-0.056664854001344155,-0.12109697847304304,0.0333901447997296,0.0003808417322376289,0.03917835995923823,0.04239839945235911,0.039111606846100856,-0.15083129510222876,-0.04517084410010497,0.04647056211162524,0.03325663857345484,0.03818879517750089
postcentral-lh,-0.1466775775370519,0.04579336004735196,0.039891104752359935,0.04355457355614809,0.04579336004735196,-0.024084112499322435,-0.037207147298864804,0.015272271521513742,0.042536943332873604,-0.009625945156428282,0.03643116199322668,0.010035532869218001,0.030772706895828936,-0.11731957950145291,-0.06730182847616317,-0.021020276388143976,0.029310877699263823,-0.0883084124975156,-0.006148210772544257,-0.032285375343166445,0.04762509444924605,0.04823567258321074,-0.009089660790425247,-0.03343223784313418,0.04340754965470407,0.045182781913387274,0.008686707959074646,0.03406627049428812,-0.05840474828903786,0.024408461002795513,0.0,0.04721804235993625,0.0010657225486103014,0.04640393818131666,0.04192636519890891,-0.08794535347558241,-0.056769693748402884,0.0,0.032696526690435435,0.028516128779874285,-0.01730343271010351,0.03054982559194398,-0.029122607655879783,0.012217817217210991,-0.2973769919963873,0.04148372986009758,-0.00823840972782482,0.04640393818131666,0.04742156840459114,0.046810990270626456,0.046200412136661755,0.04762509444924605,0.012311466244402698,0.032084384921991456,0.046607464225971555,0.04538630795804217,-0.04836080560194477,0.02129750455528188,-0.004020864933282858,0.04782862049390094,-0.09724948575201751,0.026167465271207224,0.03878138913637302,-0.018690968138706975,-0.016535857222340453,0.005283267343152274,-0.04369906183411219,-0.007073755603106319
postcentral-rh,0.029632593024494665,0.02354453907063217,0.03863133109647415,0.04180108134028741,-0.033129985721394396,-0.006248065384439607,0.04061242499885744,0.04913112877910559,0.04338595646219404,0.04417839402314737,-0.01883563125650574,0.015376336519267227,0.04477272219386235,-0.006331880895694286,0.02915255873276333,0.011817987086909546,0.04259351890124073,-0.12339929134268222,0.04754625365719895,0.006316641711829793,0.03685596617626143,0.05091411329125055,0.04556515975481566,0.04913112877910559,0.04536705036457733,0.04318784707195572,0.04615948792553066,0.030737433854669958,0.027765793001095024,-0.018195585534197294,-0.07497678461327527,0.021411053329604014,0.03386146654688976,-0.0018668000233996408,0.04279162829147906,-0.06434745386779571,-0.006248065384439607,-0.11246517691991291,0.017822225529517358,0.042989737681717384,0.012785675262304468,-0.02382646397212518,0.04576326914505399,-0.09961854492215048,0.029944996293716646,-0.6439850513374173,0.04477272219386235,-0.040917208676147176,0.04536705036457733,-0.09362954566340717,0.009836893184526256,-0.10295592618847312,0.023034026411171863,-0.027019072991735175,0.04477272219386235,0.012785675262304468,0.030493606912838173,-0.05078458022840241,0.046555706706007303,0.03333571470356497,0.04576326914505399,-0.01805843287941691,0.041008643779334095,0.039819987437904124,-0.03975141111051394,0.007551015604853232,0.04596137853529232,0.003985046580563315
posteriorcingulate-lh,0.0396897503218855,-0.04109920930456183,0.017237352761541546,0.04409972257987278,0.04610425542441245,-0.06575344999815014,0.04169428316642517,0.04770788170004419,0.006612397427481503,0.045302442286596585,0.03688340433952996,0.03989020360633947,0.04369881601096485,0.03828587888720789,0.047306975131136256,0.047106521846682285,-0.004212778376532567,-0.038489824389161056,-0.19806565534976553,0.04770788170004419,0.03608077635096427,-0.06174752730482008,0.04510198900214262,0.04770788170004419,-0.08680605037756556,0.031670571278477055,0.009819649978744982,0.04770788170004419,0.04650516199332039,0.04109292331306327,0.00040090656890793435,0.019441989668785267,-0.11226536361196897,0.04610425542441245,0.007614780257001313,0.006812501490185555,0.0,0.0,0.04129314378301729,0.04409972257987278,-0.05132279244071405,0.04089247002860931,0.04490153571768865,0.03768521747734583,-0.10023735169398112,0.04650516199332039,-0.5903812528024226,0.04610425542441245,-0.061546957613116134,0.04610425542441245,0.047306975131136256,0.047908334984498153,0.04329790944205691,0.0384870306151617,0.037484065749392025,0.046304708708866424,-0.016842499369632224,0.012828078947054112,0.047106521846682285,0.047908334984498153,0.046304708708866424,-0.11487137271712053,0.03748464778564189,0.04269654958869501,0.004810878826895212,-0.06274979372708991,-0.25479789269673725,0.038286228108957814
posteriorcingulate-rh,0.0386344105170478,0.044562441760404345,0.040065314610271796,0.009800253434077593,0.04640217559454948,-0.12844859999638633,0.04231387818533807,-0.012376472788780762,-0.09721572993372017,-0.025720754464033456,0.028093097118185112,-0.008829394918120945,0.04599334585362834,0.02156805605570371,0.04599334585362834,0.0328681890263507,0.012238521902089948,-0.19509645848507734,0.04578893098316776,0.04640217559454948,0.047219835076391756,0.04116093885014712,0.0476286648173129,0.04640217559454948,0.04640217559454948,0.04435802688994377,0.047424249946852334,0.047424249946852334,0.040927104024657567,-0.02154572200447743,-0.01454135094298713,0.046197760724088904,-0.08670383648988647,0.008253194335479995,0.04394919714902263,0.012691481575554572,-0.012117792452489277,-0.14177817169412452,0.022371005560031496,0.016487104249218437,0.04415361201948321,-0.010624998819722587,0.04803749455823404,-0.08131702478508152,0.04701542020593119,-0.02245011653666433,0.04599334585362834,-0.667715209642961,0.03771530600734641,0.04824190942869461,0.03932120501600198,0.04681100533547061,0.04129180383303522,-0.026626673810962703,0.04599334585362834,-0.06349032593721078,0.010223793152513233,-0.0727919649505379,0.04783307968777347,0.04701542020593119,0.04681100533547061,-0.008142600419166755,0.04231387818533807,-0.052628442662513916,-0.01748989417977973,-0.01720887979226197,0.04415361201948321,0.04231387818533807
precentral-lh,0.03259053912975986,-0.05512944990910673,-0.08197929515757471,0.021258504695513193,0.0003810003405878572,-0.07632686909333007,0.042025935647454105,0.04660301774767188,0.007588941319463074,0.04639496856129834,-0.028439263368631066,0.03473211650478507,0.04473057507031006,0.047643263679539555,0.04639496856129834,0.03710653571868777,0.03790184219208265,-0.004956290200865588,-0.07871159368688803,0.047019116120418945,0.025835586795730968,-0.04710140980433267,0.03267641729355367,0.03929710098540755,-0.09473078362433687,0.015984091905289648,0.03131804877232804,0.04247892429230043,0.0449386242566836,0.039321296224598144,-0.06938806281211825,0.02620269727678348,0.03940717438839196,-0.058470334510678595,0.04265008320657471,0.047019116120418945,0.0,-0.015860128642769884,0.029445606094966225,0.03006975365408683,-0.013851625083293,0.01260631703161853,0.026361758571462456,0.03744885354723633,0.04743521449316602,0.047643263679539555,-0.01803680404995431,0.039664211466460056,-0.500314383349821,0.027193955316956595,0.017024337837157327,0.008776150926414431,0.02971474079262962,0.007870173636721777,-0.21133212188371228,0.021356480478902307,0.044106427511189455,0.027046394228559572,0.04722716530679249,0.047643263679539555,0.04190376462487438,-0.008283284942902104,-0.1588323360266363,0.04098568971558643,0.004369032913844238,-0.03906127207996331,-0.011563084033184108,0.016975349945462764
precentral-rh,0.02827843291714506,-0.030196929707660445,-0.023838761282136696,-0.03010300340072195,-0.1169437327478872,-0.06884987285124863,0.04216251755606574,0.04605129344715918,-0.006381319275825495,0.02717796433504674,-0.001771276281249615,0.0382737416649723,-0.07379848521982917,0.04727932793908342,0.01907167047857512,0.018410690079143744,-0.009750004227895305,0.0,0.04564194861651776,0.028610671242291687,0.04768867276972485,0.01198873869870704,0.04727932793908342,0.0466653106931213,0.010760704206782788,0.016159293510615968,-0.0009659101705485946,-0.06471579244022325,0.04441391412459352,0.03888775891093442,-0.003824992936180479,-0.00198927224715214,0.045232603785876346,-0.0016268905699799731,0.008304635222934302,0.04641367512433135,-0.050999905815739724,0.0,0.035851312284011234,0.026359274673763908,0.0061639847627887314,-0.09248396171806461,0.04768867276972485,0.039297103741575835,0.04686998310844201,-0.06389710277894042,0.04584662103183847,0.04809801760036626,0.02096068536993073,-0.44512139875159484,-0.004492304384469883,-0.07660011607940612,0.028389179025527272,-0.0020229118500395696,0.020346668123968608,0.0038186618873224526,0.03507958577619765,-0.07029240705821349,0.04768867276972485,0.011579393868065616,0.03432467906982778,-0.11500775470306236,0.014317241772729597,0.04052513823350008,0.006140172459621224,0.04686998310844201,0.044004569293952106,0.0007016125040425929
precuneus-lh,0.03881230670161079,0.045977655631138925,0.039409419112404795,0.04339016851769821,-0.10075575160241027,-0.04687374653333475,0.0413997938150515,-0.05950488398505326,0.04100171887452216,-0.03133249546050465,-0.008749766019555814,0.025484960389970744,0.013044977736427222,0.032343448156007384,-0.014820549624629874,0.0031012684192865815,0.03980749405293414,-0.014322533662963396,0.049759367566167674,0.04657476804193294,0.026231280522462458,0.04796803033378564,0.011834142998650213,-0.022143551995951825,0.047370917922991626,0.045579580690609585,0.04498246827981557,0.0016001824342070589,0.035362230042355426,-0.0004647961292885045,-0.016835416915555266,0.019828861641615014,0.048963217685108994,-0.00019115479817497248,0.010457490622986508,0.04637573057166827,-0.028645067325926792,0.0,0.024854628146798757,0.043191131047433544,-0.04815130245987092,-0.029615762088971466,0.04138318389886251,0.03430904874637221,0.0461766931014036,0.012016570552725887,0.04756995539325629,0.036266203616640943,0.009628120909549842,-0.005598386327699068,-0.6277039350780859,-0.04999246944081992,0.03928498550298898,-0.04952795483553464,0.04677380551219761,-0.08223682114769978,0.043589205987962884,0.024879683783083837,-0.06840357620230357,-0.046285361366640035,0.045380543220344925,-0.020119957460927138,-0.09068760867585379,0.02776558633991995,-0.005042376421372725,0.009105612359604682,0.045579580690609585,0.043589205987962884
precuneus-rh,0.03786799490084028,0.03624648304038958,0.005328529383103977,0.04109702531767497,-0.06824101506954207,-0.05153925163152049,0.0401983330485843,0.05087904955907771,0.04175189181374698,0.04388803511584566,0.03495507221616026,-0.02512442375990698,0.02631989488071483,0.049131295948269704,0.045247399035363005,0.04777193202875235,0.036291785103914925,0.0,0.02850566911018684,0.046024178417944345,0.03343282221045621,0.05107324440472305,0.04408222996149099,-0.039242358836947135,0.013290518054562703,0.04388803511584566,0.04485900934407233,-0.005975744864002816,0.042844778928482985,-0.0024845665062347673,-0.11576912132527574,-0.03885396914565647,0.047383542337461684,-0.004666011871858797,0.035442723762197585,0.046024178417944345,0.0,-0.041517730480947056,-0.012334543842925535,0.04252867119632832,0.042311825318920304,-0.12118926154795322,0.04408222996149099,-0.030196140778448358,0.04563578872665368,-0.09163067181018497,0.04563578872665368,0.04505320418971767,-0.011169374769053528,-0.09056476459105961,-0.062198323822774,-0.5711101282725468,0.015399681461050732,-0.05225341349518457,-0.010392595386472189,-0.036306785120504434,0.04252867119632832,0.02485694024260285,0.046024178417944345,-0.025070463968685668,0.045247399035363005,-0.05511237638864328,-0.006779504142194807,0.04097511243116564,-0.01499397631436815,0.01926092734219475,0.04192343562762964,0.029427012411040183
rostralanteriorcingulate-lh,0.030872668877128567,-0.06494636379062252,-0.00826565353436152,-0.04821576197713894,0.0346580128928648,0.0,0.02649600841718658,0.03431192983438724,0.018056218721906978,0.03684634312283578,-0.021892095242707642,-0.011501420667958713,0.0045476024497302855,0.009692514900730082,-0.010421431930459328,0.042968994945618635,0.004302369064002078,-0.010056973415594705,0.04237767850141287,-0.04844082542831729,-0.06934319418511438,-0.028918195041333635,0.018192814399659297,0.021652245291467836,-0.10475987655564763,-0.09531438951880856,0.02724409047369453,0.03815778365377307,-0.0433238709470939,-0.004401029473392808,0.0009855274070096017,-0.09761135745675543,0.04158925657580519,0.040800834650197515,0.025007632339397245,0.026000947781633397,-0.03268516360068279,0.0,0.026041287650733137,-0.09958241227077465,0.037055830503561024,-0.059182176925640546,0.024029892967614194,0.004757089830455526,0.011812547291824918,0.035663710234424266,0.042968994945618635,0.040800834650197515,0.034569545119438765,0.03677804528395963,0.04207193531203506,0.034529205250339035,-0.24586924112041508,0.028698515024643694,0.017540988151803927,-0.005779368150239265,0.02372734394936617,0.0015382984602784265,-0.014532689070123228,0.04237767850141287,0.02792387469132631,0.040800834650197515,-0.0033086588365701095,0.0372607240201895,0.014159042827065078,0.028623828843507972,0.04237767850141287,-0.07251705182209497
rostralanteriorcingulate-rh,0.022215541069524322,0.021845741837600068,0.06373026692128399,0.022040165590085994,-0.022584683464446934,-0.009674552197180053,0.035061959147631966,0.017969746690912614,0.03341198459950811,-0.017155925645878593,-0.015605133485002629,-0.2003247761086809,0.016125348390302826,0.03696087491937801,0.036081370174179825,0.03473485432081442,0.02162044674603698,0.0,0.0027574017328916983,-0.040435542658062415,0.03980563597348805,0.03898064869942613,0.03733067415130227,0.0107819793819479,0.04001188279200353,0.0404243764290345,0.037124427332786786,0.03959938915497257,0.024593291015467138,-0.0017938218514833872,-0.020185914734451586,-0.015342398684345957,0.040630623247549985,0.03794941460684872,0.025757206182376167,0.03898064869942613,-0.012313066432774612,0.0,-0.012334085216827143,0.03774316778833323,-0.020704815965748496,-0.17168536916310112,0.03650568687724034,0.024725972089798758,0.03282411548303882,0.006493490598229479,0.04083687006606546,-0.011302851124249733,0.013790292849466711,0.014876044413180384,-0.015918444734785698,-0.012758401919887658,-0.010031871526073115,-0.3440893180059982,0.00814346514635334,-0.2840820032100192,0.03987460385866042,0.03767682725116743,0.0027147073277849925,0.03980563597348805,0.03794941460684872,0.00871951119679308,-0.040715355220761765,0.0439305723437977,-0.03799867738197183,0.04021812961051902,-0.002823085433055867,0.03650568687724034
rostralmiddlefrontal-lh,0.02638047135583911,0.027450965135034564,-0.1226293972821291,0.027904535137109596,0.04659807255389409,-0.06342853200184202,0.0421408656139564,0.04490471597352297,0.04234346592940811,0.008887473976944369,-0.019651802009451394,-0.01995114106724632,0.04416686876847353,0.04781367444660437,0.046800672869345805,0.04659807255389409,0.04112786403669783,0.0,-0.15663569797901108,-0.011644528133726071,0.020069737867194938,0.047205873500249226,0.04538247066118381,0.012987849657150243,-0.08134454708380595,0.02889335202878236,0.00906588960681028,0.019437752235253996,0.035975240238827054,-0.01038967970060946,-0.0947375973718596,0.02219247976405529,0.04285452813342003,-0.06419925813387774,0.024209360087807146,0.047408473815700944,0.0,0.0,-0.02596253549809556,0.024339406346501443,-0.018581308230255937,0.002939510772087264,0.0451798703457321,0.03224675767317352,0.04700327318479752,0.04700327318479752,0.04490471597352297,0.04639547223844238,-0.1714314600310414,0.02990635360604093,0.046800672869345805,0.01630200876113507,0.004357712980249258,0.008675750830727379,-0.4007641799341565,0.045990271607538956,0.03789538182023569,0.02573024006236761,0.047408473815700944,0.021106924130039312,0.046800672869345805,0.033698267397686596,-0.2509288481795609,0.0421408656139564,-0.0034834519030854587,0.046800672869345805,-0.07748007923540286,0.0008167688752269152
rostralmiddlefrontal-rh,0.037472496168557086,0.0345034945501502,0.041571050436993016,0.022870192695295877,-0.0237294205883378,-0.020326593442051098,0.0392290194264582,0.013201054853709595,0.0400096964299698,0.04391308144752783,-0.023403463779912752,-0.23886326479893372,0.018862987300054385,0.045578255832234495,0.0019975301849637843,0.04742612796333005,0.02775144813812907,0.0,0.050548835977376486,0.04488892770191734,0.05093917447913229,0.04859714346859746,0.021634795496697716,-0.008491723344486809,0.04547443545455104,0.04371791219664993,0.04352274294577203,0.045279266203673146,-0.004665191524748552,-0.03325529936788792,-0.025818299646496033,-0.022884361891495453,0.047621297214207964,0.04352274294577203,0.039424188677336096,0.033216187162710305,-0.04342499508074553,0.0,0.0015033713055245233,0.04176621968787091,0.02251929287789279,-0.19459321102134583,0.04196138893874882,0.00897373719861216,0.044303419949283634,0.029142575903252418,0.045084096952795236,-0.037445202509518286,0.022805811001965125,0.02115310812174747,-0.03796632856882124,-0.0032865352641142233,-0.05727763707213012,-0.2952233647973481,0.04469375845103944,-0.43863064837901716,0.04215655818962672,0.020310073595790772,-0.04478478084505878,0.049572989722986974,0.04352274294577203,0.0360918157370371,-0.07451893701360186,0.04177869119235993,-0.042827015823622805,0.04937782047210908,0.04664545095981845,0.045279266203673146
superiorfrontal-lh,-0.04012697364441031,0.0387437717057609,0.050837147874270766,0.022143148324007867,0.04356600247362781,-0.07009679715399125,0.01334322651302094,0.0034277837818657746,0.036190962613757,-0.05162197884215553,0.030136910245774442,0.022574432558579015,0.03272247664962902,-0.08271526814231625,-0.012618470988324988,0.026230356350031604,0.03181358347454865,-0.1106347039418416,0.020563585857417816,0.007650482405600189,0.043765846521671974,0.03194229037521562,0.027764755284051427,0.0017387043323720125,0.022007657726297196,0.021408125582164702,0.041077546831957384,0.04396569056971614,-0.02061901660713526,0.03737645950793458,0.0,0.022007657726297196,-0.08073601757963786,0.043765846521671974,0.03896958936861203,-0.058223616124656645,-0.06587409853025684,0.0,0.003962962475664779,0.017830122635133006,-0.03708414939117762,0.03189034314560169,0.0066512621653793645,-0.05563804972080208,-0.09707244346301325,0.03869860817319068,0.00849502213034707,0.023696737175790957,0.04316631437753948,0.03974299194598172,0.04316631437753948,0.04396569056971614,0.002930984923593299,0.029304776741747116,0.03532044927420315,0.04296647032949531,-0.3301281888309941,-0.07925918839890782,-0.001639454566615521,0.04396569056971614,0.0013390162362836846,0.0258758317865135,0.023658357340264433,-0.0495524012143367,-0.07552534376303435,0.043765846521671974,-0.027530014920584264,0.040568341752965344
superiorfrontal-rh,0.04191212951772576,-0.03676625124023475,-0.06972085326494812,-0.08176922052162947,0.038066248064736095,-0.07947179568121744,0.037145290450266676,-0.002918298244171541,-0.02093052861397726,0.01817759416209205,0.02866673821537912,0.0678231726169077,-0.05476467828848067,-0.023721008100505116,-0.003232185776441243,0.03152982317331149,-0.024027993971994926,-0.08078255909653542,0.03775926219324629,-0.002611312372681731,-0.0007486921614031995,-0.02124441614624696,0.0324645841093407,0.03929419155069533,-0.032099348220868566,-0.03644546204718515,-0.04265419608478026,0.013531396125065561,0.02968100628359275,0.04981784390788188,-0.0037252404225570673,-0.010689568282335277,-0.055678734242170194,0.026262751732525486,0.009806155702508493,-0.02713236099079248,-0.08757765823399057,0.0,0.038066248064736095,-0.04141935093804113,0.033099260834660006,0.0032628291503039855,0.039601177422185135,-0.07422211642559678,0.03152982317331149,0.011354888381517322,0.0324714857701206,-0.007892187135027531,0.03990816329367494,-0.009133933942546546,0.03775926219324629,0.03868021980771571,0.01569051168344846,0.0582652006360443,0.03837323393622591,0.03342005002770961,-0.03936017142775114,-0.16786771481727256,0.03898720567920552,0.03898720567920552,0.016007988079323708,0.03990816329367494,0.03591734696430745,-0.06901025827104995,0.023313534048060008,0.03837323393622591,0.039601177422185135,-0.016898302319930388
superiorparietal-lh,0.02749787452555351,0.04485879620858652,0.039807129968880826,0.04304019636229247,0.0453316859060886,-0.05555303412731539,0.03335360481822346,-0.12603530072393515,0.04384846296064538,0.04465672955899829,0.03556373032752805,-0.02072461145442599,0.04526292950776297,-0.07115302039832143,-0.14957472196432303,-0.022259780616640277,0.04283812971270424,-0.04802041933039128,0.04607119610611588,0.04687946270446879,0.03638880710743552,0.04748566265323347,-0.04068718430977411,-0.08964918048978089,0.03181423311062055,0.04465672955899829,0.04667739605488056,0.04788979595240992,-0.1302744978198993,0.03940299666970437,0.0,0.04627326275570411,0.045667062806939426,0.0476877293028217,0.043242263011880694,-0.03570847701378269,-0.17325014032925481,0.0,0.034368140611553244,-0.00921521751867431,0.04364639631105715,0.04061539656723374,0.01957373406561886,0.02864151802475725,-0.04821979910669823,0.04641077555235535,0.04627326275570411,0.04788979595240992,0.04627326275570411,0.04829392925158639,-0.032483815711148334,0.04728359600364525,-0.0628893004921473,0.0038209404885143857,0.04627326275570411,-0.039883120256809845,-0.008475707318647016,0.026066597796881353,-0.4264628696042215,0.04748566265323347,0.001683773922924071,0.04526292950776297,-0.10566439202402196,-0.04748869399744823,0.006061999487646826,0.01977580071520708,0.044050529610233605,0.03772611216545021
superiorparietal-rh,0.010396931322520921,0.04972437012098117,-0.02473904479599855,0.042343408931148026,-0.014209447784938569,-0.03336742238712097,0.020384683559891176,0.0469642059413245,0.03037243579726143,0.04428576713899885,0.034768211920529805,0.03768174923230604,-0.005366679127946052,0.04894742683784084,0.03917434176558843,0.04778201191313034,0.04098375818565245,0.0,0.038550771614567665,0.030137337287810824,0.05244367161197233,0.05147249250804691,-0.0030154179341922954,-0.1388976627094282,0.0460338895260646,0.04370305967664361,0.035054526840436175,0.046810832809204936,0.016612477587643566,0.03884716415701654,-0.07831734626655837,-0.0011139224150069917,0.0471993044507751,0.04545118206370935,-0.03498232688715217,-0.009118453755860898,-0.03533021193930455,-0.0726232134307927,-0.00968072987388339,0.04253764475193311,0.046810832809204936,0.0404010507232972,-0.016754944799477405,-0.059271882107830014,0.04564541788449444,0.03264197161368414,0.04545118206370935,0.045062710422139184,0.044868474601354104,-0.013432504501798238,-0.09686127614176704,-0.04862977465331598,0.04098375818565245,0.036322098486810464,-0.01755231942695049,0.04817048355470051,0.042343408931148026,0.02505642088127567,0.045839653705279516,-1.0,0.04545118206370935,0.048558955196270674,-0.011602656737401452,0.04078952236486737,0.004855895519627068,-0.07647686868112359,0.04622812534684968,0.0471993044507751
superiortemporal-lh,-0.19946184943565992,0.033419198094380355,0.0276516097302553,0.03074138921103658,0.041216891624527394,-0.01046310748800517,-0.0952303502275601,0.009624062846890255,0.03094737450975533,-0.01807487713586762,0.032354565809426805,0.03872523615912535,-0.02669651186088966,-0.09315562332978981,-0.055206998113036906,-0.055819996038998905,0.030329418613599078,-0.059085783461676256,0.046140706913000415,-0.03858664252934333,0.03671000490368612,0.035891021679005375,-0.04413089269906973,-0.03345684194215155,0.038963448264106755,0.036697609978200485,-0.025870091680917525,-0.02689010223412278,-0.022182188184757007,0.0393431920552816,0.0,0.04204083281940239,0.04552275101684416,0.046758662809156665,0.033406803168894716,-0.07592474880523137,-0.05416196817320324,0.0,0.041415439967954756,0.02644048778891407,0.017610388780076147,0.04037311854887536,-0.06690105942316033,0.03400244819917682,-0.10587713214840988,0.04778858930275043,0.046346692211719165,0.046758662809156665,0.0428647740142774,0.039784910473884647,0.04572873631556291,0.04758260400403168,0.02806853829788706,0.03666538317193783,0.046346692211719165,0.04511078041940666,0.014537962194974767,0.002774489302131759,0.02275754226294782,0.04778858930275043,-0.2654891584263456,0.02152410945573243,0.04119705974375037,-0.03532806252630022,-0.05927193687961799,0.019265708125117544,0.033826210721623604,-0.045778775088819744
superiortemporal-rh,0.01067115985546336,0.0398724791900733,0.03501570234420019,0.04259711821904632,-0.08722506051940002,0.0,0.040958767518313774,0.016861118587660713,-0.03371725453258735,0.002308624466785074,0.008368240153547729,0.011030560042238123,0.009948315597955743,0.009175283852039747,0.04587381962051142,-0.047508848559421266,0.033064095061143155,-0.05842690197296838,-0.04894240542256225,-0.01311727637682331,0.050584077885117505,0.0192182696619428,0.040904536145947315,0.033365219991593385,0.011022472274321958,0.04423546891977887,0.031012112801269386,-0.08517712214348433,0.04444026275737044,0.011644941555012831,0.0,0.049560108697159655,0.013688836046970434,0.04484985043255357,0.04259711821904632,0.003386825027109371,0.0,-0.06816471896846311,0.04259711821904632,0.04382588124459574,-0.09634849600212003,-0.03468699234817874,0.04444026275737044,0.035838921578524544,0.015327186747702984,0.004511169191883961,-0.05463048927067588,0.005898582450574646,-0.011938700839682261,-0.08425352793234323,-0.00558200410642746,-0.024447300468600303,0.04116356135590534,0.0021661497694761265,0.03377885155073461,0.03229106331522717,0.025478635302338938,0.02662319888690395,0.04546423194532829,0.05017449020993437,0.01025348441236405,-0.37567732519155184,0.014512055281294796,0.01523085565484433,-0.0006184253967327911,-0.031004747155488586,-0.0668800636896359,-0.007483423901076111
supramarginal-lh,0.03050412875984776,0.0461601938982432,-0.08853375367309765,0.03007319856318334,0.03708112616464576,-0.05301465329479546,0.036362021386528366,-0.015470281607653825,0.05248671793505825,0.0233696032060896,0.03233556729927696,-0.07878405415013001,0.05084650799958768,0.0340673373246033,-0.030353383091546116,0.044988615372907076,0.04481893031950274,0.0,-0.11359748487662204,-0.011513844059703888,0.03779484505512459,0.04686314101344487,0.01035564147509653,0.021740165045896175,-0.025465068610965844,0.04241114261716761,0.03850856394560342,0.0461601938982432,-0.010369194972560638,-0.026461576195259073,-0.06975612275630982,0.03057414529914923,0.04218759868737753,-0.04520955513724552,0.04248115915646908,0.046394509603310416,-0.05999026557042645,0.0,-0.006385827986417825,0.042645458322234826,0.011282132520088287,-0.009709334958467564,0.041985598308141754,0.0358772323134782,0.04057431819009983,0.04709745671851209,0.0442856682577054,0.04709745671851209,-0.09870361161745259,0.03175110971212393,-0.021290473020864405,0.0233696032060896,-0.014118246253636226,-0.01974182317524961,-0.1956753940240004,-0.0354760132771936,0.03031828604352771,0.026946306082730794,-0.0652152868067853,0.026628479526476442,0.045925878193175965,0.027331426641678116,-0.379371035114771,0.03819345992595757,0.003078419491705365,0.04196944064522602,-0.04687669451090898,0.0461601938982432
supramarginal-rh,-0.010275438931384556,0.049459751179710895,0.041571773620877696,0.049459751179710895,0.02353098517086188,-0.12743170314049998,0.04178496220354886,-0.07862641824534304,0.03901351062882368,0.004394452734409298,0.04007945354217952,0.035369823115768695,0.026153431380182418,-0.16135501688861725,0.007929255420576363,-0.08784280998092933,0.037734379132796675,-0.17927891569276222,0.049672939762382066,0.011052581477941562,0.036510268711826846,0.045195979526287546,-0.004410462372375106,-0.07784816659736069,0.03418009483898447,0.04626192243964338,0.04327728228224703,0.014389096117977923,0.008782009751261035,0.04188926595933211,0.004263771653423353,0.04604873385697222,-0.023640979099175136,0.0024757554903687895,0.03837394488081018,-0.1307613220629788,-0.09307511650948283,0.0,0.038889725265395296,-0.023348706762696986,-0.0013318379246313,0.04732786535299922,0.042211339368891196,-0.10280039291209667,-0.02206957526666998,0.04455641377827404,0.04668829960498572,-0.003146231412888559,0.04327728228224703,0.0434904708649182,0.03922211814039018,0.04668829960498572,0.04146288879398977,0.044982790943616374,0.04562235669162988,0.04970274083546299,-0.028544316500611993,-0.08039726744720536,-0.014162116100191639,0.04647511102231455,-0.033754826775067484,0.024750514520727032,0.03602887047142733,-0.28985724401357776,-0.02671159872793604,0.047967431101012724,0.04294030833614749,0.00953046032616246
temporalpole-lh,-0.06579805150481619,0.01618484056092653,0.023851343984523307,0.02129584284332438,0.023851343984523307,0.01088047331032836,-0.060687049222418334,0.002741157207012523,0.030666013694387113,-0.07005722007348106,0.10523872334089161,0.048824333266314926,0.00529473112261477,-0.07971454753844925,-0.007672285100386822,-0.009565463044859732,0.029814179980654137,-0.09666128461859698,0.019875477578570527,-0.028499169715185506,-0.005968617672920871,0.020444009129591406,-0.009377879753449453,-0.00435874189116006,0.020444009129591406,0.022147676557057357,-0.03162512963300199,0.0021726256559916456,-0.00454825240816702,0.033772701356236785,0.01011279511431712,0.01959217541585843,0.02725867883945521,0.028110512553188187,0.03407334854931902,-0.022346823202047724,0.008991149817048811,-0.003696418694434045,-0.019980832577855753,0.028962346266921162,-0.05481800487199264,-0.00758234790587504,-0.04355272885086032,-0.036452829752687745,-0.021020249582999008,-0.008430327168414657,0.02129584284332438,0.007283627938389498,0.01788850798839248,0.025555011411989258,0.016751444886350726,0.007568857326698275,0.08234071361819313,0.027905584231407772,0.008799712074445168,-0.03474723509962511,-0.06419203017424875,0.10770043283638542,0.025555011411989258,0.02129584284332438,-0.09287300150405448,0.009084941462753949,0.01637242385233681,-0.021684500005321704,-0.0676976535346114,0.02725867883945521,-0.029540513945925446,-0.014107933776236703
temporalpole-rh,-0.01877523893299622,-0.030439558452215052,0.0392418458248285,0.041801585322461504,0.002945358626159157,-0.018554191336111674,0.007025164602180001,0.03831491679332265,-0.06933637298410353,0.02187392938248083,0.022814387692515394,0.03259328083215551,-0.009954843141428952,-0.041966295615934165,-0.024794588402710642,0.03478315066908809,0.04081151965782164,-0.0576156467805573,0.050229562655780484,-0.05936127061533928,0.03539432715400837,-0.08649004115928877,0.04512812269855278,0.023657851482636404,0.027942886206800528,0.01250549373912728,0.033605895294343234,0.025601904735839533,-0.03827439833865203,0.039045636595704356,-0.004097845014059133,0.01838726085334198,0.04748263344804249,0.046305378073297626,0.04140014734519407,-0.09411965229758248,0.0,-0.05663911039444616,-0.013856478926363954,0.03183550247271638,0.04728642421891834,0.04296982117818721,0.02833079490553925,0.038064590450083646,-0.0245983791735865,0.023863080230779685,-0.02108014232788065,0.0021650314691721525,-0.04003126188175017,0.04415609607195121,0.02111164126353212,0.03187158054879295,0.01835118277726541,0.03669112584621465,0.045324331927676924,0.04885609805191148,0.04296982117818721,0.0249185720987661,0.018182032105198698,-0.014221838827554806,0.0015718940222901583,-0.030453087730743775,0.03631223666649508,0.04257740271993893,0.0062786953319725605,-0.5813842504099843,0.046305378073297626,-0.07284108055128068
transversetemporal-lh,-0.009654444202240015,0.05012954586973982,0.027213702766739702,0.04540421982464139,0.04355517919829853,-0.020558150619769025,0.02227961407027999,0.05033499482822236,0.040062546904095345,-0.029564767864213297,0.03739171044382233,-0.05844525814896457,0.04150068961347313,0.013811471918632702,0.031047645427454203,0.04910230107732712,0.016318280581407576,-0.030837225929653538,-0.2656769834002727,-0.04241361200156894,0.0495131989942922,0.0495131989942922,0.025155899489035547,0.04971864795277474,-0.039192702523423294,0.045815117741606466,0.0018225310833128562,0.04560966878312393,0.04560966878312393,-0.013286251597350729,-0.013705433746512685,0.0505404437867049,-0.02274684476618383,-0.0202781435715146,0.03430666237370547,-0.00852613177702542,0.0,0.0,-0.02747217081128226,0.04417152607374616,-0.11087119318367858,-0.0022201742287629314,0.02577224636448317,0.029135644636415083,-0.08075469545515332,0.0484859542018795,-0.10943305047430082,0.04417152607374616,-0.008560925552252305,0.04458242399071123,0.046431464617054094,0.04694343016682107,0.04293883232285091,-0.0031082439202681105,-0.09055328529761898,0.04930775003580966,-0.024115399925107844,0.026708364602730232,0.044787872949193765,0.04971864795277474,0.028272427641500536,-0.05104909564359312,-0.08191448796271605,0.03992337180318782,-0.033170065716294,0.048075056284914416,-0.37453345131367083,0.047458709409466796
transversetemporal-rh,-0.011648988421844407,-0.060625964986976866,-0.01756639207898676,-0.038483003584743,0.011793438124814044,-0.0062289396808300765,0.02974876222765718,0.03385633233749291,0.018467302068560554,-0.0026618744695172903,-0.05416377567908986,0.0384742708502107,-0.01956382531165794,-0.010902870432607924,-0.0007634122282122202,0.009716828099049975,0.008446609053804177,-0.027140380037902475,0.047189437175396545,-0.1104471401362498,-0.0827138245466128,-0.028625835304856233,0.03361452120599253,0.045058615703496646,-0.08752364349691684,-0.09682746462161551,0.013553340978206563,-0.02968348931778043,0.030401080374211385,0.004407873439693662,-0.002012056282260564,-0.05864832595257893,0.0454889169168237,0.04357583162592924,0.038528482296346526,-0.03341586005688707,-0.0053390911549972084,0.0,0.041237616270391575,-0.11435248751113161,0.02682189207260669,-0.030083654035466582,0.03469714056587379,0.034222970203778576,0.00811527883184324,0.03666443730290407,0.04483142762158565,0.04357583162592924,0.03548801810034054,0.02753876396266439,0.04612661201378851,0.043936407947068955,-0.059547626379317334,0.036348620526994634,0.021967313577072364,0.04846482736932618,0.042300441431999604,-0.012602500294718658,0.04287875393414476,0.05080304272486385,-0.019005307007786007,0.022520660732260462,0.042300441431999604,0.019011197322843093,-0.007682477659218711,-0.0035319287970769285,0.047827132272361364,-0.2182083308524874
