,bankssts-lh,bankssts-rh,caudalanteriorcingulate-lh,caudalanteriorcingulate-rh,caudalmiddlefrontal-lh,caudalmiddlefrontal-rh,cuneus-lh,cuneus-rh,entorhinal-lh,entorhinal-rh,frontalpole-lh,frontalpole-rh,fusiform-lh,fusiform-rh,inferiorparietal-lh,inferiorparietal-rh,inferiortemporal-lh,inferiortemporal-rh,insula-lh,insula-rh,isthmuscingulate-lh,isthmuscingulate-rh,lateraloccipital-lh,lateraloccipital-rh,lateralorbitofrontal-lh,lateralorbitofrontal-rh,lingual-lh,lingual-rh,medialorbitofrontal-lh,medialorbitofrontal-rh,middletemporal-lh,middletemporal-rh,paracentral-lh,paracentral-rh,parahippocampal-lh,parahippocampal-rh,parsopercularis-lh,parsopercularis-rh,parsorbitalis-lh,parsorbitalis-rh,parstriangularis-lh,parstriangularis-rh,pericalcarine-lh,pericalcarine-rh,postcentral-lh,postcentral-rh,posteriorcingulate-lh,posteriorcingulate-rh,precentral-lh,precentral-rh,precuneus-lh,precuneus-rh,rostralanteriorcingulate-lh,rostralanteriorcingulate-rh,rostralmiddlefrontal-lh,rostralmiddlefrontal-rh,superiorfrontal-lh,superiorfrontal-rh,superiorparietal-lh,superiorparietal-rh,superiortemporal-lh,superiortemporal-rh,supramarginal-lh,supramarginal-rh,temporalpole-lh,temporalpole-rh,transversetemporal-lh,transversetemporal-rh
bankssts-lh,0.24415766908054692,0.03103448275862069,0.003601213040181956,0.0,0.04013271984174706,0.036904481800040086,0.008150113722517059,0.03582237501416085,0.010314327294275531,0.0,0.0,0.0009476876421531463,0.010632183908045977,0.0011494252873563218,0.006823351023502654,0.01751065331625317,0.018207584986884875,0.0,0.024896516866661438,0.017113278084233092,0.0062547384382107656,0.005802244821486148,0.0454881353864387,0.006065200909780136,0.003032600454890068,0.0032221379833206974,0.0003790750568612585,0.002843062926459439,0.0,0.0,0.06234455744076407,0.0,0.012521676993194078,0.009482976479917736,0.0023905693097348215,0.0,0.005355851263147804,0.005747126436781609,0.007183908045977011,0.0,0.0,0.003411675511751327,0.03494810593187106,0.0014306815508091293,0.000758150113722517,0.008339651250947688,0.010094289473913536,0.009935252237414273,0.013946258485616933,0.013628184012618406,0.009287338893100834,0.015596977856788059,0.01042456406368461,0.01042456406368461,0.003032600454890068,0.0003790750568612585,0.0032221379833206974,0.005172413793103448,0.017486253082708077,0.00603448275862069,0.01932650998230983,0.012784415222259985,0.023917893214120765,0.010919540229885057,0.012839533606964524,0.000758150113722517,0.047646248899810895,0.008743126541354038
bankssts-rh,0.024807321772639692,0.21065398822640224,0.011230692257741726,0.023559171377170292,0.01083815028901734,0.012194083394543268,0.006906077348066298,0.013788202982786702,0.0,0.016001075165799083,0.003371868978805395,0.015480790725896592,0.004094412331406551,0.013564653658225019,0.009088344564025592,0.01127327308146776,0.0016114180478821363,0.025245105866572987,0.010597302504816955,0.0038216289294116393,0.01289134438305709,0.002093113616282907,0.011078998073217727,0.020018309754202195,0.0050578034682080926,0.005539499036608863,0.0031310211946050095,0.009357136013796187,0.009152215799614644,0.0009208103130755065,0.004164936820702797,0.0248765156111945,0.009463588073111274,0.010115606936416185,0.0,0.0157602273815987,0.014468165511661822,0.0072254335260115606,0.01891653094029104,0.0004816955684007707,0.02907738000191614,0.016135470890684383,0.0,0.00836180925920012,0.003453038674033149,0.021788075240315525,0.01811281789246213,0.008188824662813102,0.0050578034682080926,0.01348747591522158,0.0075474510054397,0.004143646408839779,0.02123585518261851,0.00953411256240752,0.001445086705202312,0.04073654179840109,0.011786904267663057,0.007649911112530472,0.023669615388709694,0.01500974036342733,0.005780346820809248,0.029028145924482912,0.02023121387283237,0.008670520231213872,0.006984585741811176,0.011279926335174955,0.013671105717540107,0.02509208103130755
caudalanteriorcingulate-lh,0.0037362637362637363,0.010113748086568019,0.15011968024425557,0.07536739968223546,0.012195147246109874,0.005054945054945055,0.013666405319859454,0.005568138920347301,0.0013212533031332577,0.0065959785778585325,0.016610041525103814,0.01953438784695863,0.0,0.018911386838906658,0.0,0.007172517931294828,0.0011325028312570782,0.011498346877735327,0.0029256323140807853,0.010120178047697867,0.021539747530687506,0.003772437453071655,0.00021978021978021978,0.005379388448471121,0.017111661460472334,0.031717961163034776,0.0013186813186813187,0.019420722727630995,0.015065150025512427,0.015949414873537182,0.0010381275953189883,0.001887504718761797,0.01074077300577867,0.011564264350221315,0.0008493771234428086,0.01893855861013279,0.014092939902679427,0.014262400491166064,0.012700625158156302,0.011851248034713494,0.0057866331479015515,0.01327459252714066,0.0,0.0013212533031332577,0.016816961822624335,0.011215221169921057,0.02861274625714037,0.011089816186078927,0.016607469540651874,0.004964427795684874,0.01882987152522826,0.008588146470366176,0.03825059425285926,0.050586744324003674,0.008682521706304265,0.02309621296031262,0.037515048183224854,0.019076823516234617,0.004898510323198885,0.007945689644443891,0.001226878067195168,0.012664451441348385,0.01120879120879121,9.437523593808984e-05,0.009745249088397447,0.02797012349673731,0.00047187617969044924,0.008394252029586118
caudalanteriorcingulate-rh,0.0,0.020080071350028025,0.07133942681342981,0.1418079661035863,0.008085807164360009,0.0,0.014463102198271014,0.008338261967568013,0.0012732615083251714,0.005655382454863296,0.021470675842367254,0.026422300832388383,0.0,0.011838894177573327,0.0,0.007933398628795298,0.004242802977953769,0.006132007852623392,0.0033300685602350635,0.0049153147616100455,0.021910604732690624,0.006271325821207749,0.0,0.0038894435092676925,0.017624710183431033,0.023318505941400614,0.0035854848359730494,0.019486489247279522,0.017841713156062734,0.012928501469147894,0.0009794319294809011,0.008686556889028904,0.008779435534751807,0.018329326046107982,0.001757912925840436,0.010942211799364958,0.015859629635670208,0.0056807051909892265,0.009116742963927548,0.010096174893408449,0.018674659495038888,0.01834451968778354,0.0008764241893076249,0.0032219962728366014,0.015947443734167926,0.0030362389813907934,0.023559586973297818,0.014249060698169294,0.020893145779129086,0.002742409402546523,0.025912326678747183,0.010361720263596807,0.03947578502627985,0.03518950419799461,0.010712118259752903,0.029201878861180763,0.042094928499752354,0.028637439364922947,0.01385518485168173,0.007580897557944,0.002742409402546523,0.008616897904736725,0.0043821209465381246,0.0005876591576885406,0.00847757993615237,0.023259834449393585,0.003286590709903593,0.009665988818509805
caudalmiddlefrontal-lh,0.03724028898549862,0.007003171247357294,0.013078138492689753,0.007838322216597682,0.19345353303754875,0.02750880281690141,0.0019806338028169014,0.013341943840633653,0.007266976595301194,0.010083226632522407,0.02307482580472263,0.013917942113569365,0.007133910758419439,0.003963128666289492,0.004227399279397314,0.005813953488372093,0.004093402912187714,0.002993050799511658,0.010656433314474585,0.005725087842062949,0.003961267605633803,0.0028609154929577466,0.0010570824524312897,0.002730641247059524,0.02083317824494536,0.02257978367030938,0.0028609154929577466,0.006296433463359438,0.020745243128964058,0.014006342494714588,0.008851669743620283,0.002464974838459935,0.029105592859482478,0.03583286186463389,0.0006602112676056338,0.0,0.011711189441086263,0.01650667748563261,0.018366807610993657,0.018134175029032546,0.007531712473572939,0.009640759461632373,0.012326269987791443,0.004137603102760325,0.011005847452580174,0.014269682577494565,0.019819830717922756,0.03403135514992704,0.018883717208111245,0.01074529896078373,0.0028609154929577466,0.010036234850966264,0.012770132954173242,0.0203860584224161,0.030915939612303843,0.017524677664294434,0.02404025101986124,0.010392627966530685,0.010127892088258941,0.008058392639132893,0.009026144180091119,0.0022463002114164903,0.005546891284280737,0.01206432570050323,0.01747954694339398,0.001982029598308668,0.01901817884048477,0.003171247357293869
caudalmiddlefrontal-rh,0.04008659301283965,0.013652707275803724,0.005076142131979695,0.0,0.02686125211505922,0.24721620881855283,0.006234448093958396,0.017726684582462425,0.008183412959092267,0.0,0.004320941574599383,0.0,0.019131954812381807,0.0031725888324873096,0.001838235294117647,0.002326565143824027,0.03174268438339803,0.0,0.005499153976311337,0.020452000597193192,0.011573106399920374,0.007428212401711954,0.02359908430377227,0.00676818950930626,0.0003676470588235294,0.005922165820642978,0.011290683786204837,0.01262068279088285,0.0016820941574599382,0.0,0.027643201950831094,0.0022058823529411764,0.019066636807007067,0.002326565143824027,0.018009107196177966,0.0,0.015862944162436547,0.029098238280083608,0.005257788394545635,0.011632825719120136,0.004018612521150592,0.002326565143824027,0.01582313128297004,0.018099930327460934,0.009185577784413257,0.018003508510002986,0.0006345177664974619,0.0,0.008128048173584155,0.0,0.004054070866925451,0.004441624365482234,0.01692047377326565,0.01353637901861252,0.004044117647058824,0.0031725888324873096,0.0021150592216582064,0.0,0.021222753060615107,0.02293470687767493,0.010314024086792077,0.02670200059719319,0.019404424206230717,0.01975216482532099,0.026182566935403603,0.0038071065989847717,0.05083918085000498,0.008460236886632826
cuneus-lh,0.008111031002162941,0.0061283345349675555,0.016504190767729392,0.017405416434636386,0.0012617159336697908,0.004506128334534967,0.16236093226393356,0.023610197881258115,0.01496786768092618,0.004752426881742782,0.009798333320569388,0.010556101366143236,0.025751395190326827,0.011817817299813026,0.014284631955301394,0.0,0.01919843156647517,0.0037936267071320183,0.009372746935832732,0.007512721094314975,0.04124304045915191,0.03719176441113176,0.01072786759340199,0.005121396054628225,0.007626912813869959,0.012538797833338621,0.037219115721204815,0.04396367527211818,0.0005407354001441961,0.006069802731411229,0.007910956168978581,0.0034142640364188165,0.0005407354001441961,0.0,0.02350352777197322,0.005615907740748966,0.013157894736842105,0.009104704097116844,0.0018968133535660092,0.009294385432473445,0.004135244569944411,0.01251896813353566,0.04119394485757079,0.042276372953711734,0.0032444124008651765,0.003604902667627974,0.0001802451333813987,0.00037936267071320183,0.007919435075101226,0.005236545070035764,0.04370794052293517,0.018487844530777335,0.012463308217537003,0.010272058011034611,0.004866618601297765,0.008111031002162941,0.011715933669790915,0.013744853851009755,0.03247995422484746,0.01977499718281506,0.020782892959006947,0.007570295602018745,0.0,0.0027036770007209804,0.005852770085981578,0.0024658573596358117,0.0043060535013506075,0.011628135964456426
cuneus-rh,0.02703671461769758,0.008408415428100063,0.00832359813084112,0.010489488198754091,0.011535752985421033,0.011060526658131965,0.017777354409908137,0.16618096906811108,0.01020911991059259,0.016938790368598605,0.020552349088038505,0.021417060509657714,0.013700719117634015,0.022573135054268285,0.0035046728971962616,0.007957719593645687,0.01093902911358348,0.017851176872337216,0.017010995943552702,0.011486461015826649,0.012337867763366024,0.01690072421775908,0.003370563630342935,0.023290201551029337,0.01230211145177647,0.011244158878504672,0.01669394740810166,0.040982969647603534,0.0031151878028661223,0.01445677570093458,0.00997758162417548,0.013580607476635514,0.00636379192081058,0.007081551369346622,0.004319630381371091,0.002056311293894337,0.010513094755888797,0.013580607476635514,0.010586917218317875,0.015442060731402283,0.0037357492157633777,0.011036920100997258,0.01012337867763366,0.026647922475142433,0.00557290296162045,0.00927243389794428,0.007800003769657655,0.0048184632657948655,0.011889019800311625,0.0036380892122745965,0.01477243833283564,0.020831100488725027,0.016573835767103157,0.015199065642305316,0.01235094145352086,0.008554674449408238,0.004270800379626701,0.013142523364485981,0.009868002850156847,0.017339501281683604,0.013579221573085531,0.009746274321683367,0.0017523364485981308,0.01406636667090445,0.017315432756698904,0.01525958343065456,0.013896039124611577,0.0037962670041126224
entorhinal-lh,0.004461138788573001,0.00022558087074216106,0.0018046469659372885,0.001691856530566208,0.006279235176947067,0.004627813497955803,0.01073535207817243,0.008260687211227047,0.13730547113269073,0.007599096845308091,0.010359951568225745,0.0012709992816969408,0.06049636796326796,0.007600799669178841,0.016758701891762283,0.018627363490671178,0.03983707381204657,0.006577258215749978,0.026869579392113815,0.008386927069034905,0.013952390429922044,0.041456574758816644,0.012242062589571421,0.015349716153691458,0.01892198088173259,0.004624407850214302,0.046572579202090215,0.011556892442255799,0.009886912869215508,0.003609293931874577,0.0185111674075586,0.0053735926305015355,0.010304364470343275,0.014373247678791312,0.05601505504103979,0.0033113574773362803,0.009703383089654427,0.0028197608842770133,0.005639521768554027,0.0015790660951951275,0.003834874802616738,0.001978046386538479,0.010072058888382723,0.03710822640561472,0.019605448205177463,0.006151292495268458,0.010358248744354995,0.014868163335327466,0.005977893074667269,0.01458035723974906,0.00022558087074216106,0.024815685189773083,0.0025941800135348522,0.0037220843672456576,0.009592295478154097,0.001917437401308369,0.008762327578981589,0.013937238183614517,0.009726962871051095,0.024162522358943263,0.03244508652769623,0.0016093705878101824,0.007804503582395087,0.0027002457376875443,0.02185964067299294,0.003158132190390255,0.020273763282314807,0.0005791044231629301
entorhinal-rh,0.0,0.01842568522291701,0.009600341928382397,0.008636326377666925,0.013168048432047589,0.0,0.007503395864071758,0.024566929748549925,0.013873861214548349,0.18143203978235245,0.025819496163063928,0.012104498934401273,0.0013217522658610272,0.03318354450143251,0.00562503415380532,0.0010335917312661498,0.0,0.0213275876874556,0.012084592145015106,0.01605023927180184,0.01524547803617571,0.0012919896640826874,0.006509617711577945,0.02336461821900591,0.010772890856148075,0.01076283987915408,0.017829457364341085,0.022301459050563244,0.011816338399806397,0.015861027190332326,0.018863049095607234,0.025859309741836266,0.0039652567975830815,0.01614938288952903,0.0,0.020155038759689922,0.012273413897280967,0.022867729142759002,0.012273413897280967,0.013972809667673716,0.010574018126888218,0.007821319000444974,0.004342900302114804,0.019031378564681452,0.013734708853446997,0.011150729525281622,0.019518802157739837,0.007423768706527085,0.0039652567975830815,0.0021864290342474843,0.0069369306072741745,0.007930513595166163,0.01655678899583909,0.01901147177529528,0.030202014879349245,0.009629909365558912,0.011706948640483383,0.0056646525679758305,0.01269106614518685,0.03225934252948937,0.015762273901808784,0.0007552870090634441,0.013476115756028636,0.0065393803133562845,0.007235142118863049,0.004651162790697674,0.0,0.01134960225454148
frontalpole-lh,0.0,0.0010362694300518134,0.012953367875647668,0.016064175974768724,0.014377837064511996,0.0017180464076721092,0.00713855492225348,0.01594984479114232,0.011700040232998794,0.014868763852295162,0.15282211199298593,0.05265628572849489,0.0019552079630287948,0.0031390159308466057,0.004487466065741614,0.0031088082901554403,0.0,0.0048263547455861455,0.009892370807735997,0.005107327905255366,0.009420547458229648,0.00835407038748667,0.011108886177451996,0.0030347890451517395,0.0362160141018108,0.018726868985936344,0.010309278350515464,0.011743351885069926,0.055915132317623344,0.04110028436757225,0.011375755421258443,0.010930140094512023,0.0053157816766451,0.009270509159256628,0.0028439388553146107,0.0,0.008808290155440414,0.006809770540340488,0.024072358351031206,0.00658821275757079,0.006485985680841541,0.008705063174228356,0.00835307048300386,0.01473782899159896,0.01282393287167568,0.011226717026768232,0.007820831852115179,0.004872666111105702,0.014878868150226703,0.001066477070742979,0.017474041295528875,0.01285364056012544,0.0313267443136353,0.03360673704064585,0.04167072987501457,0.00458919319022946,0.027064335696353217,0.020033007373243032,0.006160201012376975,0.005524735400276237,0.019729825808745112,0.002636484988407686,0.004443654461429079,0.010590251510184686,0.014511271686415219,0.014213694849676202,0.012131051691641036,0.004723127764374087
frontalpole-rh,0.0007022471910112359,0.01015736605763305,0.016814311848520325,0.023203183079142584,0.007386452931007387,0.0,0.004942217737022498,0.014657906400591905,0.0018007017395158457,0.00494883958700846,0.06091616384752439,0.17895913788810663,0.0023408239700374533,0.012369174317110685,0.006244956357594027,0.0012572685840012573,0.0,0.009877813624059036,0.0031365496100171815,0.009080432521582816,0.00749063670411985,0.0032771535580524347,0.006554307116104869,0.005186232909005186,0.021294986641521296,0.029664894659610423,0.002106741573033708,0.009866225386583601,0.031763358920161675,0.05890455618595568,0.0,0.009882780011548506,0.004213483146067416,0.008140792008574853,0.0025749063670411983,0.0053838951310861425,0.03142498238587904,0.004861982988025929,0.014440378628553064,0.02632317806419486,0.005236669333064927,0.02520651342822886,0.0,0.014834047610218486,0.00799853259804311,0.006500559767052147,0.0018726591760299626,0.0012572685840012573,0.015851494860561498,0.0016385767790262173,0.0137836014741121,0.0029074336005029074,0.03491646315514377,0.035628643121133945,0.01272984441301273,0.012295561418100077,0.038749410655351244,0.028239651814298605,0.015763755348247505,0.0,0.0,0.007968734273106284,0.00858743579012797,0.0016385767790262173,0.022852445758219483,0.020693612298629545,0.0008643721515008643,0.009833116136653794
fusiform-lh,0.0034833347505954255,0.0022816166883963492,0.0,0.0,0.005287564481669192,0.007595548254569118,0.01696565388015812,0.009436010816864798,0.05793612184407533,0.0009778357235984355,0.0017285088730122147,0.0009218713989398478,0.12134425256151343,0.006676982131179576,0.008500918315723726,0.006025066608814329,0.05670475646178866,0.0006914035492048859,0.021400557429713564,0.006950218243338193,0.02656953263103239,0.05657635151465253,0.005287589521635483,0.009031039442053461,0.008836779383574123,0.0,0.0673260090430336,0.02371507663381523,0.00921871398939848,0.0,0.009669708822251195,0.0,0.007858918620009397,0.011417974228666375,0.07959018389251084,0.0032265498962894676,0.0061633623426350795,0.004454584963059539,0.003259452411994785,0.0034800545150114096,0.0024989135158626683,0.0008066374740723669,0.026879051654345502,0.04950431383531254,0.016053723347835478,0.007496740547588005,0.011454207059888288,0.010367697882590402,0.003509676795132711,0.015477528683531784,0.010028581619122281,0.0268494293742242,0.000576169624337405,0.0,0.0023474717997395643,0.0003259452411994785,0.0044941230698317585,0.004494098029865468,0.014874991974690804,0.02821904041039904,0.027237899411250294,0.004849690591152539,0.0028808481216870247,0.0021565170168105314,0.019918967664288974,0.0013828070984097719,0.03472482429205255,0.0
fusiform-rh,0.00040016006402561027,0.009379079551870718,0.02208641107910997,0.01755799134144601,0.006051140006283587,0.0023422860712054966,0.01230236004457998,0.032202949887012895,0.009188622357125236,0.026195425078213673,0.007251620198360419,0.02180359964098069,0.009525296689569019,0.18111741886011118,0.004601840736294518,0.0010930668332292317,0.011867582760774516,0.04935503245645541,0.009964572962226739,0.028015391040863567,0.01525419661930981,0.012960649594003748,0.004367455914283265,0.021432620518538458,0.00786629455029982,0.013405362144857944,0.023422860712054967,0.039585415677826405,0.0022008803521408565,0.008803521408563426,0.002966895690193629,0.023814022798376064,0.0018738288569643974,0.0029816423758760218,0.011867582760774516,0.05766960125711746,0.0008003201280512205,0.014488493711038445,0.004601840736294518,0.020749649016383567,0.007998077432097135,0.021125439557459463,0.008451787960655842,0.02872785591438324,0.004840724547158027,0.00820328131252501,0.0020739088889772024,0.0026010404161664665,0.007100279212247047,0.0,0.006007212379017816,0.008588382261086821,0.01020408163265306,0.01756761417871333,0.005470458014561227,0.0026010404161664665,0.0,0.008949738546261727,0.0056118637336258674,0.019050905808919445,0.0028107432854465957,0.01896786197302156,0.005153029356652092,0.001561524047470331,0.012116714268468162,0.023462289350468485,0.005933791380387258,0.0014053716427232979
inferiorparietal-lh,0.009701492537313432,0.008024078296427888,0.0,0.0,0.007378990707195046,0.0014058106841611997,0.017303361356292575,0.006560449859418931,0.03206134277068267,0.006250845118363198,0.010144217991579125,0.008854042813113439,0.01739614952416922,0.005154639175257732,0.22833046575930097,0.007711442786069652,0.01218369259606373,0.008208955223880597,0.024482321289522397,0.015463917525773196,0.018266446586188083,0.0235283283675344,0.057845262907580186,0.006716417910447761,0.012180661826761228,0.0007462686567164179,0.01780693533270853,0.0072633552014995315,0.0030459231490159327,0.01798575072155623,0.005970149253731343,0.0101700960987005,0.0,0.0009372071227741331,0.02225260762728065,0.0,0.024846713014123386,0.007966260543580132,0.01218369259606373,0.0029850746268656717,0.020314314090279624,0.00472636815920398,0.025587619540535372,0.019681349578256794,0.007213930348258706,0.017685238288408008,0.0,0.0,0.0060599066523054825,0.0021665337790895568,0.033321909664423895,0.022865755570787114,0.0024875621890547263,0.0,0.004451733833177133,0.0009661159991980118,0.014766374313997025,0.003514526710402999,0.02718973082105872,0.005154639175257732,0.019033231219721447,0.004217432052483599,0.03363757594408464,0.02830948351028363,0.0007173597802925392,0.0,0.012652296157450796,0.003965645064275622
inferiorparietal-rh,0.02070136911093573,0.01049165608665317,0.013126079447322971,0.013989637305699482,0.008635578583765112,0.0030353200883002206,0.0,0.012452961831886445,0.0357172677258118,0.0016556291390728477,0.0058721934369602765,0.002072538860103627,0.01139095723386977,0.0008278145695364238,0.008554083885209713,0.1672708712212195,0.0031762916194855253,0.0,0.03161393816696977,0.019591611479028697,0.006070640176600441,0.007589301032838074,0.009657836644591612,0.03908199796406227,0.022442496196914068,0.010189982728842832,0.006622516556291391,0.0022452504317789293,0.00466321243523316,0.00852834871724485,0.014118599091834518,0.013767171075958777,0.03748012673140491,0.041069324823571125,0.007349106131832687,0.0028646101407999633,0.0229706390328152,0.005526770293609672,0.0058721934369602765,0.0,0.02072538860103627,0.004835924006908463,0.002932093470130049,0.0030353200883002206,0.023488773747841106,0.014188084045339647,0.02274216793054936,0.01881555319173272,0.00535405872193437,0.020780862185316086,0.005526770293609672,0.032209564332200985,0.01735436754394995,0.004490500863557859,0.00846286701208981,0.012464971576936714,0.01574448981459241,0.011226252158894647,0.015150865273536242,0.01570274165322719,0.0032815198618307427,0.0058721934369602765,0.014281302542634594,0.018847293232222718,0.00932642487046632,0.02089810017271157,0.0,0.013975625936474168
inferiortemporal-lh,0.008046191442594691,0.0007333528894103843,0.0017487612940833576,0.0038021493844324337,0.002053388090349076,0.014914315911923784,0.016374438400451975,0.010101460473027362,0.051867735029234516,0.0,0.0,0.0,0.080373510242018,0.011880316808448225,0.00816088603905567,0.0029221259171399727,0.13364027995570216,0.0068935171604576125,0.00850313163699327,0.009186639614188408,0.02644862524226722,0.04822636327331111,0.003943177142063728,0.009386916984452919,0.00921203230531693,0.002483995123577336,0.06050060878335751,0.02254494784195897,0.0048401290701085365,0.0,0.0020402215097639173,0.0,0.0022000586682311527,0.00175440411433414,0.09310093406629578,0.008944083840681297,0.007762254987248508,0.00743223549985427,0.002914602156805596,0.0068935171604576125,0.0011733646230566149,0.0004371903235208394,0.017691652191265273,0.05843499458246507,0.010695666544890046,0.0034975225881667153,0.004692518022184662,0.0029202449770563783,0.011396102982837532,0.008066881783514227,0.0061206645292917515,0.023532142145378028,0.0005866823115283074,0.002933411557641537,0.0,0.0008800234672924611,0.0017487612940833576,0.004235577827786084,0.008034905802093128,0.02482020136489562,0.012976562888077482,0.01638102169074455,0.000728650539201399,0.0005857418414865103,0.03645231957958595,0.0038021493844324337,0.04534373709792661,0.0
inferiortemporal-rh,0.0,0.023324139123260895,0.017602647521713942,0.011192445970822147,0.003549455750118315,0.0,0.003616636528028933,0.025913166491083786,0.011089856216019149,0.01895524904385065,0.014240506329113924,0.021848087572925376,0.001893043066729768,0.06996546394531741,0.006389020350212968,0.0,0.010648367250354946,0.22691324009040736,0.002034358047016275,0.04238529417050567,0.010493145421137898,0.0002260397830018083,0.009938476100331283,0.016733897366599085,0.008674236556784017,0.008815551537070525,0.013487931850449598,0.019993769731679118,0.007660534245508516,0.015822784810126583,0.00473260766682442,0.027739028779902933,0.0,0.005626176198492241,0.010175106483672503,0.06111118718276338,0.009380490530933538,0.02305937411477558,0.010288286838814914,0.007911392405063292,0.003743723732101885,0.013353891221911374,0.0061030741410488245,0.003733133131762473,0.0020767204483739254,0.0,0.000678119349005425,0.004012125916461344,0.013074898437212504,0.0,0.0076853526220614825,0.0011301989150090416,0.012280282484473538,0.0201139035112868,0.004972875226039783,0.012884267631103074,0.0,0.013442253200500819,0.0,0.013812924212380262,0.000473260766682442,0.03755041767616127,0.008949592165608748,0.0004520795660036166,0.010867453608891483,0.025178456964507153,0.0,0.0
insula-lh,0.01655379984951091,0.005392525708552797,0.003887634813142714,0.004263857536995234,0.009380486581389517,0.003975420115374969,0.005981941309255079,0.013243039879608728,0.02327564584900928,0.007524454477050414,0.010860295961876099,0.003059944820667168,0.01943817406571357,0.005981941309255078,0.011725608226736895,0.017168296965136692,0.005216955104088287,0.0006270378730875344,0.12824178580386256,0.006170052671181339,0.017055430147980936,0.03071231502382744,0.02167042889390519,0.00925507900677201,0.02495610734888387,0.00802608477552044,0.019576122397792828,0.012214697767745173,0.0060571858540255825,0.010797592174567343,0.01852269877100577,0.0046902432906947575,0.0074492099322799096,0.018497617256082267,0.01980185603210434,0.0030474040632054175,0.03147730122899423,0.011286681715575621,0.013355906696764485,0.007399046902432907,0.01780787559568598,0.00800100326059694,0.040782543265613244,0.01674191121143717,0.013669425633308252,0.01255329821921244,0.009317782794080763,0.009944820667168296,0.01270378730875345,0.016491096062202157,0.01600200652119388,0.03322046651617758,0.011311763230499122,0.007399046902432907,0.020466516177577124,0.014459493353398545,0.005944319036869827,0.022422874341610236,0.015237020316027089,0.00782543265613243,0.03154000501630298,0.002746425884123401,0.007762728868823676,0.014083270629546025,0.01037120642086782,0.009907198394783046,0.0028216704288939053,0.010647103085026336
insula-rh,0.014684696091381328,0.0026840160893085684,0.01447766454730243,0.007688826456235927,0.006767450534860006,0.01058250170367162,0.008289755678335065,0.012803202218244,0.01093502973725815,0.011985953141942,0.009367321867321867,0.012009968312196726,0.009894800110677547,0.030094430338162927,0.00998157248157248,0.013330680461599681,0.01016318338741737,0.03330995775285469,0.008153547498951398,0.21040839477469003,0.011133995117282025,0.008473994198228182,0.011923195941301791,0.03217085650929662,0.01977627882920362,0.01902985311759685,0.011605376856073234,0.01349756450731381,0.009081584116403058,0.012403865990216966,0.009972284171448517,0.001074938574938575,0.02518305303820624,0.01624171018321436,0.006756756756756757,0.020279741902304575,0.002956432448075902,0.010850884980411443,0.023483170070913804,0.004760442260442261,0.00716275368085953,0.03230969230272852,0.00738170114911062,0.015014431100782075,0.0,0.012512025917318396,0.01048906863670095,0.005396080430899373,0.002457002457002457,0.005867462169690582,0.004377238360525269,0.0019963144963144963,0.021947543535287266,0.018104444114193416,0.008393882523408986,0.0019896538002387586,0.004453316953316954,0.009392742505555876,0.013748593309874647,0.01978697260730687,0.007734229182697149,0.021604303811824703,0.011298251548947928,0.010537098977210398,0.0009213759213759214,0.0025585016880281504,0.01000296003777898,0.014293426027409314
isthmuscingulate-lh,0.005457601912338965,0.007311320754716981,0.012589868982883836,0.012028301886792454,0.0021226415094339622,0.005057069085069888,0.03269588701142294,0.00919811320754717,0.021191060545235573,0.008018867924528302,0.005778301886792452,0.004363207547169811,0.03951384073573957,0.010679354768074157,0.011741359804386701,0.003066037735849057,0.02636103609357323,0.009076539177402285,0.01950065691033174,0.010062360862742235,0.14341219298565744,0.048848582168533994,0.010467911755045436,0.005910596328601146,0.01647704463340754,0.004481132075471698,0.04511308893835991,0.02918620670778439,0.0010613207547169811,0.0,0.015661609065362576,0.0,0.0008254716981132076,0.005840115324258238,0.03492345169884311,0.024270783912995877,0.0037735849056603774,0.0036750483558994195,0.005609284332688588,0.0032644793985620963,0.00433515200175176,0.0022549359512426554,0.04246560344512974,0.0435362760483194,0.0025943396226415093,0.00710421152512682,0.0037735849056603774,0.005547470895222803,0.0,0.005306603773584905,0.038101711616364366,0.027290062406481512,0.004834905660377358,0.004952830188679245,0.007754963322506478,0.01025943396226415,0.005542452830188679,0.009514479398562096,0.033718431809058064,0.008562415605269881,0.029733403890368965,0.006750437940221159,0.0011792452830188679,0.0020047169811320755,0.007241524031969636,0.005306603773584905,0.014643398051166016,0.007075471698113208
isthmuscingulate-rh,0.003994058623944193,0.0008120080162438762,0.003648307530463461,0.0047171710123769545,0.0013257189475831123,0.002313324858530801,0.02391470437417065,0.011421578625331429,0.03855156947617793,0.0007138486640832143,0.005200897409749133,0.0012237405669997961,0.05551484218948822,0.007648378543748726,0.012368800891134157,0.0037164823486570643,0.033802220568915506,0.0,0.030747823566667023,0.006888701538593656,0.036285698626223224,0.11891476527219144,0.008158270446665308,0.005098919029165817,0.01482993247132013,0.0,0.062311396765262275,0.041883052473037655,0.0049969406485825,0.0,0.012839444535734133,0.006607306234883873,0.003100793036734512,0.007589467449904669,0.04874883984109539,0.012012160405799638,0.0017336324699163777,0.006705465587044534,0.005897276599223312,0.005659516275666968,0.0038751784621660207,0.0013257189475831123,0.03903911490197276,0.057939976846366065,0.005506832551499082,0.005782215465867794,0.004487048745665919,0.004060040081219381,0.0066509412150373105,0.01054903384773926,0.018814159677500594,0.048145175307854976,0.0,0.001835610850499694,0.006535880081681792,0.0025494595145829084,0.005098919029165817,0.007585648421482014,0.018068700811946087,0.021391410365132146,0.045997616926264265,0.006156325425811348,0.001835610850499694,0.0026514378951662245,0.007217550850879532,0.00010197838058331633,0.01347366129635578,0.0014276973281664286
lateraloccipital-lh,0.046194746650950164,0.013432835820895522,0.0005336179295624333,0.0,0.0029850746268656717,0.021367548596399007,0.013630991255037512,0.0047576418866181365,0.020682499986725923,0.0040338329696236,0.014070416328177682,0.004980434009249377,0.007953190291870423,0.006777637957491093,0.05414974221740816,0.006047669868374244,0.008352049783101568,0.007826396300249021,0.03290643898968339,0.01636863707078269,0.015180766392158738,0.013162575595873355,0.2634566760647138,0.012036296638472525,0.00677147878536878,0.0011940298507462687,0.0062255425115617215,0.0032017075773745998,0.009572521596924661,0.012348927719991291,0.026767124887834042,0.003925516494369136,0.0008955223880597015,0.0,0.019647865262800192,0.006415733498993825,0.006581287797936678,0.0,0.0023880597014925373,0.0,0.0064034151547491995,0.0143301634835428,0.031571491528483514,0.008448047914111407,0.008529922426289046,0.01949282403351439,0.0,0.0,0.0039950726623021494,0.0057104020983662265,0.016051652091729186,0.011205976520811099,0.0038682786706807477,0.0025597731725577025,0.00626865671641791,0.002312344361437211,0.016534191369725545,0.004808720538184212,0.0160578112638515,0.013211848972851856,0.015297047314123088,0.008059701492537314,0.04390268508046746,0.016102730743295265,0.0053035781604251955,0.0,0.021194029850746268,0.0019565990750622553
lateraloccipital-rh,0.006533575317604356,0.014899203323788607,0.01260178363706863,0.008468511198575116,0.0034525685260469703,0.006533575317604356,0.006010081426909655,0.030565315697286967,0.023263846128404136,0.02068634771000451,0.009305932531989143,0.014928266770065916,0.014086060171889526,0.02323956794688919,0.004174228675136116,0.02567653439866463,0.010889292196007259,0.014074167381524233,0.015063520871143375,0.034809564055342995,0.007358611259868728,0.00852994555353902,0.008827194941130687,0.19779469665995558,0.013764532602782913,0.01202016285381931,0.01689508095893891,0.016544982544339348,0.006785575804575417,0.010469174098487785,0.0009074410163339383,0.021841003948547145,0.010023300017100285,0.016738363537971427,0.012885662431941924,0.009693187120037663,0.007470079780215604,0.004380487660702209,0.015641341591199055,0.011958235898071046,0.0034482758620689655,0.02194867240570038,0.01591811286046942,0.0158599859679148,0.009965665725330025,0.0021078387562815395,0.01158667416358146,0.010741160102995787,0.012312626976648611,0.009668416337738357,0.0021326095385808454,0.019093910117246024,0.017778243793757906,0.018174576310546794,0.0038774718883288098,0.008336564559906941,0.0051850454846452815,0.007561070182241178,0.022926133104954227,0.017526243306786843,0.0,0.008724311748739822,0.010163339382940109,0.006100579228150868,0.006715063520871143,0.004537205081669692,0.013970791588349005,0.0038484084420514993
lateralorbitofrontal-lh,0.0038461538461538464,0.0015457088179007801,0.012917760878897342,0.012549734969873346,0.011335197997939054,0.0,0.005391965608364843,0.008741052852638308,0.02109830769848435,0.005400896027276125,0.0351196315829026,0.019284557632857354,0.010259352747943946,0.005805981887978061,0.00493175306954197,0.01198881715958118,0.0074805255101147924,0.0037355916569813226,0.027953137691103247,0.013157569649546685,0.01812648561507681,0.019156958160343997,0.005815221139819991,0.01035133348912239,0.12473000281037966,0.013028117179449433,0.010609003097594294,0.015099125076307469,0.04287599637224251,0.02553217061166421,0.011786891895091512,0.0005888414544383925,0.007213410761180524,0.013074416382969304,0.015320043566032084,0.0057692307692307696,0.011914903144845732,0.0069188870896511115,0.039582138750400196,0.0031650228176063593,0.020536772222330885,0.0030178124539967616,0.017436321223307828,0.011878666747649525,0.007434123362284705,0.016074573887763937,0.007407023272620211,0.005437750090333632,0.01048889282364919,0.006082027055823611,0.012761723040686679,0.01847562124317608,0.02869709048496035,0.034429673079754045,0.054083697841978425,0.0055939938171647285,0.02712386980015421,0.011556013543353453,0.014427542132532565,0.007554233636229809,0.014013525852919345,0.003661883530866307,0.0003680259090239953,0.006376344838732591,0.01753702649477712,0.012503744599284125,0.0,0.0018401295451199765
lateralorbitofrontal-rh,0.005697050938337802,0.0021899088997897687,0.03933264258244391,0.024968249256487766,0.03142900890711686,0.00804289544235925,0.011577279243092334,0.006569726699369306,0.003591450595655221,0.004977727510985946,0.021811492641906096,0.03506437510215661,0.0,0.005343377715487036,0.0010053619302949062,0.0057813594954449895,0.003397000775920537,0.00350385423966363,0.006306937631394534,0.026219726417557973,0.014745308310991957,0.0,0.00043798177995795374,0.004817799579537491,0.01655571128241065,0.1880221729156764,0.001051156271899089,0.005080588647512264,0.016753448901029738,0.02979004116324203,0.0,0.0034162578836720394,0.004493951389423809,0.007209438425163122,0.0007883672039243168,0.0,0.015130920151576924,0.004684408881941718,0.006219341275402943,0.037386265642877406,0.003941836019621584,0.039637233664806086,0.0016643307638402243,0.001401541695865452,0.03711549192046908,0.003941836019621584,0.0,0.004029432375613175,0.019804056580200687,0.003686327077747989,0.015275583302490648,0.012662957403277653,0.02870107520417231,0.03912762483772364,0.004467414155571128,0.037153301607639716,0.03985422839117668,0.036582633658418365,0.003355198761533129,0.0,0.0,0.008892321768422477,0.0012263489838822705,0.007300322580039115,0.006832515767344079,0.022123363850369455,0.0066606108542453,0.011169827024203837
lingual-lh,0.0006373486297004461,0.001979414093428345,0.0006373486297004461,0.003015925641650607,0.0013809220310176333,0.0041909583291070505,0.025865353415618422,0.011494731402717033,0.04519069238870495,0.0069046101550881665,0.007010834926704908,0.0011684724877841512,0.06767981381144068,0.01550881665604419,0.010029031406703616,0.0029742936052687486,0.04295997218475339,0.005629912895687274,0.02203621532997552,0.008256011287580483,0.03358696074527905,0.06643741291965724,0.004567665179519864,0.010503131990712775,0.009302363135311183,0.001583531274742676,0.12804803277273905,0.03966801352612247,0.0069046101550881665,0.0,0.0030996943451583455,0.0018058211174845973,0.0034473849277898636,0.006031851283301214,0.061737786800575484,0.017095123399878988,0.0033991926917357126,0.006334125098970704,0.003826867247294801,0.0029901894737054584,0.0011876484560570072,0.0005311238580837051,0.027648718464994018,0.05504335535037269,0.010728701933290844,0.002693971226964237,0.003292967920118972,0.0026457789909100863,0.005410398522037477,0.010941151476524325,0.016588726448252388,0.03461792135531706,0.00021244954323348204,0.00031867431485022306,0.002063182796936084,0.0,0.0026392187912377936,0.005555479860943952,0.010412803087532745,0.025894874314143737,0.03487805850386068,0.008623382469228879,0.0010622477161674102,0.0024431697471850437,0.009563004914598817,0.00308051837688549,0.027002034166529156,0.0
lingual-rh,0.002278177458033573,0.004048246551273832,0.015652315488486158,0.017180541281260706,0.004267703234866138,0.0044973356534009,0.02815676737252348,0.032178557012946925,0.010616513861046948,0.010124686672161563,0.012455608356313534,0.009823824109029607,0.024415488825347078,0.02551497698587947,0.0031824611032531826,0.002243579959229222,0.018385857085194645,0.009248725489198457,0.014081521204535666,0.00751325389476255,0.02357412514118832,0.04463637011183133,0.0028776978417266188,0.00984417557891452,0.015365868549856013,0.006364922206506365,0.03858638690179398,0.12989512209185977,0.004403888487512677,0.007425742574257425,0.009543482611364939,0.012754266176874625,0.005934149427275718,0.00047351086598896273,0.02108463158751641,0.032666483503437704,0.007856684949070446,0.012847713342762848,0.006364922206506365,0.009710025473256473,0.008439924156855561,0.008604431871758604,0.025348264528405565,0.03434717572476672,0.005838667114399005,0.0072307076545270145,0.009177664940183638,0.0027109853842527108,0.00944986584989434,0.0057553956834532375,0.023675543299448137,0.030725631658746554,0.008380904894189316,0.017369640355608014,0.00926907695908337,0.0038998504166963457,0.002997601918465228,0.015079252015643495,0.008842374473829706,0.020318398746349456,0.01777209067258216,0.01452654001268575,0.003956834532374101,0.009829929549995082,0.007576173855823404,0.011000478259542295,0.011913072088298244,0.007887212153897816
medialorbitofrontal-lh,0.0,0.0034633612832664965,0.014824099978359111,0.017336053884903595,0.013853445133065986,0.0009311588577760409,0.00024962556165751375,0.0030471518387748305,0.015825650878403503,0.006807734078794313,0.07238631662422516,0.03616631196115051,0.019221168247628557,0.001184834123222749,0.0009114108640174991,0.0027342325920524974,0.008237643534697954,0.006835080954943815,0.006256837856594619,0.006981916844019425,0.00199700449326011,0.011233150274588119,0.009989072170089744,0.002825373678454247,0.05449681838889496,0.01489549307100232,0.017473789316025962,0.005020358634487205,0.1759586285901079,0.040366400818021966,0.006240639041437843,0.0016364898514423043,0.004893771264357565,0.007838133430550492,0.011732401397903146,0.004742885671492761,0.00999767210285556,0.003827925628873496,0.030381378351721416,0.01321445647787888,0.01814012484736257,0.008499418207723049,0.006383425226724259,0.007881178596669342,0.008733345479411216,0.006490264603095357,0.007354080072017384,0.0065657073995277595,0.008384979948960992,0.00399400898652022,0.005833029529711994,0.004830477579292745,0.035861492122006566,0.04027930943540941,0.03798913368918551,0.0051950419248997445,0.03546503067127344,0.008111556689755741,0.002643091505650747,0.0012759752096244987,0.008986520219670495,0.011677207120416713,0.005832529004524566,0.012057469755993061,0.01970927130995086,0.007493317078702035,0.006129749961277552,0.002187386073641998
medialorbitofrontal-rh,0.0,0.0007396449704142012,0.012997181334168493,0.00986533041027247,0.007829627309740057,0.0,0.002192295646727216,0.007124960851863451,0.002505480739116818,0.006890072032571249,0.05250668529716447,0.0749575624933981,0.0,0.0032884434700908237,0.02289401557030264,0.0059554971396379285,0.0,0.005089257751331036,0.021061581640311553,0.008830800363961847,0.0,0.0,0.020596784385962637,0.0034450360162856246,0.03346574978178968,0.02634750665749967,0.0,0.005089257751331036,0.0426763333994296,0.17713361977105985,0.0,0.004619480112746634,0.021528000415109234,0.0018791105543376136,0.008662509705958115,0.0,0.006733479486376448,0.004867688564296529,0.022937449153751642,0.023548762362935193,0.0016442217350454119,0.01485961339246169,0.00031318509238960227,0.001252740369558409,0.01208090645772835,0.02013534599540044,0.0,0.0014093329157532101,0.010896501592796372,0.0003698224852071006,0.005167554024428437,0.004932665205136235,0.03704907832777692,0.04437059062260826,0.031699914013087055,0.012220820507878736,0.03558137067586825,0.02861636123398633,0.00031318509238960227,0.004346253917130113,0.0,0.0006263701847792045,0.014231505864344527,0.019117494445134234,0.018044742845388487,0.018048101709175212,0.0008612590040714062,0.013551857150534547
middletemporal-lh,0.05385549250435347,0.0045334084611382336,0.0019189765458422175,0.0017057569296375266,0.012375605541355738,0.01971634021908963,0.006209972274387042,0.011450293618400453,0.0347762214219402,0.01417004048582996,0.011777695988222304,0.0,0.02110874200426439,0.0038645564961354434,0.005152741994847258,0.01223850776089582,0.0042643923240938165,0.004048582995951417,0.02797092930635743,0.009271168736997487,0.018863461754270866,0.01784429239260347,0.025905987178571625,0.0007652991156526114,0.01159366948840633,0.0,0.0023250904633465514,0.013524103547669926,0.0049687154950312845,0.0,0.20891080639705933,0.008833271991166729,0.020571808395846103,0.020408107210935177,0.00042643923240938164,0.0059383664254049175,0.008876512332914532,0.0,0.0,0.00255863539445629,0.007868800484668512,0.0,0.04355110718032949,0.005143874193363589,0.009630353935145766,0.01928990098668025,0.03796305815158918,0.020895522388059702,0.0025091169631625246,0.019301358500101628,0.012320907686186554,0.02041179558854343,0.010305483989694516,0.0034965034965034965,0.022617523874397402,0.002771855010660981,0.000368052999631947,0.00788912579957356,0.0137081300474859,0.008315565031982943,0.043624639304136556,0.0,0.005027101727808719,0.007743160217629974,0.014844071874708167,0.001104158998895841,0.01716029453657105,0.009414544607003365
middletemporal-rh,0.0,0.032876845376845376,0.004370629370629371,0.015224358974358976,0.003787878787878788,0.0008741258741258741,0.0034965034965034965,0.020323426573426572,0.014738733488733488,0.030133061383061384,0.022702991452991456,0.02534965034965035,0.0,0.035232128982128984,0.011047979797979798,0.014447358197358196,0.0,0.035256410256410256,0.01252913752913753,0.0027195027195027195,0.0,0.011727855477855478,0.005293317793317793,0.030667249417249416,0.0023795648795648795,0.008085664335664336,0.003787878787878788,0.02263014763014763,0.0030351592851592855,0.01333041958041958,0.01452020202020202,0.2543463480963481,0.004273504273504274,0.006264568764568765,0.0,0.017725330225330224,0.012237762237762236,0.018915112665112664,0.003836441336441337,0.020250582750582752,0.016681235431235432,0.024864024864024864,0.0010926573426573427,0.019400738150738152,0.003642191142191142,0.007624320124320124,0.005924630924630925,0.004589160839160839,0.008522727272727272,0.0013111888111888112,0.0006555944055944056,0.019206487956487956,0.002403846153846154,0.00743006993006993,0.00908119658119658,0.023892773892773892,0.0021853146853146855,0.015127233877233878,0.0012626262626262627,0.011363636363636364,0.004419191919191919,0.004370629370629371,0.011994949494949494,0.00743006993006993,0.006167443667443667,0.016462703962703964,0.0,0.024475524475524472
paracentral-lh,0.013688104462092001,0.0074306852794213726,0.00994227990908338,0.009418911209062216,0.030646400603656906,0.012666672801391356,0.0011531365313653136,0.008402655722317822,0.015354257345565975,0.00451995012468828,0.010398358347673253,0.00507380073800738,0.013483933156039789,0.0023062730627306273,0.0,0.030457757819473456,0.0043819188191881915,0.0,0.009619056602037343,0.027908204580798925,0.0011531365313653136,0.005167546999659522,0.0004675810473815461,0.010964861830663194,0.013385010720431394,0.006383947879379043,0.005927869440789171,0.010210865824368967,0.006614575185652106,0.013694430896927423,0.01890108676647864,0.0035531558557480836,0.18314453718103266,0.0549117289801327,0.0043819188191881915,0.0,0.02396223463481518,0.00451995012468828,0.012804704106891444,0.00761070110701107,0.01533642830193888,0.008945003726845249,0.002805486284289277,0.001633370448417701,0.015933413698226758,0.021726702616153344,0.05619139420820642,0.026738389266685685,0.004052369077306733,0.021170551481075908,0.012468827930174564,0.01433167542398616,0.034302504808090474,0.009219916076966256,0.007013715710723192,0.01431902255431532,0.008790293638597233,0.01425690846684028,0.020068026428393962,0.007948877805486284,0.0020261845386533666,0.00451995012468828,0.00472527169161966,0.01527431421446384,0.008329039026051107,0.019192677899347574,0.0020261845386533666,0.022041298966605626
paracentral-rh,0.012363824315362187,0.00644315287329774,0.01243439401993893,0.02058830382907957,0.03778419096149985,0.0030190431955411053,0.0,0.010403688893970498,0.018636740604479927,0.012247013042174846,0.012732609880169141,0.010131189624116414,0.014428818228498787,0.0025163019639627263,0.0002599428125812321,0.03280302021432665,0.0014488219930212658,0.004932333372491772,0.02175605435545471,0.020315200883395064,0.005795287972085063,0.009370497710197209,0.0,0.01743470129093662,0.018579331033006456,0.008857192151586382,0.007299527406339393,0.0003899142188718482,0.010657655315830517,0.0028593709383935534,0.015990467234226584,0.004512718302762988,0.0553085984808377,0.15222199188635538,0.0037797351094603126,0.0011611704598235022,0.02701032804831242,0.013976906501842237,0.009487912659214972,0.013928069127160811,0.020275539381336107,0.0029721979511000847,0.003973696153776035,0.005134866613599537,0.009357941252924357,0.0072783987522745,0.0335742764552783,0.04110006156286119,0.012394128842049547,0.025137303049251134,0.0072783987522745,0.011168968744200938,0.036194833235155516,0.006517706838355292,0.02573174263947115,0.015394035513766164,0.020707710908337743,0.01637180925630639,0.011079262515799704,0.010527683909539901,0.004548999220171562,0.0010397712503249284,0.0025545750116117046,0.008997727884909445,0.003899142188718482,0.008720640678744127,0.003483511379470506,0.010719049147784794
parahippocampal-lh,0.00026659557451346307,0.0,0.0011996800853105837,0.001436928009391248,0.0005931198102016608,0.007588233489653847,0.01772009868147458,0.0029203442150499683,0.059378930347715894,0.0,0.0026097271648873074,0.0010676156583629894,0.09156868567749273,0.009015421115065243,0.012697570881058842,0.003928031212238223,0.07431321596170637,0.00498220640569395,0.023766347163097355,0.00596905277612012,0.028878024776627383,0.05650014088769685,0.012914104676870668,0.008659549228944246,0.013636822193401649,0.0011996800853105837,0.07112380945152467,0.0230899913443406,0.005575326215895611,0.0029655990510083037,0.0003998933617701946,0.0,0.002149905141942378,0.0034082805281185594,0.12196810783237558,0.0072641759745839226,0.0021486717816332408,0.006798187150093308,0.003732338043188483,0.0020153739943765095,0.0007851128983239899,0.0009330845107971208,0.026855377118889294,0.057743842448656636,0.013638055553710787,0.0055716261349681995,0.002491103202846975,0.004843975177200671,0.004398826979472141,0.007591933570581257,0.009864036256998134,0.0256373231274349,0.00035587188612099647,0.0007117437722419929,0.0051741994938162795,0.0,0.003097663477955898,0.006576846411538181,0.00938103338516609,0.027088924962042543,0.021676244183836464,0.009588933658813956,0.0020166073546856464,0.005219454329774615,0.019905518275395443,0.0025045436677542375,0.03054246032611944,0.00035587188612099647
parahippocampal-rh,0.0,0.013636566705757525,0.025264002903892333,0.01641550790193779,0.0,0.0,0.004362539788909365,0.0018044619422572178,0.00426509186351706,0.011482939632545932,0.0,0.003772965879265092,0.005249343832020997,0.06976154576422627,0.0,0.005470207181549115,0.008858267716535433,0.06492949684480928,0.005085301837270341,0.024643575138214108,0.04183378008599989,0.03255975316915173,0.007669347182665997,0.010263165242642543,0.006725721784776903,0.0,0.03532738593845982,0.07476713017255822,0.003772965879265092,0.0,0.007602753113307645,0.03175573797956106,0.00016404199475065617,0.0011482939632545932,0.011411459205897135,0.24915759200312726,0.0026246719160104987,0.006889763779527559,0.0004921259842519685,0.014144887474172113,0.003116797900262467,0.005669989389624169,0.009345507343496956,0.013615485564304463,0.0,0.0,0.0063976377952755905,0.006121488803261295,0.004757217847769029,0.0,0.0028504216228290614,0.024788071703802983,0.0,0.00902230971128609,0.0004921259842519685,0.004101049868766404,0.0004921259842519685,0.003937007874015748,0.005905511811023622,0.022675071201206234,0.0004921259842519685,0.025519070754453567,0.009514435695538058,0.005249343832020997,0.0004921259842519685,0.01115485564304462,0.00016404199475065617,0.020813787904171554
parsopercularis-lh,0.0017790077090334058,0.007776987030689053,0.014429729195493181,0.0154729407712914,0.010208592075385993,0.014899211218229623,0.016432953549517966,0.012296097980724905,0.01212931059423431,0.007017197074520656,0.010772880015813401,0.031695147132374354,0.012459247314640787,0.0005930025696778019,0.02147239263803681,0.014034394149041313,0.01060756517441257,0.008042608178792612,0.02431310535678988,0.00354021494654055,0.006573181419807186,0.004163014899211218,0.008983347940403156,0.00654338403681432,0.0150870473374739,0.015443143388298533,0.007449605609114811,0.01201267636109508,0.010231113353229439,0.007610199644198458,0.004773817940415282,0.007793704748472841,0.021817574531137314,0.022365144753780934,0.003080564327785765,0.003286590709903593,0.16420809383542384,0.006926722171799584,0.009092706068392962,0.01731518129888525,0.030825609256868863,0.011875686357597354,0.0020755089938723067,0.005688398371607668,0.0197667523225934,0.003948629658201495,0.00673269270114836,0.008302035975489227,0.014248779390051036,0.014523842150788963,0.0326965644137131,0.022348427035997143,0.017539008152529338,0.011911287300649878,0.013174687677517475,0.01609210267138736,0.02621857870294417,0.021832819703831337,0.025197195442594217,0.0027673453251630758,0.0004941688080648349,0.004842854319035383,0.00491080794391301,0.009389207353231864,0.019081109342709575,0.02590427694657901,0.013541697886066241,0.009340526744970263
parsopercularis-rh,0.0029721696838692245,0.0045933531477978925,0.02428856981680543,0.007025128343690895,0.03026870454592692,0.03268368426433814,0.006754931099702783,0.012699270467441232,0.0033774655498513915,0.02261553031615177,0.012699270467441232,0.008038735409716224,0.0058092407457443936,0.020876043707710824,0.0045933531477978925,0.0045933531477978925,0.006214536611726561,0.023595546427213544,0.012429073223453121,0.010639934984706667,0.0031072683058632803,0.007700621453661172,0.0,0.006993006993006993,0.013239664955417455,0.006417551945787558,0.006754931099702783,0.014860848419346123,0.006214536611726561,0.006467938378232892,0.0,0.016754433533682386,0.0037827614158335585,0.0209943468522231,0.006890029721696838,0.017482517482517484,0.010420124173163892,0.24640844459812306,0.02467266139246685,0.009711040108230058,0.014524204067570726,0.022785689497389038,0.0027019724398811133,0.012834369089435287,0.005218459825322836,0.03793426544034488,0.0010807889759524452,0.0005403944879762226,0.02016622484063716,0.0,0.00998050255007834,0.007430424209673062,0.026416556813746765,0.006484733855714671,0.013206808802593725,0.01008201021710884,0.0024996919079599434,0.007565522831667117,0.01032008611041305,0.007025128343690895,0.004323155903809781,0.023442917525597882,0.0045933531477978925,0.01940748914539782,0.010268230073688059,0.025081631269148155,0.004662004662004662,0.0037827614158335585
parsorbitalis-lh,0.0019604500511421754,0.017353230233769536,0.013696250988868869,0.009863324505712413,0.011592226389362428,0.002469135143231465,0.0005114217524718718,0.006850862154817016,0.004602795772246846,0.006392771905898397,0.028650097545255684,0.0170925132714679,0.002557108762359359,0.0017899761336515514,0.003920900102284351,0.0032390044323218547,0.0015342652574156155,0.007732400537079612,0.011573537001383817,0.031177103043406637,0.002557108762359359,0.0054018338561467125,0.00034094783498124785,0.02370041338256296,0.058349003495182544,0.00519945448346403,0.002557108762359359,0.0042618479372655985,0.03209148135026022,0.024252417806074105,0.0,0.0030311517388740073,0.009607613629476475,0.0070746675758608935,0.002216160927378111,0.001957713390759593,0.009376065461984317,0.01568086374875482,0.20582022250517362,0.009250713066899199,0.046743093803907204,0.025623484657747914,0.002386634844868735,0.0059984925673638965,0.011394853102745444,0.022440548389361895,0.014095536413469069,0.0015342652574156155,0.0059825398397678675,0.005313860237018819,0.007210499377776875,0.009631776338220252,0.02729678561216156,0.03593215057986496,0.04808365690448735,0.012449602062881246,0.015513126491646777,0.012956017729287419,0.010507841399717683,0.0071010997102877865,0.0021309239686327992,0.0054870708148920255,0.007836326883803537,0.021862579066123322,0.012473764771625024,0.009272139115260394,0.0,0.005455165359699966
parsorbitalis-rh,0.0,0.00110803324099723,0.019503613844047505,0.01484382462508358,0.023042633807749863,0.014127423822714681,0.007410768300060496,0.017816091954022988,0.0018148820326678765,0.010435571687840291,0.013358486961505397,0.04349348871270736,0.0070780399274047185,0.017413315502913362,0.0030470914127423824,0.0,0.012465373961218837,0.006503327283726558,0.0102843315184513,0.0043859649122807015,0.004282484796382972,0.010126723341930143,0.0,0.009803546979972617,0.006200846944948578,0.04520170662591142,0.006095774827267807,0.015420129270544782,0.015993249912439902,0.02991052949979304,0.002117362371445856,0.01519565701913586,0.008587257617728532,0.016052153978412455,0.003677524118827013,0.007684592606743719,0.023505906326615086,0.007585888496195115,0.011214060559747826,0.2259241570350559,0.002770083102493075,0.021114719648486005,0.004384372910497659,0.006877447702741428,0.0043859649122807015,0.006503327283726558,0.0069283917597987715,0.022977361734645145,0.033482981500939285,0.018562740790269684,0.006352087114337568,0.000554016620498615,0.017997580157289778,0.019054669341229662,0.008620689655172414,0.011741013149934728,0.012849046390931956,0.01608081001050721,0.0013611615245009074,0.0,0.0024198427102238356,0.011686885089311299,0.007329576209125354,0.006648199445983379,0.01153564491992231,0.025274620307574745,0.018282548476454295,0.0015124016938898972
parstriangularis-lh,0.0,0.024216380182002024,0.007027300303336703,0.022282608695652174,0.009103260869565217,0.004297269969666329,0.0026794742163801823,0.0034378159757330637,0.005163043478260869,0.008152173913043478,0.00975417087967644,0.005286274014155713,0.0033967391304347825,0.010904322548028311,0.017280712841253792,0.01721751769464105,0.003033367037411527,0.0033051061678463097,0.018070652173913043,0.007836198179979777,0.006278437815975733,0.010111223458038422,0.010111223458038422,0.004297269969666329,0.030757077856420626,0.004755434782608696,0.0012228260869565218,0.013466885743174926,0.02090495449949444,0.0019021739130434783,0.00627211830131446,0.013877654196157736,0.014752906976744187,0.021739130434782608,0.0011659504550050556,0.004802831142568251,0.03751579878665319,0.012951845298281093,0.035269211324570275,0.003033367037411527,0.22528437815975733,0.0032861476238624874,0.0027963852376137513,0.015416456016177959,0.014266304347826086,0.006837714863498484,0.016162158746208292,0.008016304347826088,0.015157355915065722,0.011684782608695652,0.01268010616784631,0.021875,0.013795500505561173,0.01570715369059656,0.019669489383215367,0.025407608695652173,0.019625252780586452,0.006385869565217392,0.005946663296258848,0.00770664812942366,0.0016304347826086956,0.02335376643073812,0.0,0.017691481294236602,0.01046195652173913,0.015574443882709808,0.00910010111223458,0.01684782608695652
parstriangularis-rh,0.004861448711716091,0.01750121536217793,0.021462403789224392,0.026607652881624443,0.009819320473664562,0.002916869227029655,0.009769094138543518,0.012907304636106603,0.0033826501256521866,0.005348960775390996,0.017888274755610743,0.035909598929042136,0.0021876519202722413,0.016439338532118805,0.004132231404958678,0.004440497335701598,0.0007400828892835998,0.011743535985801922,0.01059200011052672,0.03685879031382969,0.0021564223651969775,0.00267379679144385,0.013644653140383614,0.018795371002796844,0.007844878626406157,0.04537179432934602,0.0007292173067574137,0.011693309650680876,0.009946973078972205,0.025035165630334748,0.0,0.018019956980928096,0.008878260286396607,0.0019024843470849873,0.0013321492007104796,0.005263403307684803,0.014544985382553416,0.015124818918950813,0.019468893204420034,0.01810824883364088,0.0045762811385288375,0.18763853617720888,0.009004545699200955,0.0025162818235642394,0.029297712068107485,0.003552397868561279,0.003752007974042339,0.006522227815718569,0.011249259917110717,0.01814760958623574,0.018434144351926286,0.015400488102115178,0.022243214623606147,0.018650088809946713,0.003393515708178373,0.02615676718553781,0.008309292332525394,0.02309871734316791,0.021856155230173334,0.0034885715659074574,0.0014584346135148275,0.006216696269982238,0.0024307243558580457,0.009236752552260573,0.016681043775201316,0.022726625109771165,0.0033296894055245517,0.004588513913558318
pericalcarine-lh,0.02720709139649339,0.0,0.00034352456200618345,0.0004333369605741092,0.010523011877431371,0.008992876380669064,0.034156657084580815,0.008893539105414596,0.01091703625734168,0.00498110614908966,0.008912588858787682,0.0,0.033337158260229156,0.006916003976366445,0.015994154960578242,0.0020847349204353802,0.016476329378502692,0.00395053246307111,0.04798201559509857,0.007745027677404648,0.04240412200720063,0.04727802836490306,0.02280749694058265,0.01515439330893587,0.0186901892781698,0.003091721058055651,0.03252098415698507,0.02927322585019184,0.006002154958421667,0.0016356729275957514,0.03548025551470142,0.0012023359670216421,0.0027481964960494676,0.004473681822213145,0.03066138676992831,0.006956978917584028,0.004122294744074201,0.0027481964960494676,0.005152868430092752,0.003614870417197686,0.0027072215548318845,0.00564910551972894,0.15355035734911182,0.030161824959184555,0.0011770860580695788,0.007685002982813978,0.0024849594559246666,0.005496392992098935,0.0047004817161455555,0.006810466545532999,0.03457260665233562,0.02616865519434208,0.008184564793557733,0.004391731939777979,0.01185613518423852,0.002551184306094313,0.00395053246307111,0.015244205707503797,0.035068843741971806,0.010337186924716541,0.038059565164219204,0.00209259743656814,0.006277792309704421,0.004054407533350772,0.0053482182594941224,0.0,0.005553092965582038,0.0
pericalcarine-rh,0.0006770480704129993,0.0031866470576806098,0.0016556291390728477,0.0026874548821443143,0.002735281677405277,0.005917444973030171,0.026538640314102475,0.022130541743077443,0.03619255366689534,0.011271617337811117,0.009280079691397604,0.008442363480654809,0.051617629255650666,0.01937994054531514,0.009933774834437087,0.0016926201760324984,0.04326101772431141,0.0021764928312117664,0.0185980845368498,0.010836505594987752,0.034857326691387136,0.06305794814080806,0.00433131414582091,0.009759468584521157,0.01221582289737715,0.0021286660359508044,0.054943272937058446,0.033953661813741536,0.00448749852409499,0.001892147587511826,0.0037454359038741197,0.008405372443695158,0.0014028570531819018,0.004208571159545705,0.05187581922069226,0.00914014895057549,0.0032083185742832333,0.010998107852412488,0.007063046178265412,0.004068640418723592,0.006717236029718375,0.002246925260170293,0.025430030145826888,0.1134053649707584,0.010155721056194989,0.009637659715340894,0.0031649755410779862,0.0019887352951286916,0.005627681850179575,0.003756271662175432,0.011405196082387633,0.03445472222346771,0.0021286660359508044,0.004036133143819657,0.004869365592506737,0.0043421499041222215,0.0005912961210974456,0.008797141153313277,0.01461706430163164,0.028771180171010685,0.03476167310086521,0.010093508857671941,0.0011825922421948912,0.005535577904618425,0.008281695340325013,0.003046716316858497,0.02034226797652302,0.00665763935906116
postcentral-lh,0.0003773584905660377,0.002975200280173357,0.021422974215295716,0.0204375519852909,0.010634439434400036,0.006429103007485882,0.0035849056603773585,0.006530446964059011,0.02628989187059493,0.009402661646894015,0.019221424506413343,0.011747581315939237,0.025615068073370398,0.0060377358490566035,0.005849056603773585,0.02044663573085847,0.011740139211136891,0.001567110274482336,0.017348640721446394,0.0,0.004905660377358491,0.012075471698113207,0.004612353893971895,0.007442542573217178,0.014443483780589239,0.030058551853959635,0.020566037735849058,0.009388652979030774,0.010994505975572385,0.012778312831064221,0.008530950400560348,0.0019148097885566694,0.013665674386026352,0.01160092807424594,0.019329335026047365,0.0,0.028857308584686776,0.0043363393599789865,0.009921748456857681,0.004205336426914153,0.01638631090487239,0.023943330560784484,0.0022641509433962265,0.018113207547169812,0.14353729807818588,0.0028722146828350044,0.010519086809963666,0.008700696055684454,0.017782033883465394,0.013754651315501465,0.013356717594011296,0.037993805542179224,0.008251652585036991,0.013255373637438166,0.01025379766230355,0.030596572254082216,0.01953782340323075,0.014922186227728408,0.002089480365976448,0.02427702140699558,0.015877073939500067,0.00569912008054984,0.005325044871514249,0.012023595849932145,0.024867793197040668,0.019448846473755634,0.022554174145252376,0.004511009937398765
postcentral-rh,0.010267621610214203,0.02231718898385565,0.01448375013189828,0.004629629629629629,0.018726917800991876,0.01514258204073019,0.0038461538461538464,0.010567030705919595,0.00871122190566635,0.010331592276036722,0.017541482009074603,0.010841049382716048,0.012345679012345678,0.006858710562414266,0.013656747916007175,0.013280178326474623,0.00411522633744856,0.0,0.017877822623192992,0.013204666561148042,0.010778727445394112,0.009126371742112484,0.014514086736308959,0.0028476838662023847,0.02341326369104147,0.007716049382716049,0.003326804368471035,0.010361928880447398,0.006421467764060357,0.016305924870739688,0.020491716788013085,0.005456631845520735,0.02198315658963807,0.009499643874643873,0.007480610952833176,0.0,0.004254708768597657,0.03366110055924871,0.01822735306531603,0.006687242798353909,0.006794739896591748,0.0051440329218107,0.012565619394323099,0.0143713068481587,0.0028140498047905457,0.21487285005803525,0.02312605518624037,0.014574759945130316,0.0003429355281207133,0.017020483802891208,0.008030297034926664,0.005044779466075762,0.019600743906299463,0.025201804368471036,0.029086538461538462,0.0,0.0,0.0003429355281207133,0.012661575393056875,0.025465930674264007,0.013142344623826106,0.009060752347789386,0.0056953677324047694,0.02487766434525694,0.0008573388203017832,0.014135868418275827,0.008544700327107736,0.02532479951461433
posteriorcingulate-lh,0.009741336480923011,0.015328519124455316,0.029618618457069264,0.027447003091684095,0.026692594198266504,0.0009928514694201747,0.0,0.010347806549813455,0.017704400824027165,0.017093500501567993,0.009531374106433678,0.0021842732327243845,0.02089101892667614,0.0021861719128252674,0.0,0.01948710321541475,0.005959007496621932,0.00099601593625498,0.013922071839726083,0.011723242059561595,0.005559968228752979,0.008737092930897538,0.0,0.0131252590907221,0.00834185102323035,0.0,0.006155679110405083,0.014314149280558467,0.006354249404289118,0.0,0.03760003670781528,0.0039752032378824655,0.059682477397795634,0.03579138568838229,0.003772835583796664,0.006949960285941223,0.008552446291086646,0.001592359711274046,0.007942811755361398,0.006567376245613257,0.017111854409209863,0.004372976719017496,0.003177124702144559,0.005959007496621932,0.011333063298830097,0.02427810600331003,0.17281833745241432,0.04838295744741447,0.010953643725336937,0.020498308592476797,0.013346613545816732,0.00199203187250996,0.01648196728574186,0.009134233518665607,0.012320851621314584,0.02130145027515039,0.01211721818049486,0.008152141236483772,0.02089671496697879,0.010954909512070858,0.02305630535839169,0.0033769607827625163,0.0023828435266084196,0.00916018214671101,0.012731915863155797,0.0099601593625498,0.006956289219610834,0.00992978048093567
posteriorcingulate-rh,0.011270031526676806,0.005023547880690738,0.02305404429275059,0.02282870985241026,0.05951260995126387,0.0,0.0006279434850863422,0.014245136819446103,0.02440619482651694,0.009907808572205587,0.009976157141274334,0.0018838304552590266,0.015164317154627486,0.002354788069073783,0.0,0.021975431926983584,0.004658926251174516,0.006416131989000917,0.01723549463499706,0.010472439698575616,0.01287025139323162,0.00938620107141778,0.0,0.017265855788836017,0.0108497237998351,0.006907378335949764,0.005236219849287808,0.003924646781789639,0.011219381639703756,0.002511773940345369,0.014599686028257456,0.003610675039246468,0.034339328342209055,0.05921389073150236,0.006385770835161958,0.0018838304552590266,0.013186813186813187,0.0003139717425431711,0.002197802197802198,0.031179322183643252,0.008006279434850863,0.009750822700934001,0.005337519623233909,0.002643434868130429,0.009576138147566719,0.01271585557299843,0.05264839913262069,0.19741671187265009,0.018980037901080195,0.036911824590232345,0.00047095761381475666,0.014171752040024922,0.007251711232331894,0.005380543248816131,0.01244490745603748,0.0007849293563579278,0.008320251177394034,0.02541142241286277,0.015339001707994768,0.012087912087912088,0.003453689167974882,0.0012558869701726845,0.0,0.009631824244892204,0.00141287284144427,0.009292527558862507,0.00845694831553153,0.002749770852428964
precentral-lh,0.019803717059457902,0.002295492487479132,0.019307162274594385,0.023013331057968375,0.025823097825790644,0.010214880232567015,0.00549352066202216,0.008963883851705816,0.005634390651085142,0.0017737896494156929,0.022491628219904934,0.020862865825799368,0.004867477256346033,0.008722830561277286,0.005275434563811447,0.004069282136894825,0.01730063386724445,0.00877292221196006,0.012379998124459555,0.001669449081803005,0.0,0.011830080397440107,0.0015922329726552747,0.013648714000800376,0.016621431975129462,0.02386161782810236,0.004695325542570952,0.011431528052960029,0.010747078464106845,0.012951792613205768,0.003565298794311006,0.0038606010016694493,0.0037562604340567614,0.011962635854008804,0.004291525501352679,0.009797517962116264,0.018893957270390775,0.015509124722349135,0.00667779632721202,0.03319059143859404,0.01764078002854747,0.007825542570951586,0.010083415206489369,0.00721721866075508,0.015137696836334017,0.0006260434056761269,0.007607456472740874,0.014778740749060321,0.1955771594067622,0.023251113056923744,0.023444255557651606,0.019283104651885517,0.018050918196994992,0.022246417663229268,0.008034223706176962,0.011060100166944907,0.017025232016347733,0.01680298865188988,0.0061372835631779065,0.005530050083472454,0.012574026599961399,0.008817766165904637,0.015032265838230275,0.0012520868113522537,0.024417669226633982,0.020463223050828237,0.019332105872077236,0.0031302170283806345
precentral-rh,0.012470765846561222,0.013256738842244807,0.007699499593497529,0.006407423773751657,0.017312042279667903,0.0002209456473707468,0.0061752219220378235,0.004438440756464685,0.024555580322995076,0.002620563755056125,0.0019297568506368198,0.001350829795445774,0.027864136931384738,0.0,0.0031463649367188128,0.021308591741391093,0.010034735623311463,0.0,0.027237712104836876,0.008636408056508876,0.0075260517174835975,0.0199883754107875,0.006426951582801406,0.011167433822472261,0.0063710116581872775,0.0017367811655731378,0.019876495561559245,0.00887688151292937,0.002701659590891548,0.0,0.019264140990440243,0.0008837825894829872,0.024927631986244238,0.03395280546396624,0.011964492473948282,0.0,0.026871459092309914,0.0,0.005106905800748469,0.014204732961048587,0.017868627474723425,0.017848929117123023,0.009570502468434447,0.006866028826457128,0.015340245211295157,0.017804245396851978,0.023160066807278265,0.030529554955262557,0.014503960393168985,0.2219037038540391,0.0028946352759552296,0.016965146527640036,0.0061752219220378235,0.0023157082207641835,0.011833084815670273,0.016660290993348096,0.0036693520672957296,0.019736816298574572,0.013880349617706896,0.018358016540821732,0.0140956671629061,0.013656589919250377,0.014797730271668492,0.016349977905435263,0.005934748465617328,0.010588506767281215,0.010809452414651961,0.007369488147984295
precuneus-lh,0.011386336396324411,0.005463389525605182,0.018215703723540456,0.026764835407521857,0.002705697667695392,0.0019423916544977365,0.035648451455641696,0.013067322477444913,0.0002176278563656148,0.005065477466213558,0.0215775019921687,0.016476289388533544,0.008796060614096598,0.0038653072243666686,0.026020831585340246,0.004134929270946681,0.0036996735582154514,0.003482045701849837,0.02025708431710022,0.004594486616060727,0.04275209248357901,0.023596189469263652,0.013125750731331326,0.0007616974972796518,0.019433741534098145,0.014710964905225807,0.015456403349712662,0.024767232530973713,0.007399347116430903,0.006528835690968444,0.013673037404081372,0.000544069640914037,0.009575625680087052,0.007072905331882481,0.0075081610446137105,0.0016516850073709155,0.03223465899679905,0.0075081610446137105,0.009249183895538629,0.004134929270946681,0.012227720641650041,0.01328655884972853,0.03546816725261569,0.0129747676020549,0.010139171405629891,0.006480058532590054,0.006855277475516866,0.0006528835690968443,0.022909353172275968,0.0030321394522438145,0.12911892019022222,0.029098531164126445,0.019760183318646568,0.010663764961915125,0.015209474419597462,0.01699605739706476,0.01179568196075482,0.010429878052756712,0.05898949552158737,0.004389900780651901,0.017918389119128863,0.0,0.005481257094315983,0.007275882651373303,0.01251681877285886,0.016851508331460353,0.009185756200285446,0.005226285584610763
precuneus-rh,0.009321748744201696,0.00236318407960199,0.009561191626409019,0.00928960271108227,0.0064078760785444755,0.00236318407960199,0.011820727281467061,0.016476794770110798,0.022832696421275264,0.005032206119162641,0.012097123080250918,0.003321256038647343,0.026488030860191795,0.006443927704472804,0.01075930732809383,0.01794679981733843,0.017308686038407,0.00030193236714975844,0.032706035042180406,0.0012314634556685172,0.019518049847381452,0.04967283149470041,0.007711442786069652,0.011399223688321677,0.0201618718004182,0.010449864205542336,0.033903249453217,0.030237399956738048,0.005434782608695652,0.005837359098228663,0.013567728987910688,0.008756038647342996,0.008721789602711083,0.009827973658278654,0.021898358449299396,0.007265303915206576,0.02153874348066431,0.005736714975845411,0.01036634460547504,0.0,0.01710950080515298,0.008473934674453818,0.02390913788545197,0.032362342874996994,0.025420001442065035,0.0031740452327733313,0.0015571298098877593,0.007507450669358522,0.01168883841661259,0.010659564496358786,0.020306078304131517,0.12440785204412719,0.007342214050520345,0.006944444444444444,0.012191157737880645,0.01428095032085947,0.008655394524959743,0.01107085346215781,0.01273974331242339,0.02366338596870719,0.030841264691037568,0.0043523325401975625,0.00291958083976254,0.010646345566851732,0.011540726320090369,0.012421888143821953,0.015923402312110944,0.0018115942028985507
rostralanteriorcingulate-lh,0.009699129057798891,0.015862681654104403,0.03074675344916802,0.03285627895087936,0.00848311419504866,0.01623119556611243,0.008257803879028185,0.010728299698879683,0.0018110236220472442,0.007410302928285983,0.03269898566717165,0.03291656535807133,0.0009897070467141725,0.003700787401574803,0.0023752969121140144,0.012459398632178103,0.0011876484560570072,0.005720662589385353,0.01208433862631779,0.017628880119201253,0.007323832145684877,0.0,0.003083958329436849,0.010230671878604249,0.030770942824545983,0.024724409448818898,0.0,0.0070166021408844086,0.030024002344125035,0.032935206139612594,0.010095011876484561,0.0006299212598425197,0.02709833479841148,0.02898373451537085,0.000791765637371338,0.0001979414093428345,0.015400153365627396,0.014823785387871647,0.021283844863810075,0.008582677165354331,0.01145878142904346,0.012656342541505352,0.008581492634085822,0.0014173228346456694,0.0053204157081314955,0.013129780986402828,0.015437247897456999,0.003830898809857794,0.013464566929133859,0.0059382422802850355,0.016142729783480154,0.008568400446381257,0.1538458613100916,0.05170036346406818,0.0216545408071022,0.0116118976814359,0.026457690413401413,0.015459255241550863,0.00964993983828031,0.0007086614173228347,0.00395882818685669,0.00023622047244094488,0.0011023622047244095,0.0015791672121744876,0.008031496062992126,0.020875867357435428,0.004156769596199525,0.015179207112175111
rostralanteriorcingulate-rh,0.010814249363867684,0.007480392060544732,0.04601635441330098,0.03324949813499432,0.015121446419156342,0.012934690415606446,0.007078408834134025,0.0074903474903474905,0.002702702702702703,0.008299291658070284,0.03532134097019593,0.03165276508787959,0.0,0.013942284705643484,0.0,0.0026254826254826255,0.005089058524173028,0.00846961465282076,0.005482625482625483,0.01398276138734154,0.009754028837998304,0.004877014418999152,0.0012342768067958908,0.007025782598301682,0.037334990388425505,0.029988177927109224,0.0006361323155216285,0.022156889714141623,0.03471324104911891,0.03813800714564073,0.003816793893129771,0.0023166023166023165,0.0056517040486506135,0.004362312148571691,0.0016963528413910093,0.011238337574215437,0.011058353882781364,0.004015444015444016,0.027864003589194428,0.010382989314287024,0.013284047406184812,0.009343629343629343,0.0031635343085724766,0.006112535654520388,0.009050631875059355,0.019528918231208305,0.00996607294317218,0.0035287741394611624,0.017580339336064527,0.0033927056827820186,0.00833976833976834,0.005694669587799359,0.05427670855151771,0.15059391998323296,0.0254873084644077,0.01172749630764898,0.038714996348584135,0.013436293436293436,0.0014671814671814673,0.008695052740854269,0.0,0.006361323155216285,0.004608610791816899,0.004511774588110466,0.008262548262548262,0.015321340970195932,0.0071335239274170565,0.004401544401544401
rostralmiddlefrontal-lh,0.0037243947858473,0.0006633813495072025,0.007676269901440485,0.009900953405534072,0.02378219490811136,0.0008529188779378317,0.005353817504655494,0.010463036299436823,0.013231448970285315,0.020468817723488394,0.05175486338473789,0.015257771038665656,0.002344335686845884,0.0026967625437136367,0.001800606520090978,0.005022744503411675,0.0,0.0017058377558756635,0.02270832539181678,0.0056446534886905745,0.011603791032933646,0.010077431551186426,0.001800606520090978,0.0017058377558756635,0.06827833568402224,0.004169825625473844,0.001456474136068886,0.010722459173545786,0.03872424654420495,0.02986574954503934,0.025681629189767654,0.004723614046530934,0.004643669446550417,0.022967748265925743,0.008198645212571456,0.00023277467411545624,0.014940286854637068,0.008444479269465186,0.043592396192025165,0.005401819560272934,0.016182340043738343,0.0009909247878379733,0.01280913676773923,0.005533295778783939,0.007789392392803645,0.02928637179286266,0.012887316586263225,0.007583265918681694,0.00634950720242608,0.012275466855286509,0.014333731468029926,0.013374219790118071,0.02543826582691306,0.029988931290704686,0.1527679538276698,0.005729362998603705,0.024084854927905148,0.02348306445123062,0.011377546050207327,0.010145552115408235,0.01845731981934285,0.000758150113722517,0.0003790750568612585,0.007653151264360027,0.009443698530148821,0.007297194844579227,0.005819366852886406,0.005496588324488249
rostralmiddlefrontal-rh,0.0012531328320802004,0.03683874678320592,0.028412530488700814,0.034957368295109634,0.01784822189477043,0.0037593984962406013,0.011278195488721804,0.007813713513263897,0.002931323283082077,0.007398101619207147,0.008235622557230598,0.01793386313354576,0.0008375209380234506,0.0015354550530429928,0.0010025062656641604,0.010684794062207445,0.0010025062656641604,0.008235622557230598,0.017381812991440072,0.002506265664160401,0.02180451127819549,0.007518796992481203,0.0037593984962406013,0.005583472920156337,0.010329424902289224,0.031353509401644816,0.0,0.00588489649584598,0.008235622557230598,0.010453268850518255,0.002372975991066443,0.014450489708357998,0.014748764709092664,0.01738496156639505,0.0,0.007268170426065163,0.022603619601768238,0.00968543637149826,0.011236844204313128,0.008673484380969173,0.024738773231235543,0.02832080200501253,0.004152760460615525,0.009333425691532012,0.03626444671141841,0.0005583472920156337,0.01866349290311205,0.0006979341150195422,0.015354550530429927,0.019808944471732093,0.022800300583955702,0.022146866328299812,0.016674433151555604,0.015392753239883629,0.008149981318455268,0.16954593351049316,0.021905895391745697,0.014352254169762765,0.010005961301914753,0.006560580681183696,0.01151916642527592,0.012877041850858301,0.000977107761027359,0.00628140703517588,0.01256281407035176,0.03187050540925177,0.006519439301772018,0.01676973002019286
superiorfrontal-lh,0.0035634743875278397,0.008878893758169654,0.039077736389645894,0.04384607478569304,0.02062784593714387,0.0022271714922048997,0.015367483296213808,0.005122494432071269,0.010732485417437317,0.007115267330758284,0.03516200759656095,0.0412932264375534,0.00824053452115813,0.00020329335230737954,0.011605243247966726,0.011346893165947593,0.0012197601138442774,0.00020329335230737954,0.009121034704303255,0.003151046960764383,0.011804008908685968,0.011135857461024499,0.013919165311000344,0.002986601202283224,0.03796926693503804,0.03334404887009192,0.0019312868469201058,0.004008908685968819,0.039058901192639245,0.03295557293182971,0.0,0.0008131734092295182,0.006094272877633249,0.018526272609593906,0.005369163069793007,0.00022271714922048998,0.026382858884077966,0.0016412429237840091,0.01880463508843261,0.01038417010356189,0.017762315207927447,0.006394685214506181,0.0021345801992274853,0.0007115267330758284,0.01830355546037342,0.0,0.012922122346376555,0.005997153893067697,0.014545843103714472,0.003810143025249578,0.011420060662011898,0.008436674120756252,0.03385549691188795,0.04397488761137555,0.026396441958842377,0.01969944277699625,0.1587155572841276,0.020859618469540632,0.008472307053554895,0.00030494002846106935,0.0,0.004342327894519275,0.006337726854327409,0.00010164667615368977,0.0032675897422430457,0.010063020939215288,0.0031180400890868597,0.002594910602993438
superiorfrontal-rh,0.002729713126030226,0.005790669224761061,0.021027281321119966,0.03200988770283178,0.009470736046216531,0.0,0.015491678938347023,0.008077544426494346,0.015703370557658556,0.004143283400666736,0.027624832350914483,0.030059593962743915,0.0039448866720927615,0.007051014600356611,0.0013126009693053312,0.00737075928917609,0.00567907427316473,0.007238785682665434,0.022457688368582418,0.010407794850904217,0.016821989318094276,0.009432647980860284,0.004878403594692064,0.003735864297253635,0.01605411954765751,0.03304350129314629,0.00628843198724019,0.019575622981127208,0.00898626817447496,0.02707127211263719,0.003836833602584814,0.011271346769351818,0.01287268812629715,0.015863679220876285,0.004853610420073375,0.004575495678698526,0.024309682047811507,0.005654281098546042,0.015448303715670436,0.010608860823950596,0.005452342487883684,0.01766341730639559,0.013370450888776279,0.014986832411691128,0.011663725706795403,0.0,0.006396485056748137,0.016186965791784146,0.014853113529948512,0.012304960359666321,0.011378527201243785,0.012015347334410339,0.018920220799902757,0.016962843295638127,0.02521219466923133,0.010651363409011204,0.023353117225825476,0.17851172989217073,0.010916183259648498,0.00010096930533117933,0.007402636227971547,0.01860134874869926,0.00030290791599353796,0.005114888388622283,0.010529142811149722,0.020445386026135597,0.004624209390319923,0.019304592003929127
superiorparietal-lh,0.01488866139306263,0.017523000365426367,0.003816936616438454,0.00971805743642656,0.012161174523333547,0.011046534539956864,0.027201649076044512,0.011116171549766055,0.013374784147660912,0.011246153170969383,0.011194989001382888,0.01131411083166742,0.022393336700988087,0.005503562907074225,0.017355289367525777,0.01096267904100657,0.008735078423364358,0.0,0.018136970400464306,0.01462948184690785,0.03812827808946497,0.024596642734822267,0.010723651684185636,0.02364971374934617,0.015365036757593344,0.005015432098765432,0.013620528900926462,0.011450809849315364,0.00636574074074074,0.0011574074074074073,0.010727010382407944,0.0008705745792222867,0.0214170750843705,0.010863709400055889,0.011684799158802835,0.004352872896111433,0.016395821242019732,0.006229041723092797,0.010568479826314998,0.002507716049382716,0.004830927609753301,0.015177173570358905,0.03941062907074225,0.020194285018235492,0.0016421795174938916,0.010329452469494063,0.017615252609932432,0.01206388423149402,0.004829248260642147,0.010865388749167043,0.051269072927638416,0.014844214619920752,0.010578555920981923,0.004486213215537069,0.01337310479854976,0.007966832183315061,0.008692310999333635,0.0086461848770806,0.16789225564798693,0.009259259259259259,0.013490547279723136,0.008299791133753214,0.01346367769394467,0.0044895719137593776,0.00858830331104949,0.002900235914963135,0.0091158428451667,0.007676640656907633
superiorparietal-rh,0.001922508133688258,0.011654338940023767,0.0071337228957538,0.0075083187471330715,0.007991036460267213,0.010771559547791642,0.016593144879733852,0.019458428169262725,0.031033240350690345,0.02355945153944705,0.006463356562268643,0.0,0.041109669126600884,0.019438897174275067,0.004574676975147403,0.010421728134808322,0.026260447868375336,0.009845186111498674,0.011782693186089054,0.018905949195026264,0.007921976588487655,0.02945009674316882,0.009159820837111393,0.015006871996772314,0.008410629134352851,0.0,0.038684912284790825,0.030387638455601135,0.001774622892635315,0.0036333045979523105,0.005323868677905945,0.007394262052647146,0.006654835847382431,0.011091393078970719,0.0349870798691445,0.014824456819829593,0.003470420415997244,0.00857734398107069,0.004998801703318575,0.0,0.007680267037259203,0.0028788794517854727,0.011407395945387023,0.041089436742290465,0.023042905279745896,0.021617412410771142,0.008567578483576862,0.011830819284235433,0.0075421472937000885,0.012930543789300057,0.005974704016403446,0.03581579833049918,0.0010351966873706005,0.008809989424128074,0.009568946624380445,0.006211180124223602,0.0001478852410529429,0.00044365572315882877,0.00709849157054126,0.15612850790428,0.022263014305860345,0.007246376811594203,0.011363100512003415,0.008287508331695859,0.017556152419884882,0.0,0.0214506975640533,0.0038307187157971545
superiortemporal-lh,0.01722514880478722,0.005311614730878187,0.0019475920679886685,0.004957507082152974,0.009286771493140656,0.005153260973358373,0.016919581755100742,0.011565394531623007,0.04033485055861476,0.008286516853932585,0.01601123595505618,0.0,0.03620054429130726,0.001966292134831461,0.013285800681159882,0.003718130311614731,0.013101983002832862,0.0005617977528089888,0.04157064646528949,0.007851640831397014,0.030340659515548905,0.06075293630836809,0.012921348314606741,0.0,0.014032211859821116,0.0,0.041568259222713816,0.022189419740904603,0.0047752808988764045,0.0,0.03625744023936085,0.0016853932584269663,0.002301699716713881,0.006550991501416431,0.024135420313842824,0.0001404494382022472,0.0008852691218130312,0.0060198300283286115,0.004426345609065156,0.003186968838526912,0.0017705382436260624,0.0011235955056179776,0.04286453194130566,0.04327832065442276,0.010258777095203234,0.01111858229620906,0.01708469936658497,0.004603399433427762,0.010520180157239711,0.010532912117643314,0.017261753190947575,0.03925541904064678,0.003089887640449438,0.0001404494382022472,0.013470414107012127,0.011240331667568514,0.0,0.00854791991596906,0.01444162396154948,0.02047856256167043,0.14676647993124742,0.00017705382436260624,0.005751663112327721,0.004469713849189929,0.01212042843046758,0.0028328611898017,0.015832590635643122,0.0035410764872521247
superiortemporal-rh,0.011515959951856754,0.024952869947564994,0.01920498173741848,0.013266303925425767,0.00448526270824434,0.014738597158198922,0.011219031082036113,0.014424095561892449,0.0025630072618539087,0.0008543357539513029,0.003291020216267043,0.010042361316544651,0.011088792074881103,0.027095236345137986,0.004271678769756515,0.006407518154634771,0.025958933642773983,0.03367074976497733,0.005404065264503675,0.028986865039653108,0.011601915688267465,0.013952644414172495,0.004698846646732166,0.009397693293464331,0.009184109354976506,0.008759552283078748,0.021347348134991475,0.02897190311824517,0.01418641188422405,0.0012815036309269544,0.0,0.003844510892780863,0.006193934216146946,0.0012815036309269544,0.018801913599623403,0.03419170579359738,0.01046561298590346,0.0233275433709952,0.009632766166054834,0.010298923123237831,0.025913344969490736,0.008329773601025202,0.004701457451810061,0.021620177265631542,0.007261853908586074,0.01025463985249353,0.004615501715399352,0.0012815036309269544,0.0054066760695815706,0.016750724548616903,0.0,0.008289406537897743,0.00021358393848782572,0.007522331922896097,0.0006407518154634772,0.014249573283993133,0.00570360493940221,0.017779582580467523,0.010104217313774788,0.01046561298590346,0.0008543357539513029,0.22078343432128206,0.015805211448099103,0.017793239099336514,0.00448526270824434,0.026001911510979338,0.00963537697113273,0.008674901949206988
supramarginal-lh,0.02507726241312438,0.024355300859598854,0.015218594355285003,0.006640841173215274,0.008438688766861758,0.017617574443861264,0.0,0.0040114613180515755,0.01632540121748755,0.016441948931487385,0.006087437742114001,0.011127056036458027,0.008024349750968456,0.00857775318206973,0.036600422108863495,0.012490902142733686,0.0020057306590257878,0.010020249174255482,0.019744134161482806,0.018932264371443113,0.002767017155506364,0.004980630879911455,0.048823026656919996,0.014388489208633094,0.0020057306590257878,0.0040114613180515755,0.0024903154399557276,0.010237963475373547,0.007223738311532832,0.010563821369617993,0.007470946319867183,0.00996126175982291,0.008487844945555567,0.0030437188710570003,0.006937205360243434,0.015218594355285003,0.00869572801093487,0.010315186246418338,0.01823979652513387,0.009209806499081097,0.0005730659025787965,0.002767017155506364,0.014941892639734366,0.0028653295128939827,0.00588938591247346,0.00825046817295998,0.00387382401770891,0.0,0.0182608861114767,0.017854951216456853,0.010424756954410024,0.007272894490226641,0.0037249283667621777,0.008685896775196109,0.0017191977077363897,0.0020057306590257878,0.007194244604316547,0.00028653295128939826,0.02240998472987094,0.020098058648078232,0.009021585905179317,0.02148997134670487,0.2848759123624618,0.02605483609585772,0.00387382401770891,0.00387382401770891,0.01518624641833811,0.0037150971310234157
supramarginal-rh,0.007337953526294333,0.006114961271911945,0.0,0.00020383204239706482,0.019248688531199744,0.013195884832656133,0.00467032967032967,0.024291179672345592,0.00545026722156767,0.0073910394538197225,0.017289996998517177,0.003021978021978022,0.004723527593482751,0.002197802197802198,0.02906790518898142,0.02032989432092571,0.0008862214019164692,0.0,0.029147646075897198,0.015898787311343365,0.0052197802197802195,0.007346689185254208,0.023103578036313462,0.009934460158675405,0.011822146463402069,0.004874161712726735,0.0057692307692307696,0.019098054411955757,0.01576573650564682,0.016332882364272498,0.009261030449371255,0.006026260734780914,0.02160619649408887,0.014658099747785848,0.011538461538461539,0.008516483516483516,0.01814105177333877,0.014525048942089301,0.02040067555762623,0.007142857142857143,0.023635557267844266,0.011538461538461539,0.009065934065934067,0.012442490245180828,0.01565956465059604,0.03131901730556439,0.010200449774440807,0.010758747978478918,0.0018344883815735833,0.013860578883000407,0.011662664689570518,0.020675512827979196,0.0012229922543823889,0.005822428692383849,0.011804451154226939,0.008764777823073788,0.0,0.006407381855812349,0.007789855884026288,0.012548774095859298,0.00911028433449958,0.017635839496826046,0.021827723845661066,0.2144735309533516,0.013559198648884748,0.005707297187117815,0.022837924407431133,0.006283290700331059
temporalpole-lh,0.00855027741607412,0.004467636874349226,0.01078165484175606,0.009088081068139763,0.016058633486615837,0.015600602090130736,0.005568728338464014,0.0172668365350291,0.03282662491300235,0.005539143279172821,0.019947262434903107,0.02520139321219147,0.03177796637575017,0.010715747531453898,0.0008980969483841285,0.007667900581702803,0.0416982370819719,0.007998608818730095,0.013710770992503556,0.0010576414595452142,0.006368696624842701,0.012539280756940089,0.0027467237720149944,0.006040624680227495,0.023434784374714406,0.008989952406134321,0.017077706964576823,0.009509790213613891,0.01957349475514507,0.01982179444417973,0.012887954838553452,0.003642574989825864,0.00819447558090215,0.004494976203067161,0.028639118517552242,0.0005539143279172822,0.022527704504037238,0.008588845397658348,0.014750056045623872,0.00723047132221586,0.010708619777895294,0.01299731215342519,0.005757857908916293,0.013674448741492587,0.02497594139072822,0.0006610259122157589,0.010565185942585847,0.0015864621893178213,0.01666273501082247,0.005810290835778902,0.014880015497493765,0.01782748805466616,0.012427287149656267,0.013088313061872026,0.011948653616173009,0.012427287149656267,0.0027216301738703197,0.010991386549206495,0.007002383208340526,0.0187031276973177,0.013065855756139437,0.003145585049917709,0.0022156573116691287,0.009407170090461933,0.1643233281805208,0.019137920664392554,0.03349214228636463,0.0057601036394895515
temporalpole-rh,0.000499001996007984,0.01122754491017964,0.03250493657931794,0.026320184263334108,0.0023427041499330657,0.003493013972055888,0.001004016064257028,0.01357993517650108,0.004344724206206062,0.004740518962075849,0.019439701587454276,0.02619426475028524,0.003992015968063872,0.028047319016585304,0.0,0.014167782240071397,0.005829706049747894,0.0190305466710488,0.008813029897367246,0.0025274083693389657,0.011726546906187624,0.000998003992015968,0.0,0.0054890219560878245,0.018847178467696468,0.023244675308018502,0.00873253493013972,0.013101307425310023,0.008616301533479226,0.022601717582238466,0.001109561332488971,0.009417577161607174,0.022170852404962495,0.009584245164289894,0.004746531034316909,0.016467065868263474,0.030050675088911866,0.015701862673581885,0.010847448342939289,0.019947053683797067,0.014393234949111149,0.020618735754728827,0.0,0.006736526946107785,0.017405283141882232,0.010817387981733987,0.005800981704596163,0.005618615513284008,0.018928675446964173,0.014838128294949592,0.01724696523953432,0.017111359610097077,0.026792799942284104,0.019768361536632223,0.009036144578313253,0.029689616750434872,0.010151717983043285,0.02181714215478013,0.004050800674420904,0.00011155734047300312,0.0015618027666220438,0.023462779928763625,0.0029940119760479044,0.0037929495760821064,0.01899948429780332,0.19182752299951636,0.0,0.004928897225629063
transversetemporal-lh,0.03091259822628406,0.009765826446095686,0.0013576415826221878,0.0027296082209377005,0.01984007756955375,0.031271970275634005,0.004969548668567041,0.0173314489033983,0.031658248516547055,0.0,0.010951816491801335,0.002133436772692009,0.05570005176950562,0.00674373795761079,0.011249030256012413,0.0,0.05367311867175094,0.0003878975950349108,0.004816955684007707,0.01298186373209804,0.016306024047159577,0.024180071181824567,0.012412723041117145,0.013398411438519602,0.0,0.0055053057514974045,0.043331798683888624,0.019960906300184406,0.004502178155859595,0.002133436772692009,0.013477884356192137,0.0,0.0029092319627618307,0.0024084778420038534,0.043832552804646596,0.0010635419609531368,0.010985200099851865,0.0019267822736030828,0.0,0.01123956326268465,0.0061014771997430954,0.0030968279094935507,0.007196783414624911,0.03599986148293973,0.02068587868396834,0.00803299297001006,0.005726285306279656,0.005023610183096633,0.010094929029937125,0.009319133839867303,0.009953422392827406,0.028067019337081264,0.0027296082209377005,0.006756443659182261,0.003371868978805395,0.005826436130431252,0.0019267822736030828,0.002602426639521309,0.008888261077752415,0.02170806483196336,0.019391765609203512,0.00905679847212693,0.010279286268425137,0.01846013872633065,0.031219528115226262,0.0,0.1680873384943395,0.0023480634766885255
transversetemporal-rh,0.009270311898344243,0.028826530612244897,0.017943781286099345,0.017500962649210628,0.005929919137466307,0.011224489795918367,0.015489025798998845,0.00510204081632653,0.0016172506738544475,0.010218521370812476,0.01334713130535233,0.010459183673469388,0.0,0.0012755102040816326,0.005145360030804774,0.014646707739699654,0.0,0.0,0.02383038120908741,0.019777628032345014,0.01479591836734694,0.0035714285714285713,0.0028061224489795917,0.004351174432036966,0.005121293800539084,0.01771274547554871,0.0,0.016711590296495958,0.004851752021563342,0.01880535232961109,0.013563727377743551,0.03092029264536003,0.02591451675009627,0.013197920677705043,0.00025510204081632655,0.022482672314208703,0.015229110512129381,0.00646900269541779,0.01725067385444744,0.0024114362726222567,0.022771467077396995,0.007816711590296496,0.0,0.01607142857142857,0.0071765498652291105,0.035651713515594916,0.012812860993453986,0.0010204081632653062,0.00646900269541779,0.008736041586445899,0.009530227185213708,0.005660377358490566,0.024797843665768194,0.011845398536773199,0.015633423180592992,0.018088178667693494,0.002637658837119754,0.02423950712360416,0.011826145552560646,0.005357142857142857,0.00646900269541779,0.00878898729303042,0.003460723912206392,0.0066085868309588,0.010141509433962265,0.007802271852137081,0.004664035425490951,0.25589622641509435
