,bankssts-lh,bankssts-rh,caudalanteriorcingulate-lh,caudalanteriorcingulate-rh,caudalmiddlefrontal-lh,caudalmiddlefrontal-rh,cuneus-lh,cuneus-rh,entorhinal-lh,entorhinal-rh,frontalpole-lh,frontalpole-rh,fusiform-lh,fusiform-rh,inferiorparietal-lh,inferiorparietal-rh,inferiortemporal-lh,inferiortemporal-rh,insula-lh,insula-rh,isthmuscingulate-lh,isthmuscingulate-rh,lateraloccipital-lh,lateraloccipital-rh,lateralorbitofrontal-lh,lateralorbitofrontal-rh,lingual-lh,lingual-rh,medialorbitofrontal-lh,medialorbitofrontal-rh,middletemporal-lh,middletemporal-rh,paracentral-lh,paracentral-rh,parahippocampal-lh,parahippocampal-rh,parsopercularis-lh,parsopercularis-rh,parsorbitalis-lh,parsorbitalis-rh,parstriangularis-lh,parstriangularis-rh,pericalcarine-lh,pericalcarine-rh,postcentral-lh,postcentral-rh,posteriorcingulate-lh,posteriorcingulate-rh,precentral-lh,precentral-rh,precuneus-lh,precuneus-rh,rostralanteriorcingulate-lh,rostralanteriorcingulate-rh,rostralmiddlefrontal-lh,rostralmiddlefrontal-rh,superiorfrontal-lh,superiorfrontal-rh,superiorparietal-lh,superiorparietal-rh,superiortemporal-lh,superiortemporal-rh,supramarginal-lh,supramarginal-rh,temporalpole-lh,temporalpole-rh,transversetemporal-lh,transversetemporal-rh
bankssts-lh,0.1348118535440066,0.0,0.0779554540262707,0.02287581699346405,0.0,0.0,0.0,0.0,0.0,0.0,0.07766990291262135,0.04854368932038835,0.0,0.0,0.013071895424836602,0.0,0.019417475728155338,0.042483660130718956,0.0,0.0392156862745098,0.032679738562091505,0.0,0.03398058252427184,0.0,0.0,0.0,0.0,0.03594771241830065,0.0,0.07766990291262135,0.024271844660194174,0.0,0.0,0.0,0.0,0.0196078431372549,0.0,0.0,0.0,0.0,0.0,0.0,0.0,0.0,0.0,0.019417475728155338,0.049019607843137254,0.05228758169934641,0.024271844660194174,0.0392156862745098,0.0,0.0,0.0,0.026143790849673203,0.0,0.0,0.06329716352560441,0.0,0.0,0.0,0.0,0.0,0.0,0.0,0.0,0.0,0.0,0.026143790849673203
bankssts-rh,0.0,0.2586410054988217,0.03731343283582089,0.018656716417910446,0.018656716417910446,0.0,0.046052631578947366,0.05263157894736842,0.0,0.06578947368421052,0.0,0.0,0.0037313432835820895,0.0,0.0,0.0,0.014925373134328358,0.0,0.0,0.0,0.03289473684210526,0.0,0.0,0.0,0.011194029850746268,0.0,0.05263157894736842,0.013157894736842105,0.011194029850746268,0.018656716417910446,0.0,0.007462686567164179,0.007462686567164179,0.0,0.019736842105263157,0.0,0.007462686567164179,0.0,0.0,0.0,0.0,0.029850746268656716,0.0,0.0,0.0,0.0,0.06343283582089553,0.029850746268656716,0.0,0.0,0.0,0.0,0.022388059701492536,0.03731343283582089,0.0,0.0,0.0,0.0,0.007462686567164179,0.0,0.0,0.039473684210526314,0.0,0.0,0.0,0.0,0.0,0.0719756480754124
caudalanteriorcingulate-lh,0.021228179551122196,0.01875,0.08147210099750624,0.01935006234413965,0.011221945137157107,0.0,0.006234413965087282,0.005618765586034913,0.0,0.0,0.01717191396508728,0.03309694513715711,0.014346945137157108,0.010621882793017456,0.0,0.0071812655860349125,0.0140625,0.006234413965087282,0.009375,0.018703241895261846,0.013415679551122193,0.025268859102244388,0.031534445137157106,0.0071812655860349125,0.025284445137157108,0.009375,0.020596945137157107,0.016225062344139653,0.0,0.037784445137157105,0.008728179551122194,0.0,0.023721945137157106,0.015909445137157106,0.012468827930174564,0.0078125,0.012784445137157107,0.0,0.0,0.006234413965087282,0.0,0.03028756234413965,0.020596945137157107,0.012800031172069825,0.003740648379052369,0.0,0.041193890274314214,0.021512624688279303,0.0140625,0.011221945137157107,0.020596945137157107,0.017471945137157108,0.029971945137157105,0.037468827930174566,0.011221945137157107,0.011221945137157107,0.03527509351620948,0.011221945137157107,0.023721945137157106,0.011221945137157107,0.003740648379052369,0.0,0.0,0.020596945137157107,0.0,0.011237531172069826,0.0015625,0.029056265586034913
caudalanteriorcingulate-rh,0.020833333333333332,0.00995575221238938,0.033849557522123895,0.1387905604719764,0.0,0.0,0.0055309734513274336,0.00995575221238938,0.004424778761061947,0.0,0.0,0.0,0.00995575221238938,0.014380530973451327,0.0,0.011061946902654867,0.00663716814159292,0.02024336283185841,0.08938053097345132,0.03274336283185841,0.015228613569321533,0.01327433628318584,0.014380530973451327,0.011061946902654867,0.015486725663716814,0.014380530973451327,0.014380530973451327,0.03716814159292035,0.0,0.004424778761061947,0.0,0.012168141592920354,0.015486725663716814,0.011061946902654867,0.007743362831858407,0.01327433628318584,0.011061946902654867,0.0,0.0,0.0,0.0,0.00663716814159292,0.014380530973451327,0.01327433628318584,0.05416666666666667,0.0,0.03971238938053097,0.020833333333333332,0.0,0.03997050147492626,0.014380530973451327,0.012168141592920354,0.014380530973451327,0.01327433628318584,0.0,0.007743362831858407,0.05,0.0055309734513274336,0.015486725663716814,0.00663716814159292,0.0,0.007743362831858407,0.0,0.014380530973451327,0.0,0.012168141592920354,0.008849557522123894,0.00995575221238938
caudalmiddlefrontal-lh,0.0,0.02142857142857143,0.011494252873563218,0.0,0.18152709359605912,0.0,0.005747126436781609,0.0,0.0,0.0,0.007183908045977011,0.014367816091954023,0.11867816091954024,0.007183908045977011,0.0,0.0028735632183908046,0.0,0.0,0.0,0.015804597701149427,0.005747126436781609,0.017241379310344827,0.015804597701149427,0.0,0.014367816091954023,0.0,0.014367816091954023,0.0,0.09285714285714286,0.017241379310344827,0.06720032840722495,0.0,0.01867816091954023,0.01867816091954023,0.0,0.0,0.01867816091954023,0.0,0.0,0.007183908045977011,0.0,0.011494252873563218,0.015804597701149427,0.0,0.0,0.0,0.017241379310344827,0.015804597701149427,0.0,0.0,0.01867816091954023,0.01867816091954023,0.01293103448275862,0.014367816091954023,0.014367816091954023,0.01293103448275862,0.007183908045977011,0.017241379310344827,0.01867816091954023,0.01867816091954023,0.004310344827586207,0.0,0.06428571428571428,0.017241379310344827,0.0,0.005747126436781609,0.0,0.0
caudalmiddlefrontal-rh,0.0,0.0,0.0,0.0,0.0,0.6309523809523809,0.0,0.0,0.0,0.0,0.0,0.0,0.0,0.0,0.0,0.0,0.0,0.0,0.0,0.0,0.0,0.0,0.0,0.0,0.0,0.0,0.0,0.0,0.018518518518518517,0.0,0.0,0.0,0.0,0.0,0.0,0.0,0.0,0.0,0.0,0.0,0.0,0.0,0.0,0.0,0.0,0.0,0.0,0.0,0.0,0.0,0.0,0.0,0.0,0.0,0.0,0.0,0.0,0.15476190476190477,0.0,0.0,0.0,0.0,0.0,0.0,0.047619047619047616,0.0,0.14814814814814814,0.0
cuneus-lh,0.0,0.008741258741258742,0.013986013986013986,0.009554140127388535,0.008741258741258742,0.0,0.11008418333259098,0.05981916172998976,0.018607188989354595,0.015734265734265736,0.008741258741258742,0.008741258741258742,0.018295398868647277,0.009554140127388535,0.0,0.01305064362389203,0.0,0.009554140127388535,0.009554140127388535,0.01479889537214378,0.038840140750968775,0.048204979733642156,0.018295398868647277,0.009554140127388535,0.018295398868647277,0.009554140127388535,0.018295398868647277,0.009554140127388535,0.0,0.008741258741258742,0.024475524475524476,0.009554140127388535,0.018295398868647277,0.018295398868647277,0.03453075586833548,0.009554140127388535,0.018295398868647277,0.0,0.0,0.008741258741258742,0.0,0.008741258741258742,0.030533161106409516,0.01592356687898089,0.0,0.0,0.008741258741258742,0.008741258741258742,0.0,0.009554140127388535,0.018295398868647277,0.018295398868647277,0.016703042180749188,0.015110685492851099,0.008741258741258742,0.0294418956839339,0.0034965034965034965,0.016703042180749188,0.018295398868647277,0.018295398868647277,0.005244755244755245,0.0445191750924235,0.0,0.018295398868647277,0.0,0.01654714712039553,0.009554140127388535,0.0015923566878980893
cuneus-rh,0.0,0.037037037037037035,0.02919586252919586,0.01126126126126126,0.0,0.0,0.1190357023690357,0.14210043376710044,0.0045045045045045045,0.07411578244911578,0.0,0.0,0.010135135135135136,0.01126126126126126,0.0,0.01126126126126126,0.0,0.007882882882882882,0.01126126126126126,0.007882882882882882,0.02252252252252252,0.07807807807807807,0.01126126126126126,0.01126126126126126,0.01126126126126126,0.01126126126126126,0.01126126126126126,0.01126126126126126,0.0,0.0,0.0,0.007882882882882882,0.01126126126126126,0.01126126126126126,0.07978812145478811,0.01126126126126126,0.009009009009009009,0.0,0.0,0.0,0.0,0.0022522522522522522,0.01126126126126126,0.015765765765765764,0.0022522522522522522,0.0,0.0,0.0,0.0,0.006756756756756757,0.01126126126126126,0.01126126126126126,0.010135135135135136,0.009009009009009009,0.0,0.007882882882882882,0.0,0.00563063063063063,0.01126126126126126,0.006756756756756757,0.0,0.07578411745078412,0.0,0.01126126126126126,0.0,0.01126126126126126,0.009009009009009009,0.00563063063063063
entorhinal-lh,0.0,0.0,0.0,0.00992063492063492,0.0,0.0,0.03651637960148599,0.00992063492063492,0.20854441067207025,0.0,0.0,0.0,0.00992063492063492,0.00992063492063492,0.0,0.025793650793650792,0.0425531914893617,0.00992063492063492,0.00992063492063492,0.00992063492063492,0.00992063492063492,0.00992063492063492,0.00992063492063492,0.00992063492063492,0.00992063492063492,0.00992063492063492,0.00992063492063492,0.03571428571428571,0.0,0.0,0.11702127659574468,0.00992063492063492,0.00992063492063492,0.00992063492063492,0.00992063492063492,0.00992063492063492,0.00992063492063492,0.0,0.0,0.0,0.007936507936507936,0.0,0.08438872002701789,0.00992063492063492,0.0,0.0,0.0,0.0,0.0,0.00992063492063492,0.00992063492063492,0.00992063492063492,0.007936507936507936,0.005952380952380952,0.0,0.00992063492063492,0.0,0.00992063492063492,0.00992063492063492,0.00992063492063492,0.021825396825396824,0.08438872002701789,0.0,0.00992063492063492,0.0,0.00992063492063492,0.023809523809523808,0.0
entorhinal-rh,0.0,0.0547945205479452,0.0,0.0,0.0,0.0,0.07534246575342465,0.15719178082191781,0.0,0.41974885844748855,0.0,0.0,0.0,0.0,0.0,0.016666666666666666,0.0,0.0,0.0,0.0,0.0,0.0136986301369863,0.0,0.0,0.0,0.0,0.0,0.02054794520547945,0.0,0.0,0.0,0.0,0.0,0.0,0.10684931506849316,0.0,0.0,0.0,0.0,0.0,0.0,0.0,0.0,0.0,0.016666666666666666,0.05,0.0,0.0,0.0,0.0,0.0,0.0,0.0,0.0,0.0,0.0,0.0,0.0,0.0,0.0,0.0,0.0684931506849315,0.0,0.0,0.0,0.0,0.0,0.0
frontalpole-lh,0.0625,0.0,0.04401595744680851,0.0,0.01276595744680851,0.0,0.00851063829787234,0.0,0.0,0.0,0.12510342789598108,0.04401595744680851,0.01276595744680851,0.0,0.03125,0.00425531914893617,0.010416666666666666,0.0,0.0,0.00851063829787234,0.00851063829787234,0.01276595744680851,0.03707151300236407,0.0,0.029787234042553193,0.0,0.01276595744680851,0.0,0.01702127659574468,0.08568262411347519,0.033599290780141844,0.0,0.01276595744680851,0.01276595744680851,0.0,0.0,0.01276595744680851,0.010416666666666666,0.02127659574468085,0.010638297872340425,0.0,0.01276595744680851,0.01276595744680851,0.0,0.0,0.017361111111111112,0.01276595744680851,0.01276595744680851,0.013888888888888888,0.0,0.01276595744680851,0.01276595744680851,0.03707151300236407,0.01276595744680851,0.023182624113475176,0.01276595744680851,0.051521867612293146,0.019710401891252956,0.01276595744680851,0.01276595744680851,0.006382978723404255,0.0,0.0,0.01276595744680851,0.0,0.00851063829787234,0.0,0.0
frontalpole-rh,0.029197080291970802,0.0,0.05986761572289975,0.0072992700729927005,0.017080745341614908,0.0,0.006211180124223602,0.0,0.0,0.0,0.03331142041075395,0.10311919118647142,0.017080745341614908,0.004658385093167702,0.0,0.003105590062111801,0.04744525547445255,0.0,0.0,0.013975155279503106,0.006211180124223602,0.017080745341614908,0.04262819059708936,0.0,0.015527950310559006,0.0,0.015527950310559006,0.0,0.0,0.07182527088906017,0.010869565217391304,0.010948905109489052,0.017080745341614908,0.017080745341614908,0.0,0.0,0.017080745341614908,0.021897810218978103,0.0,0.007763975155279503,0.0,0.012422360248447204,0.017080745341614908,0.0,0.0,0.0,0.017080745341614908,0.020730380378111257,0.032846715328467155,0.0,0.017080745341614908,0.017080745341614908,0.013975155279503106,0.015527950310559006,0.019177585347055357,0.013975155279503106,0.0807566758852065,0.046277825633585706,0.017080745341614908,0.017080745341614908,0.004658385093167702,0.0,0.0,0.017080745341614908,0.0,0.006211180124223602,0.0,0.0
fusiform-lh,0.0,0.0,0.015796703296703296,0.01201923076923077,0.030906593406593408,0.0,0.01150412087912088,0.010817307692307692,0.004807692307692308,0.0,0.006868131868131868,0.013736263736263736,0.05065247252747253,0.02300824175824176,0.001201923076923077,0.014766483516483518,0.0,0.008413461538461538,0.01201923076923077,0.027644230769230768,0.017513736263736264,0.028502747252747256,0.02712912087912088,0.01201923076923077,0.025755494505494504,0.01201923076923077,0.025755494505494504,0.01201923076923077,0.01201923076923077,0.016483516483516484,0.02403846153846154,0.008413461538461538,0.029876373626373624,0.03399725274725275,0.008413461538461538,0.01201923076923077,0.027472527472527472,0.0,0.0,0.006868131868131868,0.0,0.013392857142857144,0.02712912087912088,0.01201923076923077,0.0,0.0,0.016483516483516484,0.01510989010989011,0.0,0.007211538461538462,0.029876373626373624,0.03125,0.025583791208791208,0.023351648351648352,0.013736263736263736,0.0207760989010989,0.006868131868131868,0.022493131868131868,0.032623626373626376,0.027815934065934064,0.004120879120879121,0.008413461538461538,0.015625,0.028502747252747256,0.0,0.017513736263736264,0.009615384615384616,0.006009615384615385
fusiform-rh,0.0,0.002347417840375587,0.009389671361502348,0.015258215962441314,0.012096774193548387,0.0,0.005868544600938967,0.01056338028169014,0.004694835680751174,0.0,0.0,0.004032258064516129,0.034756928668786914,0.1362259578979252,0.0,0.011737089201877934,0.0,0.0283772527638952,0.015258215962441314,0.0566030592155081,0.011737089201877934,0.026181281235801906,0.02332273209147357,0.011737089201877934,0.020464182947145238,0.015258215962441314,0.019290474026957445,0.012910798122065728,0.0,0.016791609874299562,0.0,0.008215962441314555,0.032560957140693625,0.039962895653490836,0.008215962441314555,0.014084507042253521,0.025518703619566863,0.020161290322580645,0.0,0.0,0.0,0.007042253521126761,0.02332273209147357,0.014084507042253521,0.0,0.0,0.014444192033923973,0.008064516129032258,0.0,0.007042253521126761,0.03138724822050583,0.033072088444646375,0.015258215962441314,0.01811676510676965,0.004032258064516129,0.008215962441314555,0.0,0.017965318794487352,0.04062547326972588,0.031235801908223535,0.0,0.008215962441314555,0.004032258064516129,0.027354990155989703,0.0,0.012910798122065728,0.009389671361502348,0.01056338028169014
inferiorparietal-lh,0.05,0.0,0.0,0.0,0.0,0.0,0.011764705882352941,0.0,0.0,0.0,0.052941176470588235,0.011764705882352941,0.0,0.0,0.26519607843137255,0.06666666666666667,0.0,0.03333333333333333,0.0,0.0,0.054411764705882354,0.0,0.0,0.0,0.0,0.0,0.0,0.0,0.0,0.047058823529411764,0.011764705882352941,0.0,0.0,0.0,0.0,0.041666666666666664,0.0,0.029411764705882353,0.0,0.023529411764705882,0.0,0.0,0.0,0.025,0.0,0.0,0.025,0.05,0.0,0.0,0.0,0.0,0.058823529411764705,0.025,0.029411764705882353,0.0,0.041176470588235294,0.023529411764705882,0.0,0.0,0.0,0.0,0.0058823529411764705,0.0,0.0,0.0,0.0,0.016666666666666666
inferiorparietal-rh,0.0,0.0,0.014959453691848057,0.012910798122065728,0.00909090909090909,0.0,0.014959453691848057,0.01056338028169014,0.012910798122065728,0.004694835680751174,0.00909090909090909,0.00909090909090909,0.01965428937259923,0.012910798122065728,0.030303030303030304,0.11028595817328211,0.0,0.008215962441314555,0.012910798122065728,0.011246265471617585,0.020827998292787024,0.02200170721297482,0.02200170721297482,0.029918907383696115,0.02200170721297482,0.012910798122065728,0.02200170721297482,0.015258215962441314,0.0,0.010264618011096883,0.00909090909090909,0.008215962441314555,0.02200170721297482,0.032565087494664954,0.008215962441314555,0.012910798122065728,0.018480580452411438,0.0,0.0,0.00909090909090909,0.0,0.012612035851472471,0.02200170721297482,0.05836534357661118,0.0,0.030303030303030304,0.00909090909090909,0.00909090909090909,0.0,0.007042253521126761,0.02200170721297482,0.02200170721297482,0.020827998292787024,0.01965428937259923,0.00909090909090909,0.017306871532223645,0.0,0.014959453691848057,0.02200170721297482,0.016133162612035852,0.00909090909090909,0.008215962441314555,0.0,0.02200170721297482,0.0,0.02200170721297482,0.017605633802816902,0.007042253521126761
inferiortemporal-lh,0.012987012987012988,0.03896103896103896,0.045454545454545456,0.05194805194805195,0.0,0.0,0.0,0.0,0.0967741935483871,0.0,0.006493506493506494,0.07142857142857142,0.0,0.0,0.0,0.0,0.4007121910347717,0.0,0.0,0.0,0.0,0.0,0.006493506493506494,0.0,0.0,0.0,0.0,0.0,0.0,0.01948051948051948,0.0,0.03896103896103896,0.0,0.0,0.0,0.0,0.006493506493506494,0.0,0.0,0.0,0.0,0.0,0.03225806451612903,0.0,0.0,0.0,0.0,0.0,0.045454545454545456,0.0,0.0,0.0,0.0,0.0,0.0,0.0,0.045454545454545456,0.0,0.0,0.0,0.0,0.03225806451612903,0.0,0.0,0.04838709677419355,0.0,0.0,0.0
inferiortemporal-rh,0.03494623655913978,0.0,0.02216168590642644,0.026818786636458446,0.0,0.0,0.008361204013377926,0.013377926421404682,0.006688963210702341,0.0,0.0,0.0,0.013377926421404682,0.024130614593447695,0.005376344086021506,0.013377926421404682,0.0,0.08225446829934908,0.013377926421404682,0.05435681662890639,0.04025964685151221,0.013377926421404682,0.013377926421404682,0.013377926421404682,0.013377926421404682,0.013377926421404682,0.013377926421404682,0.04294781889452296,0.0,0.0,0.0,0.011705685618729096,0.013377926421404682,0.013377926421404682,0.011705685618729096,0.024130614593447695,0.013377926421404682,0.010752688172043012,0.0,0.0,0.0,0.0,0.013377926421404682,0.013377926421404682,0.0,0.0,0.03494623655913978,0.03494623655913978,0.026881720430107527,0.06379688567626857,0.013377926421404682,0.013377926421404682,0.011705685618729096,0.031538821160139535,0.0,0.011705685618729096,0.021505376344086023,0.008361204013377926,0.013377926421404682,0.010033444816053512,0.0,0.011705685618729096,0.01881720430107527,0.013377926421404682,0.0,0.013377926421404682,0.013377926421404682,0.02652209875211278
insula-lh,0.0,0.002347417840375587,0.009389671361502348,0.16848402241405422,0.0,0.0,0.005868544600938967,0.01056338028169014,0.004694835680751174,0.0,0.0,0.0,0.01056338028169014,0.015258215962441314,0.0,0.011737089201877934,0.0,0.008215962441314555,0.25719369983340906,0.008215962441314555,0.011737089201877934,0.014084507042253521,0.015258215962441314,0.011737089201877934,0.01643192488262911,0.015258215962441314,0.015258215962441314,0.012910798122065728,0.0,0.004694835680751174,0.0,0.008215962441314555,0.01643192488262911,0.011737089201877934,0.008215962441314555,0.014084507042253521,0.009389671361502348,0.0,0.0,0.0,0.0,0.007042253521126761,0.015258215962441314,0.014084507042253521,0.10483870967741936,0.0,0.002347417840375587,0.0,0.0,0.007042253521126761,0.015258215962441314,0.012910798122065728,0.015258215962441314,0.014084507042253521,0.0,0.008215962441314555,0.0,0.005868544600938967,0.01643192488262911,0.007042253521126761,0.0,0.008215962441314555,0.0,0.015258215962441314,0.0,0.012910798122065728,0.009389671361502348,0.01056338028169014
insula-rh,0.01282051282051282,0.0,0.021270977084930573,0.023545446801260757,0.011538461538461539,0.0,0.009587699122582845,0.013289036544850499,0.006644518272425249,0.0,0.002564102564102564,0.008974358974358974,0.028673651929465884,0.029955703211517165,0.0,0.013289036544850499,0.0,0.03327796234772979,0.013289036544850499,0.055451912428656616,0.022263395519209472,0.024827498083312038,0.023545446801260757,0.013289036544850499,0.022263395519209472,0.013289036544850499,0.022263395519209472,0.027391600647414603,0.0,0.011538461538461539,0.005128205128205128,0.011627906976744186,0.02610954936536332,0.029955703211517165,0.011627906976744186,0.013289036544850499,0.02610954936536332,0.0,0.0,0.002564102564102564,0.0,0.00641025641025641,0.023545446801260757,0.013289036544850499,0.0,0.0,0.026923076923076925,0.023076923076923078,0.0,0.02535139279325326,0.02610954936536332,0.027391600647414603,0.01932021466905188,0.024069341511201978,0.008974358974358974,0.01932021466905188,0.015384615384615385,0.0198441093789931,0.028673651929465884,0.02535139279325326,0.0,0.011627906976744186,0.0,0.024827498083312038,0.0,0.014571087826901781,0.013289036544850499,0.011393645114575347
isthmuscingulate-lh,0.013966480446927373,0.009776536312849162,0.019473088376442793,0.016304481579012133,0.006983240223463687,0.0,0.02651170231092954,0.018722466960352423,0.004405286343612335,0.0,0.006983240223463687,0.006983240223463687,0.01689513449659144,0.012114537444933921,0.0069032559742081565,0.013806511948416313,0.0,0.02167573154824896,0.012114537444933921,0.023072379592941696,0.08162700268254866,0.027908350355622277,0.019097777668397608,0.011013215859030838,0.019097777668397608,0.012114537444933921,0.03446090616001772,0.03585755420471046,0.0,0.00808456180936677,0.006983240223463687,0.01748578741417075,0.019097777668397608,0.017996456082494526,0.014317180616740088,0.016304481579012133,0.015793812910688355,0.0,0.003303964757709251,0.014692491324785274,0.0,0.012489848152979106,0.019097777668397608,0.018722466960352423,0.0,0.0,0.02094972067039106,0.02094972067039106,0.0,0.017781113872960403,0.019097777668397608,0.02887431398124677,0.017996456082494526,0.03225826298821155,0.006983240223463687,0.023072379592941696,0.00558659217877095,0.012489848152979106,0.019097777668397608,0.013591169738882188,0.004189944134078212,0.007709251101321586,0.0,0.02468436984716856,0.0,0.020494425713090347,0.00881057268722467,0.033144242364580516
isthmuscingulate-rh,0.0,0.0010799136069114472,0.02669204830960462,0.014038876889848811,0.015306122448979591,0.0,0.027873892537576585,0.028367016352977475,0.004319654427645789,0.0,0.006377551020408163,0.012755102040816327,0.026300855115264248,0.020416427910256975,0.0,0.013350156477277735,0.0,0.00755939524838013,0.014038876889848811,0.02159000749327809,0.02670031295455547,0.050739410234936305,0.028069489134746772,0.012074646273196103,0.026793978930665138,0.014038876889848811,0.026793978930665138,0.011879049676025918,0.0,0.018545863269713934,0.008928571428571428,0.00755939524838013,0.030620509542910037,0.027380768722175694,0.02914940274165822,0.012958963282937365,0.0252209415083528,0.0,0.0,0.006377551020408163,0.0,0.015603649667210295,0.028069489134746772,0.017278617710583154,0.0,0.0,0.016386036055891038,0.01403061224489796,0.0,0.0064794816414686825,0.030620509542910037,0.028460682329087144,0.024438555119672058,0.024634151716842245,0.012755102040816327,0.019038987085114825,0.006377551020408163,0.020705690483536827,0.030620509542910037,0.023061114294529908,0.003826530612244898,0.010110415656543395,0.0,0.029344999338828403,0.0,0.016981090492352448,0.008639308855291577,0.008639308855291577
lateraloccipital-lh,0.007291666666666667,0.0020833333333333333,0.027459319526627217,0.013541666666666667,0.01775147928994083,0.0,0.011125493096646942,0.009375,0.004166666666666667,0.0,0.013646449704142012,0.02208456607495069,0.02712647928994083,0.019458826429980276,0.0,0.01337524654832347,0.003125,0.007291666666666667,0.013541666666666667,0.02208456607495069,0.016333826429980276,0.03025147928994083,0.03606385601577909,0.010416666666666666,0.029376232741617356,0.013541666666666667,0.02833456607495069,0.011458333333333333,0.0,0.029209812623274163,0.010355029585798817,0.007291666666666667,0.03233481262327416,0.028168145956607493,0.007291666666666667,0.0125,0.02608481262327416,0.0,0.0,0.0073964497041420114,0.0,0.01808431952662722,0.029813856015779093,0.0125,0.0,0.0,0.01983481262327416,0.016272189349112426,0.004166666666666667,0.00625,0.031293145956607496,0.029209812623274163,0.026855276134122287,0.027292899408284024,0.014792899408284023,0.02060527613412229,0.014688116370808678,0.02295981262327416,0.03233481262327416,0.024001479289940827,0.004437869822485207,0.007291666666666667,0.0,0.031293145956607496,0.0,0.017375493096646943,0.008333333333333333,0.009375
lateraloccipital-rh,0.0,0.0,0.026684491978609625,0.014705882352941176,0.0,0.0,0.0066844919786096255,0.012032085561497326,0.0053475935828877,0.0,0.0,0.0,0.012032085561497326,0.014705882352941176,0.01,0.07336898395721925,0.0,0.009358288770053475,0.014705882352941176,0.009358288770053475,0.013368983957219251,0.014705882352941176,0.014705882352941176,0.15336898395721926,0.014705882352941176,0.014705882352941176,0.014705882352941176,0.014705882352941176,0.0,0.001336898395721925,0.0,0.009358288770053475,0.014705882352941176,0.013368983957219251,0.11935828877005347,0.054705882352941174,0.0106951871657754,0.0,0.0,0.0,0.0,0.004010695187165776,0.014705882352941176,0.07470588235294118,0.0,0.06,0.0,0.0,0.0,0.008021390374331552,0.014705882352941176,0.014705882352941176,0.013368983957219251,0.012032085561497326,0.0,0.009358288770053475,0.0,0.0066844919786096255,0.014705882352941176,0.008021390374331552,0.0,0.009358288770053475,0.0,0.014705882352941176,0.0,0.014705882352941176,0.0106951871657754,0.008021390374331552
lateralorbitofrontal-lh,0.0,0.005506607929515419,0.02280972461070932,0.014317180616740088,0.014705882352941176,0.0,0.010854201512403119,0.009911894273127754,0.004405286343612335,0.0,0.014705882352941176,0.013368983957219251,0.02461777662606893,0.018327875803905866,0.0,0.013687012650474688,0.0,0.007709251101321586,0.014317180616740088,0.019741336662818913,0.016360809441918537,0.027921741383778183,0.029023062969681265,0.011013215859030838,0.05505430045466324,0.014317180616740088,0.027686164573959338,0.012114537444933921,0.001336898395721925,0.022415133454262763,0.009358288770053475,0.007709251101321586,0.031225706141487432,0.025719098211972012,0.007709251101321586,0.013215859030837005,0.02351645504016585,0.0,0.020053475935828877,0.014705882352941176,0.008021390374331552,0.020607081438903156,0.029023062969681265,0.013215859030837005,0.0,0.0,0.020212490282456596,0.014705882352941176,0.0,0.006607929515418502,0.029023062969681265,0.026820419797875097,0.029653230935946667,0.029888807745765508,0.013368983957219251,0.019741336662818913,0.0066844919786096255,0.020212490282456596,0.031225706141487432,0.021313811868359678,0.004010695187165776,0.007709251101321586,0.0,0.029023062969681265,0.0,0.017462131027821622,0.00881057268722467,0.013215859030837005
lateralorbitofrontal-rh,0.0,0.002347417840375587,0.009389671361502348,0.015258215962441314,0.0,0.0,0.005868544600938967,0.01056338028169014,0.004694835680751174,0.0,0.0,0.0,0.01056338028169014,0.015258215962441314,0.0,0.02959423205902079,0.0,0.008215962441314555,0.015258215962441314,0.008215962441314555,0.011737089201877934,0.014084507042253521,0.015258215962441314,0.011737089201877934,0.01643192488262911,0.1670439302481556,0.015258215962441314,0.012910798122065728,0.0,0.004694835680751174,0.0,0.008215962441314555,0.01643192488262911,0.011737089201877934,0.008215962441314555,0.014084507042253521,0.07188967136150234,0.0,0.0,0.0,0.0,0.007042253521126761,0.015258215962441314,0.049798792756539235,0.0,0.125,0.002347417840375587,0.0,0.0,0.033827967806841046,0.015258215962441314,0.012910798122065728,0.015258215962441314,0.014084507042253521,0.0,0.008215962441314555,0.05357142857142857,0.005868544600938967,0.01643192488262911,0.033827967806841046,0.0,0.008215962441314555,0.0,0.015258215962441314,0.0,0.012910798122065728,0.009389671361502348,0.01056338028169014
lingual-lh,0.0,0.01487874616117759,0.01941473401814395,0.015258215962441314,0.013784461152882205,0.0,0.012134208761339969,0.01056338028169014,0.004694835680751174,0.002506265664160401,0.006265664160401002,0.012531328320802004,0.024347841434572345,0.019017614458681914,0.0,0.014243354866038335,0.0,0.008215962441314555,0.015258215962441314,0.01949415793003636,0.02802781601892054,0.027868968195135728,0.029042677115323517,0.011737089201877934,0.028963253203431114,0.015258215962441314,0.05661159942108793,0.02042959511454693,0.0,0.018479296833633377,0.008771929824561403,0.011975360937555156,0.030216386035511314,0.02552155035476014,0.008215962441314555,0.014084507042253521,0.023174132514384552,0.0,0.0,0.006265664160401002,0.0,0.017067316177768365,0.029042677115323517,0.014084507042253521,0.0,0.0,0.01613187899325779,0.013784461152882205,0.0,0.007042253521126761,0.029042677115323517,0.027948392107028132,0.026536411451163117,0.03288149952345653,0.012531328320802004,0.02826608775459776,0.006265664160401002,0.019653005753821173,0.030216386035511314,0.020826714674008966,0.0037593984962406013,0.008215962441314555,0.0,0.029042677115323517,0.0,0.02168272794662713,0.009389671361502348,0.019335310106251544
lingual-rh,0.025139664804469275,0.0111731843575419,0.031911673833814644,0.03589038677377454,0.0,0.0,0.0056433408577878106,0.010158013544018058,0.020316027088036117,0.008379888268156424,0.0,0.0,0.010158013544018058,0.013544018058690745,0.0,0.01580135440180587,0.0,0.02745374982660126,0.013544018058690745,0.03583363809475768,0.05877271523512869,0.013544018058690745,0.013544018058690745,0.011286681715575621,0.013544018058690745,0.01633731414807622,0.03589038677377454,0.09971373444140384,0.0,0.002257336343115124,0.0,0.03304034200537221,0.013544018058690745,0.011286681715575621,0.007900677200902935,0.013544018058690745,0.014615937551231445,0.0,0.0,0.0,0.004514672686230248,0.004514672686230248,0.013544018058690745,0.013544018058690745,0.0,0.0,0.030726256983240222,0.025139664804469275,0.00558659217877095,0.04587815428074202,0.013544018058690745,0.012415349887133182,0.012415349887133182,0.019666569983732046,0.0,0.007900677200902935,0.027932960893854747,0.0056433408577878106,0.013544018058690745,0.006772009029345372,0.012415349887133182,0.007900677200902935,0.0,0.013544018058690745,0.0,0.012415349887133182,0.011286681715575621,0.055386710720456006
medialorbitofrontal-lh,0.0,0.00980392156862745,0.0,0.0,0.12745098039215685,0.0125,0.0,0.0,0.0,0.0,0.125,0.0,0.11764705882352941,0.0,0.0,0.0,0.0,0.0,0.0,0.0,0.0,0.0,0.0,0.0,0.0375,0.0,0.0,0.0,0.3176470588235294,0.0,0.058823529411764705,0.0,0.0,0.0,0.0,0.0,0.0,0.0,0.0625,0.0,0.0,0.0,0.0,0.0,0.0,0.0,0.0,0.0,0.0,0.0,0.0,0.0,0.0,0.0,0.0,0.0,0.0,0.0,0.0,0.0,0.0125,0.0,0.06862745098039216,0.0,0.05,0.0,0.0,0.0
medialorbitofrontal-rh,0.02681992337164751,0.013409961685823755,0.04789272030651341,0.0038314176245210726,0.017241379310344827,0.0,0.005747126436781609,0.0,0.0,0.0,0.039750957854406126,0.05076628352490421,0.01867816091954023,0.011015325670498084,0.011494252873563218,0.0028735632183908046,0.009578544061302681,0.0,0.0038314176245210726,0.015804597701149427,0.005747126436781609,0.019157088122605363,0.033045977011494254,0.0,0.023946360153256706,0.0038314176245210726,0.018199233716475097,0.0,0.0,0.08237547892720307,0.013888888888888888,0.0,0.026340996168582376,0.01867816091954023,0.0,0.0019157088122605363,0.01867816091954023,0.019157088122605363,0.0,0.007183908045977011,0.0,0.026819923371647507,0.0196360153256705,0.0019157088122605363,0.0,0.0019157088122605363,0.030651340996168584,0.015804597701149427,0.011494252873563218,0.0,0.022509578544061305,0.01867816091954023,0.034003831417624523,0.029693486590038315,0.023946360153256706,0.01293103448275862,0.051245210727969344,0.03639846743295019,0.026340996168582376,0.01867816091954023,0.004310344827586207,0.0,0.0,0.0210727969348659,0.0,0.005747126436781609,0.0,0.01532567049808429
middletemporal-lh,0.03333333333333333,0.0,0.012084592145015106,0.0,0.040656020716443676,0.0,0.01661631419939577,0.0,0.03625377643504532,0.0,0.0504100129477773,0.012084592145015106,0.05970363976406272,0.0,0.01904761904761905,0.0030211480362537764,0.0,0.0,0.0,0.00906344410876133,0.006042296072507553,0.012084592145015106,0.012084592145015106,0.0,0.012084592145015106,0.0,0.012084592145015106,0.0,0.01904761904761905,0.031132211192634155,0.18492303265717164,0.0,0.012084592145015106,0.012084592145015106,0.0,0.0,0.012084592145015106,0.0,0.0,0.0075528700906344415,0.0,0.012084592145015106,0.028700906344410877,0.0,0.0,0.07142857142857142,0.012084592145015106,0.012084592145015106,0.0,0.0,0.012084592145015106,0.012084592145015106,0.03589411595453891,0.012084592145015106,0.012084592145015106,0.012084592145015106,0.0075528700906344415,0.012084592145015106,0.012084592145015106,0.012084592145015106,0.004531722054380665,0.01812688821752266,0.05714285714285714,0.012084592145015106,0.0,0.006042296072507553,0.0,0.0
middletemporal-rh,0.0,0.013178428992543782,0.0031645569620253164,0.022151898734177215,0.0,0.0,0.007911392405063292,0.012658227848101266,0.006329113924050633,0.0,0.0,0.0015822784810126582,0.012658227848101266,0.012658227848101266,0.0,0.012658227848101266,0.00949367088607595,0.011075949367088608,0.012658227848101266,0.011075949367088608,0.07430206346453962,0.012658227848101266,0.012658227848101266,0.012658227848101266,0.012658227848101266,0.012658227848101266,0.046904803190567015,0.08800069360152592,0.0,0.0,0.0,0.17652158834749435,0.012658227848101266,0.012658227848101266,0.011075949367088608,0.033206173053580715,0.012658227848101266,0.0,0.0,0.0,0.0,0.0,0.012658227848101266,0.012658227848101266,0.0,0.0,0.0,0.0,0.0,0.00949367088607595,0.033206173053580715,0.012658227848101266,0.011075949367088608,0.00949367088607595,0.0,0.011075949367088608,0.0,0.007911392405063292,0.012658227848101266,0.00949367088607595,0.0,0.011075949367088608,0.0,0.012658227848101266,0.0273972602739726,0.012658227848101266,0.012658227848101266,0.10063724640194208
paracentral-lh,0.0,0.004484304932735426,0.022478367965641382,0.014573991031390135,0.016901408450704224,0.0,0.011239183982820691,0.010089686098654708,0.004484304932735426,0.0,0.007042253521126761,0.014084507042253521,0.02980799595780964,0.023024695256742247,0.0,0.014027663740289268,0.0,0.007847533632286996,0.014573991031390135,0.02474894208299122,0.016844565148739974,0.030354323248910502,0.03006694877786901,0.011210762331838564,0.032021726773195223,0.014573991031390135,0.028658498073643658,0.01233183856502242,0.0,0.02362786584980736,0.009859154929577466,0.007847533632286996,0.03512600265268742,0.030929072190993494,0.007847533632286996,0.013452914798206279,0.02727846902040043,0.0,0.0,0.007042253521126761,0.0,0.02023621549927367,0.03006694877786901,0.013452914798206279,0.0,0.0,0.02138571338343965,0.015492957746478873,0.0,0.006726457399103139,0.032883850186319716,0.032050148424177353,0.029492199835786017,0.02977957430682751,0.014084507042253521,0.020523589970315163,0.007042253521126761,0.022506789616623505,0.03653445335691278,0.02644476725825807,0.004225352112676056,0.007847533632286996,0.0,0.03147539948209436,0.0,0.01796564138192383,0.008968609865470852,0.01233183856502242
paracentral-rh,0.0,0.0,0.017260505716524186,0.013994910941475827,0.01634877384196185,0.0,0.011810914435870234,0.011450381679389313,0.005089058524173028,0.0,0.006811989100817439,0.013623978201634877,0.03188634898184163,0.026256491322947217,0.0,0.028170088261192112,0.0,0.010268250237466286,0.013994910941475827,0.029341819719755115,0.01817223759108652,0.03034368478343768,0.02898128696327419,0.01272264631043257,0.027618889143110704,0.013994910941475827,0.027618889143110704,0.013994910941475827,0.0,0.01762103847300511,0.009536784741144414,0.008905852417302799,0.031706082603601166,0.04597139311243768,0.008905852417302799,0.013994910941475827,0.0278892887104714,0.0,0.0,0.006811989100817439,0.0,0.014715976454437672,0.02898128696327419,0.013994910941475827,0.0,0.0,0.01634877384196185,0.014986376021798364,0.0,0.007633587786259542,0.031706082603601166,0.03306848042376466,0.02498422669190396,0.02507435988102419,0.013623978201634877,0.02116743279877419,0.006811989100817439,0.022710096997178138,0.03443087824392814,0.028069555088711857,0.004087193460490463,0.008905852417302799,0.0,0.03034368478343768,0.0,0.01944450222212978,0.010178117048346057,0.007633587786259542
parahippocampal-lh,0.0,0.006024096385542169,0.07494873109459113,0.010638297872340425,0.0,0.0,0.04740771597026404,0.07204883363240194,0.005319148936170213,0.015957446808510637,0.0,0.0,0.010638297872340425,0.010638297872340425,0.0,0.010638297872340425,0.0,0.009308510638297872,0.010638297872340425,0.009308510638297872,0.02127659574468085,0.07549346321456037,0.010638297872340425,0.07690335811330429,0.010638297872340425,0.010638297872340425,0.010638297872340425,0.010638297872340425,0.0,0.0,0.0,0.009308510638297872,0.010638297872340425,0.010638297872340425,0.22061650858754167,0.04075877980005127,0.010638297872340425,0.0,0.0,0.0,0.0,0.0,0.010638297872340425,0.03137016149705204,0.0026595744680851063,0.0,0.0,0.0,0.0,0.007978723404255319,0.010638297872340425,0.010638297872340425,0.009308510638297872,0.007978723404255319,0.0,0.009308510638297872,0.0,0.006648936170212766,0.010638297872340425,0.007978723404255319,0.0,0.015332607023840041,0.0,0.010638297872340425,0.0,0.010638297872340425,0.010638297872340425,0.003989361702127659
parahippocampal-rh,0.030927835051546393,0.0012048192771084338,0.008433734939759036,0.01566265060240964,0.0,0.0,0.006024096385542169,0.010843373493975903,0.004819277108433735,0.0,0.0,0.0,0.010843373493975903,0.01566265060240964,0.015463917525773196,0.012048192771084338,0.0,0.039361569991305426,0.01566265060240964,0.0187430132902745,0.037821388647373,0.014457831325301205,0.01566265060240964,0.022357471121599803,0.01566265060240964,0.01566265060240964,0.01566265060240964,0.023562290398708233,0.0,0.0036144578313253013,0.0,0.0342069308160477,0.01566265060240964,0.012048192771084338,0.023897652465532233,0.16394236740777543,0.00963855421686747,0.0,0.0,0.0,0.0,0.006024096385542169,0.01566265060240964,0.014457831325301205,0.0,0.0,0.02697801515339709,0.030927835051546393,0.0,0.017538194013166065,0.04659048565395603,0.01325301204819277,0.014457831325301205,0.03902620792448143,0.0,0.008433734939759036,0.0,0.006024096385542169,0.01566265060240964,0.007228915662650603,0.0,0.008433734939759036,0.0,0.01566265060240964,0.0,0.01325301204819277,0.00963855421686747,0.061184945969444786
parsopercularis-lh,0.0,0.0030581039755351682,0.014488146062312654,0.013761467889908258,0.016380537136282434,0.0,0.01259575498834287,0.013761467889908258,0.0061162079510703364,0.0,0.006188118811881188,0.012376237623762377,0.031088200563175586,0.021187210464165683,0.0,0.01623671541466073,0.0,0.010703363914373088,0.013761467889908258,0.02555484906288794,0.01871196293941321,0.02861295303842311,0.02737532927604687,0.013761467889908258,0.026137705513670634,0.024900081751294396,0.026137705513670634,0.013761467889908258,0.0,0.01485148514851485,0.008663366336633664,0.010703363914373088,0.029850576800799347,0.031088200563175586,0.010703363914373088,0.013761467889908258,0.05584067581070034,0.0,0.0,0.006188118811881188,0.0,0.011430042086777486,0.02737532927604687,0.013761467889908258,0.0,0.0049504950495049506,0.01485148514851485,0.013613861386138614,0.006188118811881188,0.014124806976110457,0.029850576800799347,0.031088200563175586,0.023371029763526813,0.023079601538135465,0.012376237623762377,0.021841977775759226,0.013613861386138614,0.02249674508735277,0.031088200563175586,0.026501044599872833,0.0037128712871287127,0.010703363914373088,0.0,0.02861295303842311,0.0,0.01871196293941321,0.012232415902140673,0.0061162079510703364
parsopercularis-rh,0.0,0.0,0.0,0.0,0.0,0.0,0.0,0.0,0.0,0.0,0.00847457627118644,0.06779661016949153,0.0,0.025423728813559324,0.025423728813559324,0.0,0.0,0.05084745762711865,0.0,0.0,0.0,0.0,0.0,0.0,0.0,0.0,0.0,0.0,0.0,0.07627118644067797,0.0,0.0,0.0,0.0,0.0,0.0,0.0,0.2627118644067797,0.0,0.0,0.0,0.0,0.0,0.0,0.0,0.0,0.0,0.0,0.0847457627118644,0.06779661016949153,0.0,0.0,0.0,0.0,0.03389830508474576,0.0,0.0847457627118644,0.0847457627118644,0.0,0.0,0.0,0.0,0.1271186440677966,0.0,0.0,0.0,0.0,0.0
parsorbitalis-lh,0.0,0.0,0.0,0.0,0.0,0.0,0.0,0.0,0.0,0.0,0.041237113402061855,0.0,0.0,0.0,0.013513513513513514,0.0,0.0,0.0,0.0,0.0,0.033783783783783786,0.0,0.0,0.0,0.08762886597938144,0.0,0.0,0.0,0.015463917525773196,0.0,0.0,0.0,0.0,0.0,0.0,0.0,0.0,0.0,0.36214823070493174,0.2513931457230426,0.14843967679019227,0.0,0.0,0.0,0.0,0.0,0.0,0.0,0.005154639175257732,0.0,0.0,0.0,0.041237113402061855,0.0,0.0,0.0,0.0,0.0,0.0,0.0,0.0,0.0,0.0,0.0,0.0,0.0,0.0,0.0
parsorbitalis-rh,0.0,0.0,0.011627906976744186,0.0,0.011627906976744186,0.0,0.02090983272133823,0.0,0.0,0.0,0.009689922480620155,0.011627906976744186,0.011627906976744186,0.0,0.03289473684210526,0.003875968992248062,0.0,0.0,0.0,0.007751937984496124,0.0669624643002856,0.011627906976744186,0.011627906976744186,0.0,0.023255813953488372,0.0,0.011627906976744186,0.0,0.0,0.011627906976744186,0.011627906976744186,0.0,0.011627906976744186,0.011627906976744186,0.0,0.0,0.011627906976744186,0.0,0.18502651978784168,0.21832925336597309,0.092156262749898,0.011627906976744186,0.011627906976744186,0.0,0.0,0.0,0.011627906976744186,0.011627906976744186,0.005813953488372093,0.0,0.011627906976744186,0.011627906976744186,0.023255813953488372,0.011627906976744186,0.011627906976744186,0.011627906976744186,0.005813953488372093,0.011627906976744186,0.011627906976744186,0.011627906976744186,0.005813953488372093,0.0,0.0,0.011627906976744186,0.0,0.007751937984496124,0.0,0.0
parstriangularis-lh,0.0,0.0,0.0,0.0,0.0,0.0,0.0,0.0,0.0410958904109589,0.0,0.0,0.0,0.0,0.0,0.0,0.0,0.0,0.0,0.0,0.0,0.0,0.0,0.0,0.0,0.04285714285714286,0.0,0.0,0.0410958904109589,0.0,0.0,0.0,0.0,0.0,0.0,0.0,0.0,0.0,0.0,0.18962818003913895,0.19677103718199607,0.31379647749510764,0.0,0.0,0.0,0.0,0.0,0.0,0.0,0.02857142857142857,0.0,0.0,0.0,0.05714285714285714,0.0,0.0,0.02054794520547945,0.0,0.0,0.0,0.0,0.0684931506849315,0.0,0.0,0.0,0.0,0.0,0.0,0.0
parstriangularis-rh,0.0,0.02617801047120419,0.048368331175289464,0.010471204188481676,0.016129032258064516,0.0,0.007168458781362007,0.0,0.0,0.0,0.008960573476702509,0.016129032258064516,0.016129032258064516,0.012263318883822177,0.0,0.006202030437801423,0.0,0.0,0.010471204188481676,0.012544802867383513,0.009786259828482427,0.023982435399425774,0.02660023644654619,0.002617801047120419,0.034453639587907446,0.010471204188481676,0.02660023644654619,0.005235602094240838,0.0,0.03707144063502787,0.012544802867383513,0.0,0.03183583854078703,0.018746833305184934,0.0,0.007853403141361256,0.016129032258064516,0.0,0.0,0.008960573476702509,0.0,0.08501754583497532,0.02660023644654619,0.020942408376963352,0.0,0.0,0.042307042729268704,0.016129032258064516,0.0,0.0,0.02660023644654619,0.021364634352305352,0.042307042729268704,0.05016044587062996,0.016129032258064516,0.016129032258064516,0.008960573476702509,0.016129032258064516,0.03183583854078703,0.016129032258064516,0.005376344086021506,0.0,0.0,0.02660023644654619,0.020942408376963352,0.012404060875602845,0.0,0.034031413612565446
pericalcarine-lh,0.0,0.002347417840375587,0.01941473401814395,0.015258215962441314,0.015037593984962405,0.0,0.017146740089660772,0.01056338028169014,0.02349182816195418,0.0,0.006265664160401002,0.012531328320802004,0.025600974266652546,0.020270747290762114,0.0,0.014243354866038335,0.005012531328320802,0.008215962441314555,0.015258215962441314,0.02074729076211656,0.016749620530198735,0.02912210102721593,0.029042677115323517,0.011737089201877934,0.028963253203431114,0.015258215962441314,0.027789544283243317,0.012910798122065728,0.0,0.019732429665713577,0.020050125313283207,0.008215962441314555,0.031469518867591514,0.02677468318684034,0.008215962441314555,0.014084507042253521,0.024427265346464753,0.0,0.0,0.006265664160401002,0.0,0.017067316177768365,0.046586536764446324,0.014084507042253521,0.0,0.0,0.01738501182533799,0.013784461152882205,0.0,0.007042253521126761,0.030295809947403718,0.027948392107028132,0.026536411451163117,0.026615835363055527,0.012531328320802004,0.01949415793003636,0.006265664160401002,0.020906138585901374,0.031469518867591514,0.022079847506089167,0.0037593984962406013,0.02575982209043736,0.0,0.030295809947403718,0.0,0.01792332945038653,0.009389671361502348,0.01056338028169014
pericalcarine-rh,0.0,0.0011337868480725624,0.021825396825396824,0.01473922902494331,0.0,0.0,0.007936507936507936,0.012471655328798186,0.0045351473922902496,0.0,0.0,0.0,0.01020408163265306,0.01473922902494331,0.034722222222222224,0.13633786848072563,0.0,0.007936507936507936,0.01473922902494331,0.007936507936507936,0.015873015873015872,0.015873015873015872,0.01473922902494331,0.053004535147392284,0.01473922902494331,0.0286281179138322,0.01473922902494331,0.012471655328798186,0.0,0.003401360544217687,0.0,0.007936507936507936,0.01473922902494331,0.011337868480725623,0.01488095238095238,0.013605442176870748,0.009070294784580499,0.0,0.0,0.0,0.0,0.013605442176870748,0.01473922902494331,0.18353174603174602,0.0,0.08333333333333333,0.0011337868480725624,0.0,0.0,0.006802721088435374,0.035572562358276646,0.012471655328798186,0.013605442176870748,0.012471655328798186,0.0,0.007936507936507936,0.0,0.005668934240362812,0.01473922902494331,0.006802721088435374,0.0,0.007936507936507936,0.0,0.01473922902494331,0.0,0.012471655328798186,0.009070294784580499,0.009070294784580499
postcentral-lh,0.0,0.0,0.02631578947368421,0.09649122807017543,0.0,0.0,0.0,0.08333333333333333,0.0,0.16666666666666666,0.0,0.0,0.0,0.0,0.0,0.0,0.0,0.0,0.09649122807017543,0.0,0.0,0.0,0.0,0.0,0.0,0.0,0.0,0.0,0.0,0.0,0.0,0.0,0.0,0.0,0.16666666666666666,0.0,0.0,0.0,0.0,0.0,0.0,0.0,0.0,0.0,0.3026315789473684,0.0,0.0,0.0,0.06140350877192982,0.0,0.0,0.0,0.0,0.0,0.0,0.0,0.0,0.0,0.0,0.0,0.0,0.0,0.0,0.0,0.0,0.0,0.0,0.0
postcentral-rh,0.04477611940298507,0.0,0.0,0.0,0.0,0.0,0.0,0.0,0.0,0.029850746268656716,0.05223880597014925,0.0,0.0,0.0,0.01282051282051282,0.08974358974358974,0.0,0.0,0.0,0.0,0.0,0.0,0.0,0.038461538461538464,0.0,0.0641025641025641,0.0,0.0,0.0,0.022388059701492536,0.12686567164179105,0.0,0.0,0.0,0.0,0.0,0.01282051282051282,0.0,0.0,0.0,0.0,0.0,0.0,0.10256410256410256,0.0,0.3692116341370073,0.0,0.0,0.0,0.0,0.0,0.0,0.0,0.0,0.0,0.0,0.0,0.0,0.0,0.03415614236509759,0.0,0.0,0.0,0.0,0.0,0.0,0.0,0.0
posteriorcingulate-lh,0.013078470824949699,0.06640625,0.05616511569416499,0.011066398390342052,0.012072434607645875,0.0,0.004024144869215292,0.0,0.0,0.0,0.005030181086519115,0.01006036217303823,0.013078470824949699,0.005030181086519115,0.001006036217303823,0.002012072434607646,0.0,0.011066398390342052,0.0,0.023138832997987926,0.013078470824949699,0.012072434607645875,0.011066398390342052,0.0,0.02177911217303823,0.0,0.01006036217303823,0.011066398390342052,0.0,0.03160368460764587,0.007042253521126761,0.0,0.0208909708249497,0.013078470824949699,0.0,0.0030181086519114686,0.013078470824949699,0.0,0.0,0.005030181086519115,0.0,0.03929828973843058,0.011066398390342052,0.0,0.0,0.0,0.12292505030181086,0.08273861921529174,0.03125,0.014084507042253521,0.013078470824949699,0.013078470824949699,0.03249182595573441,0.05616511569416499,0.01006036217303823,0.009054325955734407,0.015090543259557344,0.012072434607645875,0.0326097208249497,0.013078470824949699,0.006924358651911469,0.0,0.0,0.012072434607645875,0.0,0.004024144869215292,0.0,0.06273578973843058
posteriorcingulate-rh,0.016293279022403257,0.045454545454545456,0.017311608961303463,0.007128309572301426,0.012219959266802444,0.015151515151515152,0.004073319755600814,0.0,0.0,0.0,0.0050916496945010185,0.010183299389002037,0.012219959266802444,0.004073319755600814,0.004073319755600814,0.002036659877800407,0.0,0.013238289205702648,0.0,0.02240325865580448,0.014256619144602852,0.012219959266802444,0.01120162932790224,0.0,0.010183299389002037,0.0,0.010183299389002037,0.01120162932790224,0.0,0.012219959266802444,0.007128309572301426,0.0,0.012219959266802444,0.012219959266802444,0.0,0.006109979633401222,0.012219959266802444,0.0,0.0,0.0050916496945010185,0.0,0.008146639511201629,0.01120162932790224,0.0,0.0,0.0,0.13355551441091157,0.20931309016848731,0.09848484848484848,0.012219959266802444,0.012219959266802444,0.012219959266802444,0.009164969450101833,0.018329938900203666,0.010183299389002037,0.009164969450101833,0.01120162932790224,0.012219959266802444,0.03494723199407517,0.012219959266802444,0.010630747392458187,0.0,0.0,0.012219959266802444,0.0,0.004073319755600814,0.0,0.030873912238474355
precentral-lh,0.014705882352941176,0.0,0.0392156862745098,0.0,0.0,0.0,0.0,0.0,0.0,0.0,0.00980392156862745,0.04411764705882353,0.0,0.0,0.0,0.0,0.04411764705882353,0.047619047619047616,0.0,0.0,0.0,0.0,0.00980392156862745,0.0,0.0,0.004761904761904762,0.0,0.014285714285714285,0.0,0.0196078431372549,0.0,0.0,0.0,0.0,0.0,0.0,0.04285714285714286,0.0380952380952381,0.0,0.004761904761904762,0.009523809523809525,0.0,0.0,0.0,0.03333333333333333,0.0,0.0392156862745098,0.05392156862745098,0.26512605042016807,0.07142857142857142,0.0196078431372549,0.0,0.0,0.0,0.0,0.0,0.06778711484593837,0.0,0.03431372549019608,0.0,0.004901960784313725,0.0,0.06708683473389356,0.0,0.0,0.0,0.0,0.0
precentral-rh,0.02512562814070352,0.0,0.02450700472057256,0.038383203898279275,0.0,0.0,0.00946969696969697,0.013257575757575758,0.007575757575757576,0.0,0.0,0.0,0.013257575757575758,0.013257575757575758,0.0,0.013257575757575758,0.0,0.05848370641084209,0.013257575757575758,0.04089576671234963,0.028332952641997866,0.013257575757575758,0.013257575757575758,0.013257575757575758,0.013257575757575758,0.025820389827927517,0.013257575757575758,0.048433455154560684,0.0,0.0,0.0,0.013257575757575758,0.013257575757575758,0.013257575757575758,0.013257575757575758,0.013257575757575758,0.028332952641997866,0.01507537688442211,0.0,0.0,0.0,0.0,0.013257575757575758,0.013257575757575758,0.0,0.0,0.035175879396984924,0.02512562814070352,0.032663316582914576,0.08674052078574691,0.013257575757575758,0.013257575757575758,0.011363636363636364,0.019519948225978377,0.0,0.013257575757575758,0.04773869346733668,0.00946969696969697,0.013257575757575758,0.011363636363636364,0.0,0.013257575757575758,0.022613065326633167,0.013257575757575758,0.0,0.013257575757575758,0.013257575757575758,0.01635069285823055
precuneus-lh,0.0,0.0022026431718061676,0.019173266987742806,0.014317180616740088,0.015544041450777202,0.0,0.010687955079774486,0.009911894273127754,0.004405286343612335,0.0,0.006476683937823834,0.012953367875647668,0.02804660929903449,0.02208920134212869,0.0,0.013603889434160372,0.0,0.007709251101321586,0.014317180616740088,0.02325329255209879,0.016194563009289904,0.028759900481614205,0.028565885279952526,0.011013215859030838,0.02837187007829084,0.014317180616740088,0.027270548492387754,0.013409874232498687,0.0,0.019949327794389536,0.009067357512953367,0.01418593503914542,0.03225788044098514,0.02914793088493757,0.007709251101321586,0.01969254296866084,0.025649950925566642,0.0,0.0,0.006476683937823834,0.0,0.01697062381593664,0.028565885279952526,0.014511195818401771,0.0,0.0,0.01774668462258337,0.014248704663212436,0.0022026431718061676,0.006607929515418502,0.05421583620551916,0.030249252470840655,0.02597521170482299,0.026169226906484672,0.012953367875647668,0.019367282189404488,0.006476683937823834,0.02105064938029262,0.04346511150167766,0.024742644541325236,0.0038860103626943004,0.007709251101321586,0.009911894273127754,0.03245189564264682,0.0,0.01729588459519299,0.00881057268722467,0.017683914998516355
precuneus-rh,0.0,0.0,0.017520495021515845,0.015189873417721518,0.01488833746898263,0.0,0.011291893080378177,0.01139240506329114,0.005063291139240506,0.0,0.00620347394540943,0.01240694789081886,0.030002826899519427,0.02387473694129472,0.0,0.015139617426265038,0.0,0.008860759493670886,0.015189873417721518,0.0249897917517354,0.023824480949838238,0.03007821088670415,0.028837516097622265,0.012658227848101266,0.027596821308540378,0.015189873417721518,0.03131890567578603,0.013924050632911392,0.0,0.017419983038602885,0.008684863523573201,0.008860759493670886,0.03131890567578603,0.031268649684329554,0.008860759493670886,0.015189873417721518,0.026255614536545527,0.0,0.0,0.00620347394540943,0.0,0.014988849451895592,0.028837516097622265,0.015189873417721518,0.0,0.0,0.01488833746898263,0.013647642679900745,0.0,0.007594936708860759,0.03131890567578603,0.042460030781794764,0.025090303734648364,0.03499073405157521,0.01240694789081886,0.032433960486226716,0.00620347394540943,0.021217451393033264,0.03380029525394981,0.026205358545089045,0.0037220843672456576,0.008860759493670886,0.0,0.03131890567578603,0.0,0.02633099852373025,0.010126582278481013,0.008860759493670886
rostralanteriorcingulate-lh,0.0,0.008869179600886918,0.027216970734300645,0.012195121951219513,0.014619883040935672,0.0,0.009173895566706863,0.007760532150776054,0.0022172949002217295,0.0,0.01728776857146562,0.014619883040935672,0.022380415191711724,0.015119098559406647,0.013303769401330377,0.011793156209074052,0.0,0.005543237250554324,0.012195121951219513,0.01723914368330286,0.014717132817261187,0.02570635754204432,0.026815004992155184,0.008869179600886918,0.03014094734248778,0.012195121951219513,0.026815004992155184,0.009977827050997782,0.0,0.029032299892376913,0.013559860478987565,0.005543237250554324,0.029032299892376913,0.02348906264182259,0.005543237250554324,0.011086474501108648,0.02127176774160086,0.0022172949002217295,0.014619883040935672,0.019005847953216373,0.014619883040935672,0.024999675834078916,0.026815004992155184,0.011086474501108648,0.0,0.0,0.02348906264182259,0.014619883040935672,0.0,0.004434589800443459,0.026815004992155184,0.024597710091933456,0.06028189468497556,0.03457553714293124,0.0168371779411574,0.018701131987396428,0.011744531320911295,0.01905447284137913,0.029032299892376913,0.01905447284137913,0.0043859649122807015,0.005543237250554324,0.0022172949002217295,0.026815004992155184,0.0,0.015825780267372053,0.0066518847006651885,0.01662971175166297
rostralanteriorcingulate-rh,0.008988764044943821,0.015748031496062992,0.03466926184788699,0.014246955085670471,0.012359550561797753,0.0,0.007119053938482409,0.007874015748031496,0.0013123359580052493,0.0,0.0056179775280898875,0.011235955056179775,0.020233566309829247,0.016494146096906425,0.0011235955056179776,0.011433542717272701,0.0,0.014238107876964818,0.013123359580052493,0.02210327641629066,0.02491668878468843,0.024170574183844995,0.025482910141850244,0.009186351706036745,0.028296322510248016,0.013123359580052493,0.03222448317555811,0.016116665192131882,0.0,0.022858238225839746,0.007865168539325843,0.005249343832020997,0.028107582057860743,0.021545902267834496,0.005249343832020997,0.015181810138901176,0.018921230351823998,0.0,0.0,0.0056179775280898875,0.0,0.026049131499012064,0.025482910141850244,0.011811023622047244,0.0,0.0,0.037096346102804566,0.022660650564746823,0.0,0.010678580907723613,0.025482910141850244,0.029599811259547613,0.031109734878645788,0.056583797811790376,0.011235955056179775,0.027721253944380547,0.0056179775280898875,0.014984222477808251,0.028107582057860743,0.0162965584358135,0.0033707865168539327,0.005249343832020997,0.0,0.025482910141850244,0.0,0.022858238225839746,0.006561679790026247,0.03392314724704356
rostralmiddlefrontal-lh,0.0,0.0,0.012422360248447204,0.0,0.017080745341614908,0.0,0.006211180124223602,0.0,0.0,0.0,0.02246985750822068,0.05964559736938254,0.017080745341614908,0.004658385093167702,0.04411764705882353,0.003105590062111801,0.0,0.0,0.0,0.013975155279503106,0.006211180124223602,0.017080745341614908,0.017080745341614908,0.0,0.015527950310559006,0.0,0.015527950310559006,0.0,0.0,0.0906101571063208,0.010869565217391304,0.0,0.017080745341614908,0.017080745341614908,0.0,0.0,0.017080745341614908,0.07352941176470588,0.0,0.007763975155279503,0.0,0.012422360248447204,0.017080745341614908,0.0,0.0,0.0,0.017080745341614908,0.017080745341614908,0.0,0.0,0.017080745341614908,0.017080745341614908,0.013975155279503106,0.015527950310559006,0.11846912678114724,0.013975155279503106,0.08129338691998539,0.0906101571063208,0.017080745341614908,0.017080745341614908,0.004658385093167702,0.0,0.0,0.017080745341614908,0.0,0.006211180124223602,0.0,0.0
rostralmiddlefrontal-rh,0.0,0.0,0.014248003248950859,0.012048192771084338,0.014044943820224719,0.0,0.02067821849194531,0.012048192771084338,0.006024096385542169,0.0,0.007022471910112359,0.014044943820224719,0.026093136591309057,0.014857181535129282,0.0,0.014857181535129282,0.0,0.010542168674698794,0.012048192771084338,0.02177812373087857,0.023284147827264113,0.026093136591309057,0.026093136591309057,0.012048192771084338,0.026093136591309057,0.012048192771084338,0.038733586029511304,0.012048192771084338,0.0,0.014044943820224719,0.009831460674157303,0.010542168674698794,0.026093136591309057,0.026093136591309057,0.010542168674698794,0.012048192771084338,0.026093136591309057,0.0,0.0,0.007022471910112359,0.007530120481927711,0.011235955056179775,0.026093136591309057,0.012048192771084338,0.0,0.0,0.014044943820224719,0.014044943820224719,0.0,0.009036144578313253,0.026093136591309057,0.037329091647488835,0.02318261811290104,0.03853052660078516,0.014044943820224719,0.06844794909976987,0.007022471910112359,0.02157506430215243,0.026093136591309057,0.023081088398537973,0.013249627724380668,0.010542168674698794,0.0,0.026093136591309057,0.007530120481927711,0.02749763097333153,0.012048192771084338,0.004518072289156626
superiorfrontal-lh,0.03120734908136483,0.0,0.05771653543307087,0.01968503937007874,0.00984251968503937,0.0,0.0,0.0,0.0,0.0,0.03196850393700787,0.07984251968503937,0.00984251968503937,0.001968503937007874,0.016666666666666666,0.0,0.03,0.007874015748031496,0.0,0.01968503937007874,0.0,0.00984251968503937,0.02984251968503937,0.0,0.00984251968503937,0.01968503937007874,0.00984251968503937,0.015748031496062992,0.0,0.0731758530183727,0.005905511811023622,0.0,0.00984251968503937,0.00984251968503937,0.0,0.0,0.025590551181102362,0.03333333333333333,0.0,0.001968503937007874,0.0,0.007874015748031496,0.00984251968503937,0.0,0.0,0.005905511811023622,0.025590551181102362,0.0210498687664042,0.037874015748031495,0.02952755905511811,0.00984251968503937,0.00984251968503937,0.016509186351706038,0.00984251968503937,0.026509186351706036,0.00984251968503937,0.1331496062992126,0.04650918635170603,0.00984251968503937,0.00984251968503937,0.0,0.0,0.0,0.00984251968503937,0.0,0.0,0.0,0.0
superiorfrontal-rh,0.0,0.0,0.011494252873563218,0.009836065573770493,0.017241379310344827,0.022950819672131147,0.01394384774825702,0.009836065573770493,0.006557377049180328,0.0,0.007183908045977011,0.02748257019031468,0.028514226493310722,0.017019973619747504,0.003278688524590164,0.012709628792161297,0.0,0.009836065573770493,0.009836065573770493,0.02564066327491992,0.015583192010552102,0.027077444884115322,0.02564066327491992,0.009836065573770493,0.024203881665724514,0.009836065573770493,0.024203881665724514,0.009836065573770493,0.0,0.030356133408705483,0.010057471264367816,0.009836065573770493,0.028514226493310722,0.028514226493310722,0.009836065573770493,0.009836065573770493,0.028514226493310722,0.013114754098360656,0.0,0.007183908045977011,0.0,0.011494252873563218,0.02564066327491992,0.009836065573770493,0.0,0.0,0.017241379310344827,0.01908328622573959,0.0,0.009836065573770493,0.028514226493310722,0.028514226493310722,0.02112775579423403,0.02092519314113435,0.01928584887883927,0.022767100056529113,0.02193800640663275,0.06314301865460711,0.028514226493310722,0.028514226493310722,0.004310344827586207,0.009836065573770493,0.0,0.027077444884115322,0.0,0.015583192010552102,0.009836065573770493,0.001639344262295082
superiorparietal-lh,0.0,0.004132231404958678,0.021319589501407686,0.013429752066115703,0.016483516483516484,0.0,0.010659794750703843,0.009297520661157025,0.004132231404958678,0.0,0.006868131868131868,0.013736263736263736,0.02990191626555263,0.02441876305512669,0.0,0.013077831259649442,0.0,0.007231404958677686,0.013429752066115703,0.026462174189446918,0.01582508400690219,0.028880210698392517,0.02853964217600581,0.010330578512396695,0.030265189356098447,0.013429752066115703,0.02716601580237944,0.011363636363636364,0.0,0.0226818635909545,0.009615384615384616,0.007231404958677686,0.033353010625737894,0.03230860049041867,0.007231404958677686,0.012396694214876033,0.026121605667060212,0.0,0.0,0.006868131868131868,0.0,0.019253473798928347,0.02853964217600581,0.012396694214876033,0.0,0.0,0.02164880573971483,0.016142947961129778,0.005165289256198347,0.006198347107438017,0.040584415584415584,0.030594405594405596,0.027858505131232406,0.02819907365361911,0.013736263736263736,0.01959404232131505,0.006868131868131868,0.02164880573971483,0.04849695758786668,0.02680274271183362,0.004120879120879121,0.007231404958677686,0.010330578512396695,0.029913268549632187,0.0,0.01685814185814186,0.008264462809917356,0.011363636363636364
superiorparietal-rh,0.0,0.0,0.012407515932898688,0.011986301369863013,0.016042780748663103,0.0,0.013909237418504139,0.011986301369863013,0.00684931506849315,0.0,0.0066844919786096255,0.013368983957219251,0.032039777305691894,0.022681488535638415,0.0,0.014660098161306864,0.0,0.011986301369863013,0.011986301369863013,0.030702878909969963,0.017333894952750714,0.028029082118526116,0.02669218372280419,0.011986301369863013,0.025355285327082262,0.01599699655702879,0.025355285327082262,0.011986301369863013,0.0,0.016042780748663103,0.009358288770053475,0.011986301369863013,0.02936598051424804,0.03337667570141381,0.011986301369863013,0.011986301369863013,0.02936598051424804,0.0,0.0,0.0066844919786096255,0.0,0.0106951871657754,0.02669218372280419,0.014660098161306864,0.0,0.004010695187165776,0.016042780748663103,0.014705882352941176,0.0,0.010273972602739725,0.02936598051424804,0.030702878909969963,0.02230605816423705,0.021930627792835687,0.013368983957219251,0.02401838693136034,0.0066844919786096255,0.02460442458427954,0.032039777305691894,0.07580946450809464,0.004010695187165776,0.011986301369863013,0.0,0.028029082118526116,0.0,0.022470881254120577,0.011986301369863013,0.003424657534246575
superiortemporal-lh,0.0,0.0,0.012987012987012988,0.0,0.012987012987012988,0.0,0.012987012987012988,0.0,0.10317460317460317,0.0,0.012987012987012988,0.012987012987012988,0.012987012987012988,0.0,0.0,0.022366522366522368,0.0,0.0,0.0,0.006493506493506494,0.012987012987012988,0.012987012987012988,0.012987012987012988,0.0,0.012987012987012988,0.0,0.012987012987012988,0.10317460317460317,0.00974025974025974,0.012987012987012988,0.012987012987012988,0.0,0.012987012987012988,0.012987012987012988,0.0,0.0,0.012987012987012988,0.0,0.0,0.012987012987012988,0.07936507936507936,0.012987012987012988,0.012987012987012988,0.0,0.0,0.0,0.020923520923520924,0.020923520923520924,0.007936507936507936,0.0,0.012987012987012988,0.012987012987012988,0.012987012987012988,0.012987012987012988,0.012987012987012988,0.044733044733044736,0.003246753246753247,0.012987012987012988,0.020923520923520924,0.012987012987012988,0.17388167388167386,0.0,0.0,0.012987012987012988,0.01948051948051948,0.012987012987012988,0.0,0.0
superiortemporal-rh,0.0,0.016666666666666666,0.003401360544217687,0.013605442176870748,0.0,0.0,0.08350340136054421,0.05943877551020408,0.07346938775510203,0.03333333333333333,0.0,0.0,0.013605442176870748,0.013605442176870748,0.0,0.013605442176870748,0.016666666666666666,0.011904761904761904,0.013605442176870748,0.011904761904761904,0.013605442176870748,0.030272108843537412,0.013605442176870748,0.013605442176870748,0.013605442176870748,0.013605442176870748,0.013605442176870748,0.013605442176870748,0.0,0.0,0.04583333333333333,0.011904761904761904,0.013605442176870748,0.013605442176870748,0.024404761904761905,0.013605442176870748,0.013605442176870748,0.0,0.0,0.0,0.0,0.0,0.07610544217687075,0.013605442176870748,0.0,0.0,0.0,0.0,0.0,0.01020408163265306,0.013605442176870748,0.013605442176870748,0.011904761904761904,0.01020408163265306,0.0,0.011904761904761904,0.0,0.008503401360544218,0.013605442176870748,0.01020408163265306,0.0,0.12023809523809524,0.0,0.013605442176870748,0.0,0.013605442176870748,0.013605442176870748,0.00510204081632653
supramarginal-lh,0.0,0.0,0.0,0.0,0.03977272727272727,0.0,0.0,0.0,0.0,0.0,0.0,0.0,0.0625,0.0,0.017045454545454544,0.0,0.0,0.05921052631578947,0.0,0.0,0.0,0.0,0.0,0.0,0.0,0.0,0.0,0.0,0.028409090909090908,0.0,0.07954545454545454,0.0,0.0,0.0,0.0,0.0,0.0,0.08552631578947369,0.0,0.0,0.0,0.0,0.0,0.0,0.0,0.0,0.0,0.0,0.09120813397129186,0.07236842105263158,0.03977272727272727,0.0,0.022727272727272728,0.0,0.0,0.0,0.013157894736842105,0.0,0.045454545454545456,0.0,0.0,0.0,0.3104066985645933,0.0,0.0,0.0,0.03289473684210526,0.0
supramarginal-rh,0.0,0.002347417840375587,0.02020048217231316,0.015258215962441314,0.016216216216216217,0.0,0.011273950006344373,0.01056338028169014,0.004694835680751174,0.0,0.006756756756756757,0.013513513513513514,0.02813094784925771,0.02201497271919807,0.0,0.014439791904580637,0.0,0.008215962441314555,0.015258215962441314,0.02308082730617942,0.025250602715391448,0.03030072325846974,0.03012308082730618,0.011737089201877934,0.029945438396142623,0.015258215962441314,0.028771729475954827,0.012910798122065728,0.0,0.02091105189696739,0.00945945945945946,0.008215962441314555,0.03399949245019668,0.029304656769445502,0.008215962441314555,0.014084507042253521,0.026957238929069916,0.0,0.0,0.006756756756756757,0.0,0.017853064331937573,0.03012308082730618,0.014084507042253521,0.0,0.0,0.018563634056591803,0.014864864864864866,0.0,0.007042253521126761,0.03282578353000888,0.03453241974368735,0.027420378124603476,0.027598020555767037,0.013513513513513514,0.02308082730617942,0.006756756756756757,0.022084760817155186,0.03399949245019668,0.02460982108869433,0.004054054054054054,0.008215962441314555,0.0,0.046339297043522396,0.0,0.018316203527471132,0.009389671361502348,0.01056338028169014
temporalpole-lh,0.0,0.0,0.0,0.0,0.0,0.041666666666666664,0.0,0.0,0.0,0.0,0.0,0.0,0.0,0.0,0.0,0.0,0.011627906976744186,0.0,0.0,0.0,0.0,0.0,0.0,0.0,0.0,0.0,0.0,0.0,0.06976744186046512,0.0,0.0,0.06976744186046512,0.0,0.0,0.0,0.0,0.0,0.0,0.0,0.0,0.013888888888888888,0.08333333333333333,0.0,0.0,0.0,0.0,0.0,0.0,0.0,0.0,0.0,0.0,0.0,0.0,0.0,0.09722222222222222,0.0,0.0,0.0,0.0,0.07428940568475452,0.0,0.0,0.0,0.5384366925064599,0.0,0.0,0.0
temporalpole-rh,0.0,0.0,0.020255102040816327,0.015,0.012755102040816327,0.0,0.01645408163265306,0.01125,0.005,0.0,0.012755102040816327,0.012755102040816327,0.024005102040816326,0.015,0.0,0.01760204081632653,0.0,0.00875,0.015,0.0164030612244898,0.022704081632653063,0.027755102040816326,0.027755102040816326,0.0125,0.027755102040816326,0.015,0.04051020408163265,0.01375,0.0,0.015255102040816327,0.012755102040816327,0.00875,0.027755102040816326,0.025255102040816328,0.00875,0.015,0.02275510204081633,0.0,0.0,0.012755102040816327,0.0,0.017755102040816328,0.027755102040816326,0.015,0.0,0.0,0.012755102040816327,0.012755102040816327,0.0,0.0075,0.027755102040816326,0.03670918367346939,0.026505102040816325,0.04311224489795919,0.012755102040816327,0.039362244897959184,0.00510204081632653,0.019005102040816325,0.027755102040816326,0.024005102040816326,0.007653061224489796,0.00875,0.0,0.027755102040816326,0.0,0.041760204081632654,0.01,0.00875
transversetemporal-lh,0.0,0.0,0.004335260115606936,0.01300578034682081,0.0,0.10204081632653061,0.0072254335260115606,0.014450867052023121,0.01300578034682081,0.0,0.0,0.0,0.01300578034682081,0.01300578034682081,0.0,0.02023121387283237,0.0,0.010115606936416185,0.01300578034682081,0.010115606936416185,0.01300578034682081,0.01300578034682081,0.01300578034682081,0.01300578034682081,0.01300578034682081,0.01300578034682081,0.01300578034682081,0.01300578034682081,0.0,0.0,0.0,0.010115606936416185,0.01300578034682081,0.01300578034682081,0.011560693641618497,0.01300578034682081,0.011560693641618497,0.0,0.0,0.0,0.0,0.001445086705202312,0.01300578034682081,0.01300578034682081,0.0,0.0,0.0,0.0,0.0,0.008670520231213872,0.01300578034682081,0.01300578034682081,0.011560693641618497,0.010115606936416185,0.0,0.010115606936416185,0.0,0.0072254335260115606,0.01300578034682081,0.008670520231213872,0.0,0.010115606936416185,0.07142857142857142,0.01300578034682081,0.0,0.01300578034682081,0.3539872596437419,0.005780346820809248
transversetemporal-rh,0.024691358024691357,0.04380089309167323,0.042487522983976886,0.018584187023903336,0.0,0.0,0.0,0.005319148936170213,0.0,0.0,0.0,0.0,0.005319148936170213,0.012411347517730497,0.0,0.0070921985815602835,0.0,0.026464407670081427,0.012411347517730497,0.023377987916995007,0.07190701339637509,0.010638297872340425,0.012411347517730497,0.0070921985815602835,0.01773049645390071,0.012411347517730497,0.04018912529550828,0.06750722353559233,0.0,0.014184397163120567,0.0,0.04498292618859995,0.015957446808510637,0.0070921985815602835,0.0017730496453900709,0.029156816390858944,0.0035460992907801418,0.0,0.0,0.0,0.0,0.02304964539007092,0.012411347517730497,0.010638297872340425,0.0,0.0,0.05306015235093249,0.03355660625164171,0.0,0.021604938271604937,0.024757026530076175,0.008865248226950355,0.02304964539007092,0.048660362490149725,0.0,0.0017730496453900709,0.0030864197530864196,0.0,0.015957446808510637,0.0,0.0,0.0017730496453900709,0.0,0.012411347517730497,0.0,0.008865248226950355,0.0035460992907801418,0.11439453638035198
