,Fp1,Fz,F3,FT9,FC5,FC1,C3,T7,TP9,CP5,CP1,Pz,P3,P7,O1,Oz,O2,P8,TP10,CP6,CP2,Cz,C4,T8,FT10,FC6,FC2,F4,F8,Fp2,AF7,AF3,AFz,F1,FT7,FC3,C1,TP7,CP3,P1,P5,PO7,PO3,POz,PO4,PO8,P6,P2,CPz,CP4,TP8,C6,C2,FC4,FT8,F6,AF8,AF4,FCz
Fp1,0.18590053351669866,0.0,0.0,-0.010000761511181606,0.017991924540759232,0.0,0.17863410794039522,-0.01166755509637854,0.0,0.1340222833077564,0.0,0.012411993804373802,0.0,-0.08953676473505959,0.0,0.0,-0.13217331937080223,0.06181036768393827,0.0,0.0,0.012851374671970879,0.014668719950623584,0.0,-0.02333511019275708,-0.004263655463574266,0.0,0.10666640977735829,0.03949270755937118,-0.12577783617544086,0.019559730065200242,0.07785705204561748,0.0,0.31000728325448856,-0.01166755509637854,0.0,-0.06036316304270056,-0.006639082314070929,0.0,-0.07461397061254965,-0.18620628720769752,-0.1556234244204607,-0.127909663907228,0.09365413506936596,0.22461232464401623,-0.13217331937080223,-0.12971791800777624,-0.11834234454898235,0.14477909010469922,-0.09619059944526838,-0.15329559499051565,0.005641815365624455,0.010281099737576703,0.03949270755937118,0.0,0.0,0.0,-0.0408377350895806,0.0,0.0
Fz,0.0,0.2081075730689973,-0.21872207913840175,0.09756407921142828,0.07064657281073382,-0.03518936760654159,-0.11766773604708998,-0.07351124145819588,-0.054565390042573166,-0.020217564864828497,0.054240785064422585,0.009417882834015071,-0.0333316609933659,-0.07329581813609898,0.17644946991171362,-0.008561739743413448,0.04330493961339397,-0.0036470772586776525,0.13058919283455744,-0.003594172695661473,0.003266675202065005,-0.14641038137515655,-0.06221716519169171,0.037530991805702345,-0.02004553014641876,-0.044727069286873096,-0.040418372010900185,0.15123930598058394,-0.10253016473648467,0.0,0.02447173052359463,-0.06479629380938273,0.0,0.053976840322854915,0.1078296855689267,0.01906036967306531,-0.07340963040194967,0.06227849840113444,0.04694806355979981,0.022812955803466126,-0.07630007181907121,-0.008193628599890349,0.1701964230183266,0.0968836484938339,0.023887718887834256,0.09174600544459653,-0.10259858205419811,0.017087252921704533,0.047097715207155874,-0.04388577093228375,0.013482004017202261,-0.05090357622112621,0.06396246167206442,-0.04124625883772704,0.0045099433038260075,-0.17199169562127561,-0.06651179533114406,-0.1292338824759787,0.039134931679401144
F3,0.0,-0.2732942552770114,0.17859564822865176,0.004980447628065236,0.0,-0.2536736586885044,-0.10761590771146186,0.053253737290729235,-0.10843369049862236,0.12881327185643224,0.11350091785406104,0.20159436023540178,0.09054448656223954,0.019309051448944497,0.03227281973389983,-0.046166068230735116,0.03819368164258717,0.06549947051857459,-0.0014347903641521575,0.0,-0.031023225272130122,-0.1037353985195217,-0.1245298537854815,0.13776861919211647,-0.07728669245687105,-0.03758528931866728,-0.1636244622957462,0.3286932053628748,-0.03963258053880083,0.0,0.15177779287759322,-0.010022743818311275,0.0,0.03840672480814175,0.042530716734371844,0.07929941501652722,-0.06624805993223801,-0.1359118356975437,0.02870276639173027,0.02167749498633326,-0.08941728389629161,0.014808698907016785,-0.03881069381224687,0.21085347172444222,0.043963382296586404,-0.01747982711367525,-0.09947327913888258,-0.022116261924654452,0.008258093328126955,-0.013690867582562393,-0.052620310606652655,-0.07666081749594039,-0.005512509100071202,0.05813246605941126,-0.11046117760222512,-0.03875623460663216,0.0,-0.13518547148872428,0.1889725060894986
FT9,-0.0037177797861091605,0.06615462822010673,-0.0925560055105504,0.04785055722335547,0.0015932948519916685,0.09404262871943257,0.010533801354146886,-0.06395674401384405,0.008956684659872437,0.00835541241747812,-0.005944437992796908,0.009239468155388569,-0.023747683967579127,-0.08325450915240254,0.1733018495513026,-0.08283600323785201,0.10155094949232615,-0.05857227267149146,0.07619989614976334,-0.061919086637308524,0.09060358206751765,-0.11249522165560949,0.0319414819073082,0.026027622907305977,0.07361662939432764,-0.06439041652423154,-0.0363058603418784,0.053860573791881236,0.07758457549211001,-0.004337409750460688,-0.012370250679953699,-0.09571788818115522,-0.004337409750460688,0.02312212359259854,0.18183416700432908,0.020131511992265882,-0.009573884436144398,0.043519030044525876,-0.02299660341521041,-0.024178000786661536,-0.02898215505391984,0.036347647660888334,0.11347640873327987,-0.033294078516359314,0.05673491110659834,-0.008235596084494963,-0.11566952300662048,-0.019584752068446655,0.025256110446599856,-0.12936164629256375,0.0688300600490978,-0.00977732715893602,0.018914267421661184,-0.11641554470472334,-0.07404769522714844,-0.15763865154936696,0.023288196347187207,0.04032268745263216,-0.046976320052999364
FC5,0.009321151751029487,0.05903396108985341,0.0,-0.02859611483241546,-0.36969097029639214,0.10480431328410353,0.2628794200475341,-0.0913633842941002,0.041009186665947925,0.021127943969000168,-0.023166063229712958,-0.010827012062322696,-0.2470277005370457,-0.39589428307129626,-0.05353237073225953,-0.023166063229712958,0.00017502452088612102,0.005592691050617693,-0.04364868866182791,-0.010384786965043741,-0.04701124593084328,0.0577972450814981,-0.02675678752408374,0.008397913714666626,0.03447807678730283,0.014399338129707775,0.08258793048409367,-0.17741290467133905,0.13705162751881525,0.009321151751029487,0.0,0.17255031116622474,0.010426016496894803,0.0810953225842581,0.17551844727465712,-0.0481614812211962,-0.026279938011121808,0.02796589694313457,0.20867659810084715,-0.22759415988324957,0.061501772207191045,0.02343969552543447,0.1683398785390902,-0.1620234907458595,0.051790858223820464,0.13080682437031588,-0.1252317542537222,0.08500011388522291,0.24971465671109744,0.07268395009370522,0.14635833715356425,-0.07215889597968686,-0.019424906781554306,-0.12166480561409686,-0.04473446692634227,-0.08779693456896404,0.11069190257151904,-0.00345891580770073,-0.13752943186117372
FC1,0.0,-0.07157881596356735,-0.2399901024094554,0.07099469548819086,0.09100800504369579,0.07925557610968742,-0.05619092521727145,0.03443346005334548,0.07942794253374957,0.0,-0.05735987396827163,-0.16021717181156958,-0.027285554951525855,-0.029050748617161566,0.08730818358899718,-0.02123454170380779,0.03637114245269032,0.002394351035126485,0.10440249065511857,-0.018012931868475728,0.0230235897372954,-0.05739620137945729,-0.006269138723878973,0.0,0.08054504943718557,0.015550594862801184,-0.04787404835466906,-0.04122238467899112,0.23701995433909367,0.0,0.0,-0.040023628080262025,0.03381845465160351,-0.013621178325658572,-0.019302260474893865,0.0,0.0016496807147123663,0.06453016976408324,-0.08517765166782514,-0.0060615920468277225,0.0538585201686723,0.049922754880237286,0.18057531641033195,-0.015565194876931,0.05885365467430244,0.17668649545520185,-0.05985378153210952,-0.05076115110942216,0.0682752975004363,-0.030550367657014233,0.11166835110418745,-0.11381765524032399,-0.052978299646636716,-0.09760276848495264,-0.07702867057011704,-0.19752745027904633,0.08411910074565802,-0.14001770787382017,0.007878966107539666
C3,0.13439484029224721,-0.21721938208294142,-0.15534444129893443,0.014419532134846383,0.3387709660850077,-0.08067335766563155,0.05038023525304949,0.013250195521770852,-0.11903283739611399,-0.05371840748918947,0.022780306596083273,-0.1078966598252023,-0.009382318245669765,0.11219854337041094,0.0,-0.0588296959743898,-0.07263350984790772,-0.03426863926034501,0.0028393276118080396,0.0,-0.2545866442108734,0.0009736503742652292,-0.14631016527891025,0.08795211265844137,0.16171116807800434,-0.03739567836526822,-0.08655846478747216,-0.007626406532199371,0.12679705048664308,0.06313981274655252,0.0,0.0871666061329813,0.042844917469441524,0.034071931341696476,-0.05420396729462301,0.0,-0.17850947464386857,-0.11383494453470078,0.10724498757339011,0.114634006751694,0.04785629659356368,0.0,0.04785629659356368,0.12108977853643174,-0.1724047557646573,0.026500391043541703,-0.0718975236159556,0.05139561617203443,0.27178892047452907,0.1284619429151052,0.05506274973920513,-0.20079658302521727,-0.09100848698299671,0.06887847699831186,-0.0023327501667939794,-0.06179192901818253,0.3013070888637,-0.2287468579282597,-0.018763867172016155
T7,-0.005449381353153543,-0.10659730782259234,0.0031698186450823335,-0.09411196343891583,-0.05495009506501967,0.0629448541181141,0.012382594252743758,0.023866916862716303,-0.040499402262042405,-0.1254768402827639,-0.032079953810506975,-0.04476738213490317,-0.0143276225682157,-0.004675632444887843,0.04313022798890112,0.04581872791922451,0.05609700512928433,0.171182638484829,-0.05737929212836318,0.03315875910634066,0.008255062835162506,0.07423524718505148,-0.0514451596332299,-0.06143483091424087,0.0038130220842667057,0.007689407993362145,0.16645112247265267,0.021950924805736648,0.040610056366583505,-0.07538310871862401,0.0906609392846285,-0.020336901543163702,-0.0381456694720748,0.11867413080719665,-0.07131476297566176,0.03531309709200702,0.002457262077340625,-0.02861141852477754,0.00028834789332244027,-0.07974482607795996,-0.06256597766738115,0.02544524866996374,-0.0482344203941667,-0.011102821806480494,-0.08182864767543248,-0.02230080161097881,-0.07503093470794647,0.007877847523596557,-0.006836512468214137,-0.16094657176874833,0.09920190214231263,0.11403084653239545,0.015716940315364063,0.03989341065520314,0.13930418534336728,0.034567751456561255,-0.03521281003434327,-0.05526437901223884,0.06786713227371666
TP9,0.0,-0.06893279523319834,-0.0707425054874388,0.03475841733598053,0.11668689265742833,0.1952956077101784,-0.08145083999457575,-0.044146213033633745,0.18579112899185188,0.044715997498262404,-0.01861312707262482,0.07753667771809902,0.04208256947006736,-0.07514508976296903,0.0,-0.02403993513639958,-0.006666096672521446,-0.08287858827871447,-0.004242061518877284,-0.08257272623638795,0.07663743793579078,0.0843451674273744,-0.07949733469792106,0.04016972540324612,0.08604590723758347,0.050589987778429886,0.04874346674267573,0.08820394004174106,0.09561502159401444,0.0,0.0,0.016784291004576558,0.0,0.0,0.02670921897290192,-0.013194464074949473,-0.17316012482495016,0.06739688095568815,-0.10946909773786921,0.0,-0.026754041070553302,-0.12473039095133957,0.34783176612538874,-0.06585525049516797,-0.04892832320068685,0.024670356193820096,-0.012726184556631853,-0.16049135229369665,-0.008484123037754568,-0.07650077202729855,0.06004846266663412,-0.058176843687459893,-0.014544210921864973,0.0,-0.1893054619349964,0.0,-0.06169968940141957,-0.09222351925455291,0.0645122411347208
CP5,0.16269449316177795,-0.055803587660518315,0.06403320735403605,0.007892998675725552,0.05367322800433734,0.0,-0.09145587977696057,-0.2450526472089311,0.02434722394692269,-0.0863070005731678,0.046371367219887626,0.06117073973687304,0.07576232143950559,0.15456790068876983,-0.12579225995416599,0.006129647609809991,-0.0174655439274324,0.15555249966799872,0.0,-0.005770721881852822,-0.05162485035226379,-0.07862975692890656,0.09361249624497492,-0.040015414730600905,0.0,-0.009135152244297468,0.0345318692062993,0.11194122835129691,-0.018778725858187854,0.002701544727338746,-0.18458890472057782,0.020872922001686743,0.009545655695919272,0.07005036324706429,0.034728478747018114,-0.12943773234782857,-0.058067306662649795,0.03703341439296617,-0.017051096229602818,0.03991321922624697,0.11778291700951805,-0.16591164296361077,0.0014909230001204819,0.09313172993904686,-0.03425910242267004,-0.0021743265541325457,-0.06239748538025353,0.1013168495176611,0.014097748461604626,-0.11597247351366158,-0.1705109622960282,0.23634320419552554,0.12633192180529662,-0.17671136092497466,0.0,-0.07918452943781228,0.01833697383601419,-0.028603417885639942,0.07474279532548501
CP1,0.0,0.07603473906960151,0.029972834186707056,0.01319057659916001,-0.024322725298227495,-0.13383128767258706,0.025348598146770714,-0.011728156020573975,-0.029299226849368337,0.054610907676313936,0.24717161383464153,-0.19441857822539677,0.12600013476141902,-0.017373375213019637,-0.04517077555385105,0.5782780489890174,0.009588739092260198,0.2003317002330932,-0.10337158251746684,0.056643391483732465,-0.06976311804209326,-0.06158646140595465,0.0,0.07014419942185461,-0.055599003656647966,-0.046062836303797886,0.07873502576186209,-0.04343343803254909,0.0,-0.0026060062819529455,0.0,-0.09381622615030605,0.0,0.3044489241731129,0.028594210453458065,-0.018899288808692086,-0.14530276247951193,-0.06746029522428783,0.01994214831342635,-0.013898700170415711,-0.08515460898397703,-0.03925111737366706,-0.0668874945701256,0.0,0.07820938208253042,-0.02953473786213338,-0.08947288234705113,-0.0919350014670868,-0.013898700170415711,-0.03761755034965037,-0.010424025127811782,-0.0009324889702877205,0.006789615540377405,-0.013898700170415711,-0.018974500129234524,-0.09154276578975974,-0.0338780816653883,-0.15477247756965015,-0.04791581336598318
Pz,0.017707057797400682,0.09971639446233087,0.32853466151599,0.13698631685122067,0.007305677691089877,-0.22398032919611605,-0.09984523552430523,0.026120738396402363,0.07723187948893669,0.11332516990336436,0.0730654831880316,0.378084780546654,0.005312117339220205,-0.028889186077677,-0.05813792026504198,0.2731473500677046,-0.045055712211185144,-0.0008316283635240488,-0.12967214310358055,-0.025679276513490668,-0.1429483784983864,-0.054928010700855644,0.0,0.0,-0.04975359824488817,0.003521033002202545,-0.11058016080266986,0.09848666574313061,-0.04975359824488817,0.02124846935688082,-0.011093915058256135,-0.20201761091619386,0.0,0.1656236858121928,-0.006982951947258006,-0.02750301098887578,-0.08009511423911991,0.09809452313894158,-0.051065253991477724,-0.05737124383802692,-0.07302544258523909,0.0,-0.02684130201422523,0.03509387244720663,-0.09857440228086808,0.037906697456817996,-0.054928010700855644,0.007511808590210532,-0.049310668963529564,-0.036677461613451534,0.014887522320197105,-0.028378961363697396,-0.17454206688428928,-0.016409095930619646,-0.05560779048345595,-0.09690500634376857,-0.05216103041802792,0.04276731540109834,0.1578662977906204
P3,0.0,-0.07593057850613595,0.10477326263901343,-0.07106437823030612,-0.21546905941222277,-0.02064599190348657,-0.012305823974736228,-0.022516294095004268,0.07157514708214763,0.10227193273123553,0.12648727404108015,0.0010675325657658423,-0.028782312262763076,-0.18654395760153683,-0.07048359856496567,0.08433507269550153,-0.17090945771184185,0.23003194094156879,0.09292158517961989,-0.21554486801741818,-0.04898747000395868,-0.07640204105913534,-0.15324254779578583,0.016012988486487634,-0.15985779872407785,0.0,0.0,-0.09010527711898009,-0.055827421432053354,0.0,0.09546830547886309,-0.03369595701878359,0.0,0.0,-0.031841855502573145,0.29843297722052853,0.2117802461291147,0.0,0.0,-0.25052588776302404,0.0,0.47932106700776544,0.003408340337245125,0.10034806118198916,0.05192459712225261,0.0869126785997507,0.049290619495630864,0.0,0.0,0.0,0.049515645830794125,0.09048255328207039,0.03433950925554527,-0.12369336175999567,-0.15308584376237086,0.0,-0.09978302299169983,0.0450204892325675,-0.058477021323682314
P7,-0.03843992861554652,-0.11619951917321274,0.01948212297830898,-0.12869249597326538,-0.0730383096787177,-0.00033212378543614264,0.13787768701509098,0.13222046241895594,-0.11916377870819424,0.29371984367444176,-0.01729796787699594,-0.0365179321847692,-0.11422673619723409,0.19584661500888462,0.06539777201575019,-0.06955892701249938,0.03809020277638524,-0.0836029021820326,-0.04451461540498974,0.0,-0.014795539040592002,-0.14132114310960814,0.08058254607515895,0.02405887296878912,-0.04900695642489206,0.03829793859265139,0.004447887553679375,-0.06862138108046016,0.06613050966485984,-0.00864898393849797,0.0,0.12320938726880712,0.0,-0.06463176590136364,0.11740288394104931,-0.05669889470793112,0.006315458530684689,-0.0547768982771538,-0.11310171316125402,0.20678407093038828,0.18707273836997496,0.0,0.021981087566382874,-0.0988060176397308,-0.017554306788024693,0.05003104555192671,-0.12260448854353936,-0.06740554541349658,0.10595853264261824,-0.17108863550330727,0.055047901705422446,0.09205898349301778,0.06344756627794772,-0.03581963804185462,0.0,-0.09697955486543948,0.0005087637610881042,-0.11619951917321274,0.013675337620987748
O1,0.0,0.13678041077240416,0.017565588242689483,0.08230065121413968,-0.03451017493293674,0.06933268487088043,0.0007938680909732435,-0.004544554072877289,0.0,-0.08263379743729668,-0.04616780707746068,-0.072841086324913,-0.06593542141917245,-0.03291676667021826,-0.24430030484525478,0.0,0.0917529074577511,0.0,-0.009817663788805556,0.04143997997887618,0.006434067569046296,-0.05144961965814437,0.009442998278219157,0.07410241037139063,0.007175637848298482,0.022228306547250814,0.0,-0.04884934011951259,-0.02895647730428922,0.0,0.021576258364963404,-0.024446677420210762,0.02393655900122493,0.028040005616283937,0.24308776515322725,-0.077152368586245,-0.07758033485632002,0.057123221260550285,0.03344132443443609,-0.07485579974267333,0.04225749533807421,0.04095841765292761,-0.06878805993421203,-0.01654655845959384,0.07693732762703516,-0.04995989412677599,0.010878092622862247,0.0,0.09290989054236343,-0.03053440967752663,0.04358372822473802,-0.05148339764071024,0.03725845650768942,-0.05242070905824807,0.0,-0.08361131690616638,-0.01306636049362095,0.0911077143960624,-0.05907686743117324
Oz,0.0,-0.018711342443979387,-0.10518605337483176,-0.057079648150835174,-0.02398192561387828,-0.015403136230722241,-0.049674410706743444,0.07827014845946023,-0.054564935147396305,0.00872344582784296,0.5332927147277498,0.15317528569374464,0.08154756284869513,-0.062044939533487165,0.0,0.3848670371589096,0.0,0.05530579417320002,-0.13726055950759872,-0.04562716156391629,0.0,0.02948434629398356,-0.12468240912588582,0.058247733423878414,0.0993894461297579,0.043141529334894776,0.003260654758097973,0.0,0.037223547631062136,0.0,0.03895621847454912,-0.061424186848314494,0.0,0.02334359866143756,0.013438679049731398,0.0817645852904621,-0.02884796156294902,-0.2784509599574906,0.03344799435625037,0.0,-0.16093088281698473,-0.0886543789409579,-0.06772634336668772,-0.008564973433527957,0.0910165876988975,-0.08079633033634309,-0.06909629007472197,-0.2372572836338465,0.0,-0.0769805909817743,0.07309519488486702,-0.05481582997457893,0.0,0.004731800709667641,0.05781722465853742,-0.08962441898347699,0.07081097004471493,-0.05696514797946351,0.0
O2,-0.09286666349315698,0.01705828067514801,0.05272276459176053,0.17798520919890154,0.07047754990264947,0.047524979794596016,-0.05777706532477365,0.03304120999627172,-0.013701638876039554,0.004949399876402721,0.007148956950600266,-0.1008116826829856,-0.14264948519099901,-0.06879976773519156,0.1425869980098304,0.0,-0.38704785588786533,0.07029701945568072,-0.010561932944923766,0.017187636683075765,-0.09910141317608484,-0.007496839692043571,0.1052913690531358,-0.06190464044638285,-0.0564597522948851,-0.04629553545594828,0.0,-0.04284076171942119,-0.008692642190756213,-0.09134425917359702,-0.04871693822591842,0.12773938313119282,-0.03172151417099759,0.12116986248281807,0.193873808175632,0.07680867826033798,0.15531399433897944,0.009249607823115883,0.08201318936496083,0.0012573844209402463,0.05719340837293321,-0.20622665307202961,0.013826306466864335,0.00878712743196009,-0.3994299082840203,0.009249607823115883,-0.004890337486245036,0.0,0.24634788835565302,-0.007612021597799752,-0.04077926177131319,0.0078025308006174875,0.16500040891515705,-0.09342146444396213,0.023432339818560237,0.009249607823115883,-0.062267922507834854,0.13259515634748928,-0.003763706496321346
P8,0.05809251526383375,-0.0274301720002502,0.07111057261697663,-0.185624183285306,0.009642111541284967,-0.016307366316230296,-0.0549364882121515,0.218550505694432,-0.09823164290750142,0.14415294523143057,0.17053896409542735,-0.05407921258969882,0.14757707650545454,-0.13709768904993372,0.0,0.0016092122026184117,0.05513491722014173,0.1518447737250261,-0.12558481861231152,-0.21884378155915352,0.03532551641219683,0.0,0.11509428546597461,0.07834215627294036,0.06694837916392467,0.06309673466366483,0.23473917193252253,0.06736073389818262,-0.013506850899781446,0.09598516888039794,0.06065830465156118,-0.03829016413759139,0.060374320758950106,0.0,-0.0381100248140231,0.1006852456601114,-0.031348025324417016,-0.20200617671942359,-0.041925214688220885,-0.048910168498848404,0.0060263197133031045,-0.08935104340059465,-0.13641319665458168,-0.14913483665208413,0.13842383472290903,0.0,0.0,-0.08397210175981824,-0.07083915585251116,0.0,-0.02333001519053159,0.060567976753755394,0.12572999601180332,0.0,-0.31026692382720444,-0.0433779229808747,-0.11276437054073203,0.050223335074766666,-0.03615352765981542
TP10,0.0,0.15943816433473523,-0.0185072309401131,0.09014368955607567,0.02025278123791339,0.12301276885251974,0.004987372788625804,-0.026464860309480757,-0.003545132311276186,0.0,-0.06972093545509833,-0.1005363765831932,0.06946125291876859,-0.031587391495864245,0.12490841302750878,-0.1207981513863919,0.03408204417348099,-0.08034561509370612,-0.08790682453547534,-0.0011817107704253955,-0.004714204736696611,-0.00985064524289755,-0.029879548206241804,0.011775045134954892,0.0541652076207925,-0.03840560003882535,0.0,-0.058161219901062336,0.0,0.0,-0.11054307705627786,-0.028003904330435647,0.0,0.0647101240133052,0.1768459933245844,-0.10664331354414015,-0.009359487274226233,-0.024875709943446393,-0.005317698466914279,0.010554355429865851,0.028362378100226713,0.10115025438595919,0.01738767720405502,-0.0005908553852126977,0.13020574696383883,-0.11387890661488463,-0.021440708325377793,-0.0029542769260634885,0.04959745595506262,-0.10280883702700941,0.18436237039039768,0.018828483466292338,-0.05829569844375949,-0.05354294434985253,-0.008331498602154751,-0.09684149953947778,-0.008862830778190466,0.11118416429760135,-0.151519049562393
CP6,0.0,-0.052452230781532876,0.0,-0.16844233179874007,-0.019091334090776527,-0.04091000162309255,0.0,0.07619487802300988,-0.18992152487936478,0.10082273752177037,0.1567113216194508,-0.04636466850617156,-0.24273267629701584,0.0,0.10221671276864422,-0.11928071216206669,0.0487882347088886,-0.21258960169379684,-0.0040910001623092555,0.11848078189162846,-0.03954633490232281,0.0,0.0,0.37493797976775733,-0.04766907537060496,0.1656976418295214,0.4180091128649941,-0.04772392919553334,-0.1353973451672196,0.0,0.024240351536441624,-0.01400501396560658,0.0,0.0,-0.15813687326380343,0.18594205442570721,0.05560216228132938,0.09767748753764155,-0.12890332332921972,-0.0040910001623092555,0.0,-0.1803807228269895,0.021460604679611354,-0.029527019480576712,0.05560216228132938,0.0,0.0,-0.04040714773063635,-0.04636466850617156,0.2589311666468101,0.0,0.006748994618046909,0.3864729477297847,-0.14331637948368905,-0.19214491010947457,0.0,-0.19636800779084426,-0.028995252562807685,-0.12568424688969093
CP2,0.02294561465912427,-0.0064543162331139586,-0.07904385914848458,0.20284963723903027,-0.008333110656327483,0.2187976769603088,-0.2513006529050727,0.014601754783079079,0.16977095852470767,-0.033906260488403374,-0.04379005850784617,-0.16272486917210627,-0.04877405141741461,-0.022179793192701303,0.030032005734653033,0.0,-0.09786177792929462,0.06813646466122271,0.014487355064634885,-0.03609439160366674,-0.08408178080894246,-0.07486249752440383,-0.07826533832096763,0.0,0.22868321722033114,0.010429824845056486,0.11284984491196294,-0.023300995028051934,0.15615959533845242,0.02294561465912427,0.14318578481759475,-0.11067162778892853,0.02294561465912427,0.0,0.17762494624589584,0.07981493215519148,0.03332730984676839,0.22636589803534088,-0.1541891055068739,-0.2065137498984053,0.07320555289023148,0.15395862950082792,0.21586673930732123,-0.19426439537985613,-0.04829764785574152,0.07634065461250394,-0.059062251546102236,-0.04379005850784617,-0.11002518575556319,0.0,-0.1088799665854041,-0.10137626553620341,-0.09218565804421758,-0.07198545463753658,0.06354722902783945,-0.12085866549407134,0.14364380552438463,0.01749285509208577,-0.2269357308432502
Cz,0.014757007901001675,-0.21717044090621768,-0.18661322175090497,-0.11762049651769037,0.07846513057264572,-0.06829254793735091,0.05428950872638376,0.16942746112685964,0.08107750728939372,-0.024743130691680767,-0.04747929354628145,-0.05597919979985049,-0.05048679279313058,-0.13422275897749583,0.0049987381790175065,0.06442505310806167,0.005603489285258628,0.0,0.0005879040155970111,0.0,-0.0495076670719512,0.38705408979243394,0.017999226464170938,0.06227911282446246,0.04981305465011309,0.11004109625813233,-0.01347769840630378,0.03611137539388893,-0.05776282029977347,-0.07874599236746342,0.08988359357882839,0.015954761882449695,-0.07126470420537251,0.001974405908250667,-0.19669151987597194,0.1663210843550198,0.0186584776321286,0.036450467364278635,-0.13339893483719256,0.043281183776089416,-0.19761926130211108,0.018366735231987084,0.15805544171704403,0.04607351821325647,-0.025678338211389783,0.04062059221539392,-0.024142335210871644,-0.01493424213240661,0.0033473828739364127,-0.15679690593217496,0.05325901204389435,0.040488849338922356,0.034904180464588236,-0.04622015175489895,0.07678919702209412,-0.08207188699816638,0.13850032097173748,-0.0689386186506695,0.0
C4,0.0,-0.10497747950111881,-0.06878482913702061,0.0780355442616252,0.005821704339617183,0.02207268043584433,-0.12183121955710065,-0.13139184223895534,-0.11748634781814055,0.05278518291893872,0.0,0.0,-0.25702208300027835,0.0897461341406449,0.02437991853556203,-0.19189714457343007,0.1478431081428378,0.10715904282921404,-0.06737248985480555,0.0,-0.0652216711055646,0.0195088860654063,-0.3748795399776411,0.14990640659369714,0.0,0.0,-0.11115242540525798,0.09896198862818725,-0.06430305601957072,0.0,-0.011941996117920278,0.029913625300289664,0.09085236763254373,0.03172131396593568,0.04441006817907726,-0.0710254859785375,-0.09829181420134382,-0.11482688574923344,0.0,-0.010695274694161268,0.1703481893110195,-0.029138660914271797,-0.05648485920487133,0.01195635271210609,0.10664857715755445,-0.02418708919388413,-0.007970718611237299,-0.11328177993425541,0.18818038274527937,0.0195088860654063,0.29735810606587726,0.31280072622253274,0.07543435945290436,0.06987559179971123,-0.022965377149846686,0.02725571028976312,0.0,-0.07567314838830148,0.040318364535173026
T8,-0.036126947900135695,0.07217068137601969,0.13994601758171238,0.04271211308699587,0.0017574577736086138,0.0,0.09823786010009052,-0.19531487766272873,0.05690380646955398,-0.050536468007359205,0.04450699419884711,0.0,0.0227797936463978,0.024203530749297663,0.125423968283511,0.07217068137601969,-0.09567351692692662,0.08743755628248538,0.0227797936463978,0.20691411651137281,0.0,0.06549190673339367,0.09539038589429079,-1.0,0.22572261693948875,-0.010198627679771076,0.09539038589429079,0.19074654553036083,0.1437974473928861,-0.04515868487516962,0.04346194656048344,0.21405247855049267,0.026843694199214754,-0.06325711474966914,0.07602165833746649,0.14997447065768857,-0.028234008571077312,0.11658340837664717,-0.0908898985322257,-0.04261767299176916,0.1949444649448904,0.0,-0.07316769940517198,-0.2480734567104867,-0.01728325461109325,0.0,-0.26963717267585224,0.0569494841159945,-0.2954311294023824,-0.11212104399765933,-0.031410628203805746,0.018508582337698212,0.02329959487989765,-0.20942640189283288,0.0,-0.03182294363007589,0.14854599291170162,0.04271211308699587,0.0
FT10,-0.003710829136558533,-0.0849933780018099,-0.12373423959966304,0.09276546195246513,0.016523732925735734,0.07824011858744141,0.10565826757857923,-0.010412644999494668,-0.14638831674765299,0.0,-0.06647357653852635,-0.055662437048378,-0.11701405324538162,-0.06780089772573021,0.017593787997050497,0.04648898439537181,-0.05261494707725795,0.03808520434008684,0.05165421351982748,-0.04137753698710292,0.09820566210426677,-0.016189300737437573,0.0,0.12478820120129935,-0.035440330165793926,0.04591163527654872,0.2439618184847124,0.029828489497365166,0.02355471166073501,-0.012060194693815232,0.0,0.021236936936281883,0.055291834190237865,-0.038814305220928,0.006941139988327964,0.0,-0.07421658273117065,0.05508677490183964,-0.04062240018857563,0.0,0.041047466050128954,0.04571351031453151,0.11557880319614339,-0.07663943543582245,-0.05261494707725795,0.01818810335205193,-0.04053938545296924,0.010589035935300101,-0.059373266184936525,-0.024569003475920392,0.009091563312246897,0.0,-0.04360224235456276,-0.039676845336948624,-0.09882925111184704,-0.045714626149092975,0.1135654747359027,-0.0012530822125370771,-0.035252876797306064
FC6,0.0,-0.12322482966915327,-0.11157060460526268,-0.08253265368724573,0.0026095737222361064,0.08910889790156709,-0.04625615614474679,0.09202937418031157,0.0012475658306289278,-0.005674830758687211,-0.10446501146452097,-0.043274145899645636,0.0,0.03629085541207883,0.09570955700538687,0.03702475680037978,-0.01887646934596398,0.05379158076748054,-0.0761274125605137,0.00861101096848846,0.01320131820763957,0.1295438092140662,0.0,0.006817584761955914,0.15522452045809712,0.08501683053229714,0.09334706718670699,0.0,0.0917596567896288,0.0,0.06947133554955891,0.025777375127795286,0.0,0.0,-0.16578016438823642,0.022344842059717093,-0.23008108508554698,-0.03688104271319925,0.1320131820763957,0.0,0.019869961528029948,-0.19100028423540225,-0.08614627671428252,0.14126460006827718,-0.25631084841749535,0.0,-0.0507516083736758,0.0471462528568177,0.0,-0.07814544279010066,0.05548800720090434,0.0,0.09929059502465241,0.0,0.08149497564853486,-0.07250229767667972,0.15753359187998567,-0.06342751422926,0.0
FC2,0.07353059375956521,-0.13022661286900794,-0.215463113227692,-0.07847866887271443,0.08199460422838231,-0.12742245794082568,-0.14878536336767487,0.14098071066327103,-0.023734526249669465,0.0332037203906724,0.056495641559133274,-0.1816701953068771,0.0,-0.021071031562816173,0.0,-0.035193162866908066,0.0,0.1914010862990922,0.0,0.13589225581007788,-0.016828840706425624,-0.058672360849022234,-0.12194380925985429,0.05976669670321032,0.25887328691920075,0.08430468899153319,0.08978834269399627,-0.03549519011518721,0.12209459373831387,0.0,0.08674214159202988,-0.04062150599641336,0.07209950713403149,-0.038793192757028964,-0.061523284193051676,0.14344043075603197,-0.004098951571759808,-0.05294299517939422,-0.02296002056997485,-0.07890481775637631,0.08372935876962768,0.01328148815626896,0.12159214960455686,-0.1479586305035927,0.0044295538409376625,0.07264468299137766,-0.0412959793865147,0.04864925333703669,-0.07890481775637631,0.07938226751785653,0.02746323381381351,-0.15915041406426284,-0.07153742262697439,-0.07795988811055006,0.029364331382975874,-0.03582626308707016,0.21100026868995397,-0.163239788646369,-0.05144158394256279
F4,0.021090656620279234,0.11931568379888985,0.18300487615217578,-0.022912050688237075,-0.09897955631576306,-0.05479633262951099,0.0010620859861201367,0.007284244031190883,0.034737552080459914,0.0740833787423201,-0.03390164629441592,-0.00010658725787011976,-0.07030474353867942,-0.07689183555993814,-0.016055278733818724,0.0,-0.03654600615985504,0.04723751098659342,-0.14322712873347243,-0.020682425138772883,-0.044897637341979,0.004899952724564359,0.04265684905649704,0.10450414790550396,0.0241922237703203,0.0,-0.014483981412996354,-0.055408411908670484,0.0,0.0,0.10977036211565347,-0.03618498047169806,0.0,0.0838453499673025,0.12748915420490323,0.059052245573171784,-0.06396296419875218,0.057469542640570394,-0.024774279984380868,-0.13700922176561658,0.056834833717346496,0.0038716495818286985,0.043209668986680334,0.007360421474257454,0.04649757094218404,-0.05543747057087276,-0.025177126750294692,0.0,0.03976489266729941,-0.035205555767278074,0.10338299320060729,-0.021630654902749315,0.00826066647878575,-0.11461646166687127,0.0,-0.009739249917918824,0.0,0.04196887539890648,-0.2399158010940001
F8,-0.054245644361752346,-0.20799800960066225,-0.0364601871939647,0.11104100074716801,0.1480402520210847,0.2951765672560891,0.06098788489769599,0.012915085280979125,-0.10611616834317796,-0.010828286539731969,0.0,-0.05335637150336296,-0.12304745132524968,-0.0346148346500647,-0.02833129247584109,0.02356914131083803,-0.05560327709518079,-0.015346116757747259,0.0,-0.0774384181042301,0.04293937366063609,-0.1071516779817081,-0.062249100087256794,0.10410555667190252,-0.024768649768683104,0.01825371490728332,0.11233272010084554,0.0,-0.035227925999151706,-0.04535291577785852,0.0,0.03117707157638164,0.07833685452539199,0.0,-0.011991288699844335,0.043203376540470434,-0.01397269978744318,-0.010212742983065567,0.09278753847421946,0.06127455518640106,-0.011902046098355814,0.06077763140439061,0.15362901572951046,-0.0846078878000726,-0.02597035143618767,0.06910332222389381,0.0,-0.12517691472386366,-0.07985266053401026,-0.008892728583893828,0.01020000308537768,-0.04446364291946914,-0.04179582434430099,0.09398489890386051,-0.09058477102793512,0.0,0.060597363443003364,-0.062249100087256794,0.005376058643899449
Fp2,0.3784603677313802,0.0,0.0,-0.00789115279203151,0.019792021566204725,0.0,0.06980633346258679,-0.11047613908844116,0.0,0.021518154950996904,-0.0016787347929714796,0.019145806479077817,0.0,-0.018466082722686274,0.0,0.0,-0.10240282237126026,0.10892093263974646,0.0,0.0,0.014137158261574804,-0.1698852177689794,0.0,-0.02235826624408928,-0.018466082722686274,0.0,0.0,0.0,-0.08561547444154546,0.13310958409380777,0.0,0.0,0.3512291322341779,-0.03419499543213655,0.0,-0.19089523052723392,-0.03419499543213655,0.0,-0.006714939171885918,-0.12169659926340197,-0.08561547444154546,-0.10072408757828878,0.1033873549870202,0.23329583919030744,-0.10240282237126026,-0.18168888560319715,-0.09732421776838862,0.1878952185507299,-0.08561547444154546,-0.0844051266487365,-0.038610900238344036,0.011309726609259841,0.0,0.0,0.0,0.0,0.049316091105921764,0.0,0.0
AF7,0.06052798129770545,0.026703521160752405,0.10491808670315762,-0.031119683592125455,0.0,0.0,0.0,0.11480444058723475,0.0,-0.29292522187150305,0.0,-0.014340233463122288,0.07877404361346264,0.0,0.033578571360150536,0.006043946133805658,-0.07920790924583743,0.13665340250094982,-0.17915948055384365,0.01816460451051181,0.10163809729959858,0.05963786392568037,-0.029042900056807052,0.06764908062914836,0.0,0.05340704232150481,0.1457360192651063,0.3057100566006525,0.0,0.0,-0.36092907071506614,0.0,0.0,0.0,0.0,0.2766629580715081,0.1348305375050145,-0.13145214007862097,0.0,0.0,0.0,0.0757422064037695,0.012107563369755513,-0.05280527283055828,0.0,-0.10038163424185602,0.09913088187645512,-0.02390038910520381,-0.10266939727411539,-0.27134258730288413,0.03649481225302829,0.0588559376154484,0.07292569342408793,-0.11756068480216313,0.04121095899210041,-0.31627610714669,0.0,0.1762432396609659,-0.19503883480115844
AF3,0.0,-0.11932043321010105,-0.022158240963177527,-0.058169007155442744,0.21417359581023962,-0.06190635816962912,0.00940232842430369,0.016725138435929442,-0.030288401733185914,0.007396442204894068,-0.04516050946849791,-0.18222959622617713,-0.010044966206545531,0.0447931968809064,0.023220914234513005,-0.033100212786688794,0.08538299671246075,0.016940262985712377,-0.036018992528242096,-0.006184247510203096,-0.08880015785270501,-0.04019390844962937,0.01540925459352931,0.14246410468367116,0.11597307422521161,0.023514345593312082,0.02559942381553193,0.003958225319540025,0.07521806243694765,0.0,0.0,-0.11592925485933699,0.0,0.04068368773073192,-0.18977054287754605,-0.0035038263153455776,0.004449258832393475,0.06810758275198679,-0.008171602596395164,0.011395762032801144,-0.00985730542146291,0.07798543194945068,0.13927746819025186,-0.03706570116754074,-0.04886229129102639,0.054436693954958995,-0.044413500509635676,-0.002669164574108795,0.08333101390780358,-0.006202356793127098,0.13929966152550494,-0.045688417452333686,-0.13319913453258878,0.037285618575141885,-0.062418587159285825,-0.07825241037586962,0.14273121780421336,-0.07639507348866918,-0.02318056193744415
AFz,0.2505500557524534,0.0,0.0,-0.010828809158769815,0.02046067094344137,0.03978161211432586,-0.021872547211046058,-0.07760646563785033,0.0,-0.0691579893053373,0.0,0.0,0.0,0.0,0.03493019600282271,0.0,-0.07505489168746482,0.061236772930104474,0.0,0.0,0.014614764959600979,-0.22776460524369727,0.03978161211432586,0.018123993796786236,0.07180095845024669,0.0,0.07180095845024669,0.0,0.07180095845024669,-0.07747201277379837,0.0,0.0,0.06446925605480225,-0.046924839688002526,0.0,-0.09745928242892833,-0.048729641214464166,0.0,0.0,-0.15681323865831165,0.09314718934086057,-0.09543083935577808,0.09605803900776247,0.19397696423708902,-0.09543083935577808,-0.09745928242892833,-0.12356102210355224,0.15516563534506378,0.004851416111503155,-0.019852816791077994,-0.1112448476750425,0.011691811967680784,0.0,0.0,0.0,0.0,0.13842110468846475,0.0,0.0
F1,-0.0051736536857906685,-0.009426594403904233,-0.0907930753947403,-0.059507289880659904,0.019483990333118248,-0.025609196162307953,0.02823173472115691,0.26391405405958396,0.0,0.12080932359755837,0.3635697212099473,0.062109816386545204,0.0,-0.07156887598677092,-0.10562333895564417,0.0017208898983616776,0.09175313784375998,0.0,-0.09275294952170582,0.0,0.0,-0.02694193573127977,0.025108582835030764,-0.11685738299126144,-0.0405269538720269,0.0,-0.028455095271848675,-0.00856939685226159,0.0,-0.023281441586058008,0.0,-0.039158104826357745,-0.023281441586058008,-0.1726042020939827,-0.0007174808387046491,-0.017125141202900377,0.02472171482602649,0.028937528089185833,0.02077449448946919,0.010924214753465845,-0.016292499075894345,0.12080932359755837,-0.2760650698431937,0.0014115867360578454,0.22351588230355549,-0.2281888674463997,-0.07449290575345373,0.07878868930275547,0.07834306385121043,0.11070616672369067,0.024645629135486503,0.02046800767283876,-0.021912592540388864,-0.05899904986018956,0.0,0.05316668488409721,-0.023281441586058008,-0.06091758609484158,-0.05579067420577716
FT7,0.0,0.03558873262871905,-0.07135898389840967,0.122899817287196,0.13358521096823392,-0.04244422016106522,-0.0416300500142828,-0.06086788111507163,-0.013591617326289142,0.005934199340374409,-0.018155295277640666,-0.11802759604754162,-0.014293822581472286,-0.04800462496655748,0.25508587019230866,-0.04331066564977093,0.10816778865178374,-0.02273037243455201,0.10668273211458668,-0.05646379372682661,0.039718024814229425,-0.16065722920626266,-0.0013256927761941808,0.03602457732586575,0.01564043099887063,-0.07607902361951444,-0.02146220036104212,0.1337887431834437,-0.007869385117646887,0.0,0.0,-0.18794119588431446,0.0,-0.01627356500558328,0.09292140373502228,0.03886126482115958,-0.06388654173931804,0.04297934176129044,-0.009785627802717238,0.007682522132634554,-0.0007124703833050297,-0.007556393807831051,0.11583129623834333,-0.029159398066203466,0.07702744386234668,0.14207320853822816,-0.08263381058058283,0.019938807582762178,0.06499665360418241,-0.1214250372831143,0.07176408500067916,-0.05942185611859039,-0.04351077777487686,-0.025919176306899182,0.0380180760143797,-0.18538615399072247,-0.007240734706507973,-0.04167332689069504,-0.004411710175238403
FC3,-0.0326062059548445,0.015900848251976504,0.08781900434856603,-0.06042245833315186,-0.07264870233913821,0.0,0.0,0.02569838555432679,-0.012232467673626807,-0.08260284216282161,-0.0750301876949984,-0.0445820288023327,0.17983955074583718,-0.06777000241642421,-0.08848132156763845,-0.011385177734813201,0.026850779370124013,0.12218415507242293,-0.20398993276097208,0.08895852446669941,0.03393560390362794,0.09396397263862596,-0.03239886888193896,0.11340825836332637,0.0,-0.009490957372237019,0.190403898826285,0.13871327183532137,0.0810225448615309,-0.12695477824680834,0.19567038808995718,-0.030377496717357025,-0.044335294259495416,-0.05528924355907035,0.034735831857215065,-0.12357846466590378,0.21207691230978237,-0.03500218400578419,0.0,-0.025374888537576447,0.02855626546600686,0.10630228320983612,-0.0683700467286841,-0.06777000241642421,0.09064251553616166,-0.3072426794720768,0.01971176465153406,0.0,-0.03183648640774126,-0.07781373242024164,0.10467425831647643,0.057068914688732215,-0.18981046373528476,-0.06708404967126035,0.062050575156216835,0.0049685226900788105,-0.09055341752199826,0.09319159137967194,-0.07331423952969499
C1,0.003554922416902279,-0.07918210118245547,-0.10042083859834744,-0.009711930066352032,-0.0028710972252173872,0.0007454615000602409,-0.12683211894158966,0.052053364025736924,-0.19572229837253244,0.00815324387841975,-0.11538487872221599,-0.08227240635707485,0.18190178109185925,-0.004550307463279092,-0.026401993333512123,-0.04417564887358731,0.09030940463573281,-0.0249348232492764,-0.0001454087375635856,0.00969099950078313,0.01872828060311071,0.03731083172630652,-0.08172787807887467,-0.0064889700566909125,-0.06037554957178128,-0.12973763721396356,-0.004417723139398631,-0.01176948594008156,0.07219987997908166,-0.020919137841740074,0.1429635133142039,0.040196411063536164,-0.02179076858514591,0.07292941003031332,-0.06329480271921069,0.308312974826275,0.2001018239221558,-0.15807815975788483,-0.08761817559807285,0.06887644282246731,-0.027155479746523627,0.08717756558160021,-0.07232495629687066,0.015497199635055147,0.0695669404674992,0.06325959163990688,-0.02418157084114401,-0.013253169418195893,0.02658839901309831,-0.05714645003741053,0.011701582292413842,-0.05223572807387232,0.0697514807894746,0.1490620250634455,-0.014882051359974394,0.03216638089967682,0.0,-0.022297627688839323,-0.09049873763043573
TP7,0.0,0.1330016742221435,-0.13584450818988014,0.09144009547348368,0.036165641782400205,0.13549947514479477,-0.08162313511187357,-0.038615267055229364,0.026343899463530385,0.05922281787866484,-0.05416282251786406,0.08154821984938103,0.0,-0.03736492940384092,0.10698742038900157,-0.3063204361379332,0.008845483049299215,-0.1510270367340296,-0.021029441349094537,0.051140759364933994,0.13316886976182238,0.01780315385843075,-0.08627901880523267,0.0815750103435372,0.16155363243682444,0.03045094547423029,0.005039109407887119,0.14983056598772002,0.053065774608069355,0.0,-0.12272373993794183,0.10230280001755364,0.0,0.04127892089672967,0.1198618559418849,-0.06468701603442338,-0.18562784484471992,-0.028996355566262018,-0.09126916205725337,0.030467774947586186,0.034549587042574464,-0.21395069596164404,0.28539434615845544,-0.03464747999265249,-0.04746075010452858,-0.0008089392605613308,0.027012311487990413,-0.13854832259613065,0.020639460448364837,-0.12526832728460047,-0.03453440035915834,-0.06436141568682138,0.004869278016937257,0.06083809455614869,-0.17579775333268616,0.02943715651675283,0.0723075657237448,-0.02801135403696851,0.07731845211045256
CP3,-0.0345851903397311,0.09436129584301532,-0.017284362389098112,0.02040912319642329,0.2260416640763313,-0.0352661423934504,0.14713726363423069,-0.0030415226713712534,-0.1954900146781277,-0.009432324638108482,0.02854555245058611,-0.09996274955436692,0.0,-0.1398110122366677,0.04280161327956516,0.031932858383607765,0.05951070430110536,-0.03144108212702827,-0.010480360709009423,-0.00797150288857819,-0.09695972425724202,-0.12133428814287398,0.0,0.029184628746747508,-0.023706907778159297,0.04222345108528552,0.09580395647244916,-0.040873406765136754,0.09475787197089248,-0.0020960721418018845,0.0,0.04040765320115545,0.0,0.048614771232641484,0.06692054863120153,-0.0010480360709009423,-0.12366825636631121,-0.16021837382645865,0.20700914439888982,0.12148668130451419,-0.27123275643637484,0.0,0.046560896717186426,0.08392061990336994,-0.0033576872475306915,-0.009916338273271345,-0.11400854380417365,0.27531929494250423,0.04753512962095042,-0.1295271961694616,-0.05659394782865088,-0.008027392107500244,-0.0635470174792957,0.01425399770837827,0.14983945190099743,-0.1444930579350044,0.09537695619826245,-0.06387849393232926,-0.09070136801227649
P1,-0.03817823769645531,0.05352777210188656,0.028106587526825835,-0.023209715023222978,-0.1280724628186851,0.025499477995232448,0.1535962678387479,-0.05599730461477045,0.0,0.06621496383478839,-0.013703122700912418,-0.06788619477961289,-0.19180441207104557,0.06547829813065277,-0.020067373225983075,0.0,-0.00353697302208042,-0.027110064482848143,0.02014241536076748,-0.0018270830267883224,-0.15681487807935543,0.05352777210188656,-0.041652764981505254,-0.009198344598702054,0.0,0.0,-0.06942915501795625,-0.15269550754767172,0.09517891393313131,-0.041105247528058955,0.0,0.036533033643902806,-0.018664838819097734,0.048960064534915755,0.08307069586241649,-0.007358329620081463,0.0669097151273582,0.05352777210188656,0.14561530460187647,-0.09745954212286066,0.10872828708195707,0.0,0.023418400294575367,-0.14396881574305415,-0.011428281495989616,0.17105346111657854,0.04704654745116599,0.0,0.11078728490877175,-0.047504158696496386,-0.019574328149019035,-0.008814278581675609,-0.020029548186231948,0.04752101914683424,0.0,-0.010544726275807263,0.04985872650802683,-0.007679509295522239,-0.11898758300269477
P5,-0.04695043385420578,-0.1711498509464696,-0.16214388015360537,-0.12631910489159517,0.16425761290591068,0.027432503836133028,0.02302723112287994,0.005356356109761457,-0.06586357022799434,0.2125728052439723,-0.061594570930092366,-0.05852725316072228,0.0006396453089688873,0.1950372205004363,0.1158761599001956,-0.14308664126037626,0.09146560657790608,0.010763180012353027,0.0020775305094597957,0.0,0.04084958060003929,-0.2136071909743393,0.04733375286369766,0.09455671548727725,0.02530296717391997,0.03877434956548357,0.0553115352789859,0.06131816668174023,0.03684728918480623,-0.03280098803513006,0.0,0.0004420344427682539,0.06204559496998206,-0.08919581787249464,0.13152001693861776,0.03198226544844436,-0.01607683137940974,-0.034382252101766785,-0.21912270593941466,0.17490167520073668,0.23107817567776334,0.09530715103636421,0.02570807838732925,0.03629135959680681,0.06064849147358439,0.1154562095909881,-0.13702581629335311,-0.09788972628657434,-0.009329173503501325,-0.17714499694769772,-0.061012020129294,0.0,0.06495429784866164,-0.04307180703312488,-0.010142040678907947,-0.15260060875062473,0.030376262407028967,-0.19262780140271732,0.012153260870408859
PO7,-0.07747277663589021,-0.08550771585593528,-0.0155110366886526,-0.06820961989002071,0.12405559702649865,0.07951159221441421,0.0,0.014204728249394814,-0.041507621834806274,-0.13265445370631257,-0.04703603683764226,0.0,0.5776713493971858,0.0,0.04592902389652104,-0.15533810724491542,-0.18672880034847353,-0.07854157751419177,0.09285506574342169,-0.10233607634976469,0.08326776682042286,-0.0024731863672288923,-0.013449378508773898,0.0,0.04798521458767857,-0.14936175933149415,0.009117149240401712,-0.030805208948378245,0.18148219641746496,-0.07620273111726907,0.08903638250038351,0.1232490625143238,-0.05334191178208834,0.05166384569560971,-0.0989688783196382,0.17978316587406099,0.07246785628462642,-0.21826596487796238,0.0,0.0,0.11396436550502141,-0.12326269577909532,0.014833899991553495,0.0,-0.14016550725563806,0.07914808785038566,0.006724618206673885,-0.04515148499374094,0.0,-0.020025174384001827,0.15731400612600746,-0.166657162870461,-0.008887115269516643,0.054929726052463934,-0.14529503829782459,0.0729371939232137,0.017687803451403424,0.046225574002566265,-0.052888250561981036
PO3,0.06018883559539522,0.08914568534237813,-0.061172062545731785,0.012365566099563869,0.13850467514648773,0.1508981779548717,0.02549174213452033,-0.10550468709014756,0.12663433522368425,0.0,-0.06563680621445445,-0.03978708899652542,0.002269018178920499,-0.02453905214163785,-0.08321729606359503,-0.10860295783997304,-0.022597195897477572,-0.09928463553430812,-0.1175729349429049,-0.014069562596995456,0.06207458405810281,-0.009168826082551724,-0.0661799488920022,-0.03115066603693771,0.05869979086450601,-0.07400446594198035,0.08205320561852494,0.031625703012636314,0.11081664705702231,0.05877262769903298,0.005812585558888327,0.042113449470911134,0.07222660271447426,-0.08727302069814169,0.05214158318762379,-0.09716315094639207,-0.10097105671183763,0.1009330578267113,0.028073314567751962,0.00850881817095187,-0.05372150487287742,-0.023011934293357475,-0.07822275622206758,0.0,0.06183074537558359,0.03772126755824099,-0.10207393204331938,-0.064727568613583,0.04833820105088088,-0.03369628079317262,-0.006594190021183617,-0.0518751641818161,0.06957492389723427,0.028452876388719003,-0.024153592941107187,-0.03524905263868443,0.10315958073409924,-0.048406259252699486,0.06120005055974504
POz,0.23770894465288978,0.15243106267576975,0.24335292714704213,-0.07383032801046736,-0.16923756674908383,-0.04938470563015627,0.19896988706039423,-0.01398022371211749,-0.10066281074829656,0.1288412760551683,0.0,-0.03984527879407848,0.1075332763032382,-0.19178163599128215,-0.01832696969049404,-0.009492470744202945,0.004575884098010135,-0.10003453616654387,-0.003164156914734315,-0.019636038954100755,-0.2386676149706195,0.04481660880464991,0.03522103014591419,-0.11127776173878794,-0.09673560295747641,0.06267416687819159,-0.11773543116257637,0.02061636603272646,-0.10066281074829656,0.21980712147922207,-0.023203817374718314,-0.09492470744202947,0.21071828639354717,0.0,-0.05484538652206147,-0.06222841932310821,0.011565576465716106,-0.05484538652206147,0.024225344843405425,-0.20376640734729742,0.011486157353579557,0.0,0.0,-0.025769705197952512,0.0,0.2584392288326411,-0.14431923354678142,0.14321701305496523,0.011626796279040001,0.03433817857304773,0.0,0.181200893161833,0.010747288070800241,-0.052735948578905255,-0.07971770253058909,-0.16612314826084942,0.14360503998546703,-0.042188758863124204,-0.03859378915446622
PO4,-0.11457897626710817,-0.03163019747995124,0.03489839816163532,0.07036319548580228,0.10202215994983158,0.0955869431258123,-0.19084595010989022,-0.1453390766718158,-0.04922329589894491,-0.009814676093899268,0.07205317360957385,-0.20292463673180314,0.08822363538549231,-0.022560677287016422,0.049318393465744084,0.14216607762207906,-0.5112563932969926,0.176380287281231,0.02256416829402187,0.01894994822029755,-0.05255492709169037,-0.0676530516467893,0.07751820983626097,-0.039535224030830915,-0.06255460520490916,-0.17330702097753523,0.005537014988304356,-0.016064247782255976,-0.022560677287016422,-0.11270063239387688,0.0,-0.06506726761397766,-0.07889044267571382,0.23555563996511894,0.1312140630472677,0.21466816705995595,0.17079228415171271,-0.043275682911264726,-0.01136807987077718,-0.017023662298712067,0.10895482132301236,-0.10855084571914078,0.09590958204301583,0.0,-0.4829768475502564,0.0018456716627681183,0.00986515818947168,0.004614179156920296,0.14949940468421757,0.03942181724431922,0.07022807601291665,0.019337931558427394,0.17467909276780347,-0.0031677040709597237,-0.014619944061224341,0.13886837417876577,-0.06762037943632614,0.08008881859829102,0.11654043539060777
PO8,-0.07180801921955296,0.15651802303908055,-0.041832460463535864,-0.03406094265300887,0.20750626385976767,0.32256114412592096,0.02735292585824152,-0.05652769788526998,-0.009221912745802767,-0.029008232072541006,-0.033641644405510214,0.02946839844924838,0.048323502349560024,-0.06860139258285326,0.02995386380240938,-0.11302416648916634,0.008205877757472457,0.0,-0.1827700089893987,0.0,0.08926605645165804,0.0013262851055890468,-0.020683027060687243,0.0,0.03539860859289888,0.0,0.07294113562197739,-0.049104389957749316,0.09024584617571793,-0.16908452203621754,-0.10894741022651623,0.03490793306355376,-0.0674436349021291,-0.1015490660026512,0.26554346183759525,-0.3837557695228511,0.01278986832705624,-0.03295567554206422,0.05127726834058268,0.1580719883491033,0.019101474009972433,0.003310632717367693,0.10580110307686144,0.2263226299433231,0.0009117641952747173,-0.05643414456336927,0.006180209290801594,-0.07662819003477325,0.08373121026932949,-0.1685780525280114,0.19286362304258606,0.0264411616629668,-0.12782452720678678,-0.06264935998609232,-0.006541430856626985,-0.02850292493975807,-0.044422051037340364,-0.02214364630710541,-0.138577959098547
P6,-0.05500985928485363,-0.1464859894896666,-0.10488995558467136,-0.1419375564245026,-0.06163217693370215,-0.0781299450712414,-0.04838182211615664,-0.026886874714784403,-0.01860492544992452,-0.03339123035295755,-0.08710487824282842,-0.06179390923398815,0.08738188918808168,-0.13004814887221586,0.09234780255602805,-0.073082009721894,0.08261127213548716,0.0,0.03229317714996166,0.0,-0.04752175683104093,-0.011542459104828647,-0.0016066542096356232,-0.0057498389333258335,-0.0390649725356207,-0.03720985089984904,-0.02790355181115764,0.044847917737167516,0.0,-0.057401592297238575,0.15000413141548455,-0.05122411144447911,-0.05341537060993033,0.0334598714733911,-0.06557219140662462,0.09261917592824366,-0.008731784514427484,0.0404863671729952,-0.14341094892266482,0.08767127048764246,-0.16260242705440364,0.05726385324314517,-0.07555092718700986,-0.055527206624857814,0.09146634229103542,0.04538866670609445,0.49721159866272147,0.0,0.2593560127802139,-0.11684020426537782,0.11471970993123133,0.1625701231595797,0.07133172466949263,0.1404830108217302,0.0,-0.05884721935340319,-0.019133864099079523,-0.048119425540488134,-0.029158278370896684
P2,0.16653660489926164,0.008384017851437652,-0.0558142706546303,-0.04350629868592617,0.15696090254295417,-0.08035220449597205,0.1195791797251844,0.010817879997040175,-0.19460897984512726,0.1172855870707573,-0.045988217008351685,-0.09860865620855734,0.0,-0.0922903654663577,0.0,-0.30710003608198955,0.0,-0.05632266527332998,-0.003434707790994171,-0.04182841020160715,-0.04675336210829121,-0.05275261970138667,-0.09083152934622998,0.046689593660892134,0.0640588980418923,0.04119055303893445,0.16789273293890766,0.0,-0.10209329944523904,0.19104864157123,-0.020991305436375646,-0.023386057087900782,0.17587452363144004,0.05019131318545904,0.015959553281969827,0.0,-0.017173538954970858,-0.19011444496099827,0.37823712318741204,0.0,-0.16974167166078918,-0.04389091136696725,-0.0558267769919146,0.21470617534711198,0.008159839751094685,-0.09159220775984457,0.0,0.13372330758565473,0.0,0.04939044065388966,0.0,-0.08796907860490602,0.03943753184806783,0.0,0.058775428574027795,-0.19769363753872085,0.237759278592186,-0.2681053415029302,0.02611148720350299
CPz,-0.02745590224338049,0.07145965672784,0.010567007809948245,0.05299066137106161,0.2912234828222142,0.10315346762614133,0.23278864630788962,-0.01453744788978416,-0.013380805878715568,0.025111549423002092,-0.01433657772719525,-0.06661024232276641,0.0,0.06441744220566922,0.05950810998393314,0.0,0.25251653326363577,-0.044921276878545115,0.04729202918711953,-0.030584699151349863,-0.09079832560556991,-0.13489479905965754,0.14954042407737933,-0.4363274257444747,-0.06021362645422005,0.0,-0.07263866048445594,0.04485274209109649,-0.08733621179591351,-0.048744364272463855,-0.014075096364664917,0.07095755528676251,0.006340204685968948,0.12363654894181844,0.13710742148929247,-0.025701742127955278,0.01061758811427269,0.02495416584146794,0.053957469349064424,0.06490369346392784,-0.023696757172599527,0.0,0.08895809309759335,0.010187716163200949,0.1814848424834032,0.0549041980043685,0.20505067656057094,0.0,-0.9610410500522168,-0.05191664776148799,-0.1557132575093245,0.012529131811232056,-0.05236312238812735,-0.04764850877415044,0.0,0.026770886626740487,-0.09374214600021083,0.09920895209118284,-0.008312203248568096
CP4,-0.07535374409336579,-0.03193036576752224,-0.03449911063753969,-0.18993769325437795,0.11426423459291357,-0.05461002273023178,0.17422097618079993,-0.1183796516402288,-0.05105402424496972,-0.024088419084373563,0.021106183914711737,-0.02343820959360056,0.0,-0.11826211320147187,0.03320273997964302,-0.08350192784279888,-0.001679068936043329,-0.0010707847594163093,-0.09682630864516531,0.14615125375604357,0.0,-0.13337352857850818,0.02005416754721406,0.07102093258439318,0.008075850292214398,-0.008338348924473738,0.11581690032553994,-0.02910386155808437,-0.004477517162782211,-0.06981298972981023,-0.06562112173335419,0.014670504205836783,-0.010707847594163093,0.06173502242664596,-0.15287413272631717,0.0016187662612474052,0.0034386292161229957,-0.07775452997863973,-0.009319194773117443,-0.02854417191273659,-0.10369588785230571,0.027927514954615672,0.12680462939040935,0.05724230135574258,0.06476756116323688,-0.11347462455430678,-0.09149604976941027,0.11634336478374775,-0.023241233698868387,0.5357370234857763,-0.036647949405277776,0.0,0.004937536049369419,0.20748885722377858,0.009940365101996388,0.01021270277011349,0.029250523493431796,-0.11291410667228345,0.0
TP8,0.003864242938470767,-0.035337548837660646,-0.08865191268241185,0.06384989236821498,0.15103335664393122,0.07838948264252144,-0.00874641308364671,0.09224870656854763,-0.014186229777510752,-0.14903495681973583,-0.018464507924569044,0.0042548995779486815,-0.011405036659410311,0.014687867678297033,0.04814194749175329,0.03950978179523775,-0.11143946700325708,-0.02499449580646425,0.18461352419815172,0.0,-0.18233972424788197,-0.0845034227094767,0.023219390943580588,-0.0006743819528175657,-0.027815146399152602,-0.033713392884477944,0.01945096949919397,0.1227569574720947,-0.01278414970334524,-0.03297233557958757,0.05409940113859075,0.13494110090065817,-0.06858245800554216,-0.008086740569289895,0.07773659706654756,0.17173410662220667,-0.008994101762666885,-0.08169568216683822,-0.07253913827509266,-0.09728449519831263,-0.13601530736919637,0.0017665677010093813,-0.02014652634277318,0.0,-0.0016776461193054818,0.1329449484971289,0.08220945771982084,0.0,0.07305194288569337,-0.08253693659767836,-0.497046184594123,0.06578807124683067,0.1325548376074823,-0.023507190013923162,0.014515285988773502,-0.001400469803941972,0.08752936274637287,0.051188654437089906,0.010494644513941314
C6,0.016088319773709506,-0.08127871587131114,-0.06802658542395097,-0.016400795071613423,-0.03887688010616088,-0.1859700894657907,-0.2063305187944817,0.16078736817287376,-0.08801758013764885,0.28702305360325725,-0.003968732434386689,-0.05355229493925741,0.09614107088322012,0.022022657058616956,-0.02596825919675007,-0.05805414860142796,0.020518928620528665,0.1349688211085772,0.03320822340888926,-0.013264618428015395,-0.08574517212771597,0.05362773257903169,0.23601946782819913,0.013949798332806945,0.0,0.0,-0.144249112362192,0.018643101165186637,-0.04494514730433132,0.016088319773709506,0.07357090638469731,-0.024937005796628272,0.016088319773709506,0.05362773257903169,-0.08076802236358376,0.11578459236722256,-0.0761803239115583,-0.06550314963627579,-0.014328054920903074,-0.04171906830505391,0.0,-0.15921985738991976,-0.04780800397770917,0.18266178353676066,0.0147409752521456,0.05362773257903169,0.13191310361864617,-0.08486259301928481,0.026303125979239353,0.0,0.08448383251605802,-0.15423237402256992,-0.026877163202030954,0.0395309478819357,-0.005233574897912547,0.05362773257903169,0.0,-0.028118044989100845,-0.030611760658551042
C2,0.032618200770974326,0.07833598324265217,-0.012807738534368328,-0.00867874582006481,0.015580983576676683,-0.09331335238238624,-0.11197135301433579,0.018148899666183587,-0.021326983732178513,0.12573754014438693,-0.001151902278582352,-0.2570827031337493,0.028789107636990385,0.023270737474983958,0.11730342350184582,0.0,0.1231516190928277,0.10109593867115595,-0.12596117804351295,0.06179863805477753,-0.12345335068506043,0.025209965597899286,0.058176843687459893,0.03324982833431435,-0.03937289304402187,0.06916613386404201,-0.061795568268451395,0.04385491461439539,-0.03937289304402187,0.0,0.08403864317744966,-0.18782654881348393,0.0,0.09256589782748992,-0.05798340936756277,-0.11017632695078566,0.050756307687600574,-0.0002183611596981667,-0.1269130454769225,-0.05870375983100171,0.032864325937035234,0.03252078284704243,0.12783986749012344,0.008802330686278451,0.16254648500630142,-0.11120425764496386,0.027219256299392258,0.026913323770006253,0.01120596840701796,-0.01961508231378972,0.15849369010117764,-0.04556639032245547,-0.06663646650143472,-0.07124476221833427,0.004665701717879593,-0.11349796500537504,-0.0516769221202787,0.01846231890427765,0.12316830191618217
FC4,0.0,-0.07980679327787228,0.005655859455483936,-0.16617883532535327,-0.08595637903868864,-0.09164022432638409,0.05931539394595673,0.04733736856709833,0.002203668321494693,-0.07744586889185162,-0.009928957550237389,-0.017440520002036622,-0.06884077234831255,-0.058731863668040715,0.09352129172300325,0.0007872006657970962,5.1163322697476316e-05,0.0,-0.05646349802813164,-0.039015213647216176,-0.0520030826619046,-0.06459484180435289,0.029067125149310112,0.005337840942296461,-0.04553653082149358,0.0,-0.05542261028244519,-0.05875988649987076,0.1075244545781943,0.0,-0.00021866685161030155,0.045881033018130034,0.0,-0.010520610584979532,-0.01940497667409621,0.012538119526443245,0.1515030835742961,0.07945993776250568,-0.05228699324658506,0.03245576774047959,-0.031311142180373876,0.08392063143021099,0.07527510663686018,-0.03177266416075964,0.03655093288245683,-0.024197637711162606,0.0727894710149957,0.0,0.044285264496224525,0.14275184818976583,0.09098921246407622,0.02417503684275047,-0.028697739726152374,0.020797686284907392,0.0,0.1325393698914081,0.022532321882203516,-0.10122176368106636,-0.09184811731806901
FT8,0.0,-0.01470378785380935,-0.1576837453526205,-0.10447582301938917,-0.06243839400351426,-0.08716544074725421,0.02964771938811339,0.36899201783250024,-0.28769994804723775,0.0031173844547973707,-0.007623227141235132,-0.1040687156762781,-0.13456550431791867,0.0,0.0,0.139739622767995,0.026497767865777653,-0.2511947727107592,-0.016177138368462088,-0.07986379755120966,0.08193242867284388,0.14544210921864975,-0.02691310086358373,0.0,-0.04829205810868707,0.07712630432180673,0.22814094366231044,0.0,-0.056428616908158126,0.0,0.09401392386638388,-0.039475110715909416,0.0,0.0,0.06516241258715093,0.165474886291873,-0.017804123940712353,-0.256523515863089,0.222892988518012,0.0,-0.016177138368462088,-0.17403162707053899,-0.03676622356468656,-0.08098028182024102,-0.024974945124783533,-0.009688716310890143,0.0,0.09011830189123005,0.0,0.009352153364392112,0.14443350323886753,0.009579210259467922,0.013438013952112934,0.0,0.10720571644748222,0.0,0.02047596897466892,0.026434608007216462,0.026497767865777653
F6,0.0,-0.16337974671545774,0.0400925033690749,-0.16712371685785032,-0.06794058969483503,-0.1881891502030925,-0.01786925091205749,0.08952635863394942,-0.0007949903246330869,0.018966008776354747,0.030568049949301953,-0.06036620071727381,0.0,-0.06987339433628308,0.026918227462401127,-0.03981443779863636,0.014354467954648358,0.06028662578794357,-0.05603511706673966,0.0,-0.0737687058322717,-0.02123712001053578,0.01715512399362147,0.025598417894935388,-0.03049762232350573,-0.04610943882871904,0.014778761108651034,0.09681997270781074,0.0,0.0,0.0012881627083973063,-0.09352598674851728,0.0,0.20998286897543947,-0.13937509582694546,0.1583324781923099,0.14829985877231455,0.059607065896635766,-0.14219305746088692,0.024706764119198324,-0.048926346395790646,0.15127700248920753,-0.015830363208490725,-0.09894031626487625,0.15131238664636446,0.019802987400453855,-0.017099037658557935,-0.12587043714343019,0.04728637772049542,0.06827737783829121,0.15150252098218506,0.04625328563164471,-0.07659640137414712,0.3206788856681687,0.0,0.16912669948745104,0.0,-0.27948750084806867,-0.12195521561564736
AF8,-0.0010289823085924505,-0.18373502210057688,0.0,0.02084079473947474,0.08975080867299805,0.09064400329410448,0.17742982677150787,-0.10233440179701463,-0.19686131544471247,-0.08159945960520255,-0.027249761339551454,-0.04639824228085788,-0.06323631264274249,-0.024866430111279873,-0.011783680579265494,0.04275850567905271,-0.023608276716097883,-0.05891840289632747,-0.011783680579265494,-0.10752300539019406,0.03792063356095124,0.07485504960298967,0.0,0.0941671557402067,0.0536713467559893,0.05431864687972138,0.18026571760561927,0.0,0.0037583588280586297,-0.08624397232557562,0.0,0.021196508313208583,0.08968939616502304,-0.038216884596919985,-0.002326053891800762,-0.139663255961267,0.0,0.03501562897370175,0.07168559007957648,0.007338519655631985,0.038283765385478105,-0.0062098617197001195,0.11983731387973856,0.07446970676263327,-0.027249761339551454,-0.0700685654719464,-0.038216884596919985,0.0785511664192991,-0.07110101016187018,0.009492409355519423,0.09841243370575624,0.0,-0.04639824228085788,0.007661438154400916,-0.06180625998391068,0.0,-0.015600757482885001,0.0,-0.027986241375755547
AF4,0.0,-0.11076405321999541,-0.1575879440937034,0.10023581888959959,0.05784392332505012,-0.11741698767277776,-0.12203962160496729,-0.009051175344182247,-0.06312734430080956,-0.0010069240668905063,-0.043184239137887666,-0.029794572388077097,0.04276077439052325,-0.07729262076620366,0.18456481520621623,-0.0050772012413671935,0.1128339193693008,0.03136390927944139,0.1288563975548217,-0.009131612420055599,0.005352148707044175,-0.055347635092612105,-0.020140229397784516,0.021419632931071613,0.008525501148471379,-0.0033907365712223425,-0.07157192020699471,0.1181424735141316,-0.029173210979087885,0.0,0.14624439035697168,-0.04603981263261918,0.0,0.07319881760968167,0.051574728779069524,0.1925130770326365,0.003438894314726797,-0.012627877340604367,-0.09930157094872809,-0.000849703956142436,-0.11012868814035165,0.09975444454518047,0.03242445930246888,-0.01583688596007628,0.08287406038122204,0.012249996004980052,-0.044680560836340914,-0.13490504425939423,0.08369808604881009,-0.07864224909373002,0.07022853889106155,0.014754269987497244,0.06529699505963565,-0.05903886465925769,0.014297433069385315,-0.2828608367109689,0.0,0.041860051219872345,0.013702566123961295
FCz,-0.000904432543656233,0.07186728065476941,0.16052503864493115,-0.06245367143502749,-0.043959588193566775,0.07814884324365404,-0.016093430179975728,0.09025408634952707,0.03299528213867272,0.1313822908719158,-0.027590134835852025,0.07546921270357608,-0.02145176415073952,-0.0299692416430399,0.03242489328210685,0.0,0.018995163682818755,0.023501932511528562,-0.15468127200416137,-0.0682044650827724,-0.16969784848228942,0.0,0.042682642907773016,0.0,-0.03114551273810335,0.0,-0.021891417051335498,-0.16128488720884437,0.005347475503916691,-0.000904432543656233,-0.13503824336840234,-0.03959880147833446,-0.000904432543656233,0.06776843654823078,0.03357470843973894,-0.04737126764013421,-0.07947352117527609,0.0472803850050346,-0.0983227923249279,-0.11221976478825586,0.01920683591685265,-0.022310422765728907,0.15683336277463897,-0.01843905342457859,0.12448397398143388,-0.10867468564710983,-0.042987019642073264,0.01940120132171501,0.014494633333196392,0.0,0.03977196399422361,-0.0025380076181950356,0.2084935530190428,-0.11491497234364592,0.015365468733482122,-0.14939576528065418,-0.032049945281759584,-0.010822579991313332,0.3150247078442863
