,bankssts-lh,bankssts-rh,caudalanteriorcingulate-lh,caudalanteriorcingulate-rh,caudalmiddlefrontal-lh,caudalmiddlefrontal-rh,cuneus-lh,cuneus-rh,entorhinal-lh,entorhinal-rh,frontalpole-lh,frontalpole-rh,fusiform-lh,fusiform-rh,inferiorparietal-lh,inferiorparietal-rh,inferiortemporal-lh,inferiortemporal-rh,insula-lh,insula-rh,isthmuscingulate-lh,isthmuscingulate-rh,lateraloccipital-lh,lateraloccipital-rh,lateralorbitofrontal-lh,lateralorbitofrontal-rh,lingual-lh,lingual-rh,medialorbitofrontal-lh,medialorbitofrontal-rh,middletemporal-lh,middletemporal-rh,paracentral-lh,paracentral-rh,parahippocampal-lh,parahippocampal-rh,parsopercularis-lh,parsopercularis-rh,parsorbitalis-lh,parsorbitalis-rh,parstriangularis-lh,parstriangularis-rh,pericalcarine-lh,pericalcarine-rh,postcentral-lh,postcentral-rh,posteriorcingulate-lh,posteriorcingulate-rh,precentral-lh,precentral-rh,precuneus-lh,precuneus-rh,rostralanteriorcingulate-lh,rostralanteriorcingulate-rh,rostralmiddlefrontal-lh,rostralmiddlefrontal-rh,superiorfrontal-lh,superiorfrontal-rh,superiorparietal-lh,superiorparietal-rh,superiortemporal-lh,superiortemporal-rh,supramarginal-lh,supramarginal-rh,temporalpole-lh,temporalpole-rh,transversetemporal-lh,transversetemporal-rh
bankssts-lh,-0.20969053425983253,0.0,0.0,0.0,0.07123816318200481,0.0,0.07123816318200481,0.0,0.0,0.0,-0.0954021157799315,0.0,0.044121961982155684,0.0,-0.03407218420711839,0.04812569638750254,-0.016156483787232993,0.0,-0.03407218420711839,0.0,0.032879152237848375,-0.054515494731389426,0.0,-0.03407218420711839,-0.03407218420711839,0.0,0.23163018996589982,-0.08858767893850782,0.07671802188831287,0.0,0.035831400839770794,0.0,-0.03407218420711839,-0.03407218420711839,0.016722668450615378,0.049318728356772555,0.032879152237848375,0.0,0.049318728356772555,-0.013628873682847356,0.0632306943713111,-0.027257747365694713,-0.06800282224839119,0.07123816318200481,-0.013628873682847356,0.0,0.0,-0.027257747365694713,0.06575830447569675,-0.17717535787701563,-0.020443310524271032,-0.027116201199849116,0.0,0.0,-0.07495880525566045,0.02191943482523225,0.0,0.0,0.0,0.0,0.0536055550938106,0.0,0.1150770328324693,0.02191943482523225,0.0,-0.03407218420711839,-0.020443310524271032,0.0
bankssts-rh,0.0,-0.1914275032221883,0.0,0.0,0.0,0.0,0.0,0.0,0.0,0.0,0.0,0.12386485502612186,0.0,-0.07882308956207755,0.0,0.0,0.0,0.146385737758144,0.0,-0.10134397229409971,0.0,0.0,0.0,-0.06756264819606646,-0.03378132409803323,0.0,0.0,0.32655279961432127,-0.12386485502612186,0.06756264819606646,0.0,0.146385737758144,0.0,0.0,0.0,-0.022520882732022157,0.0,0.0,-0.13512529639213292,0.0,-0.022520882732022157,0.0,0.0,0.0,0.0,0.0,0.0,0.0,0.0,0.0,0.0,0.0,0.0,0.2589901514182548,0.0,0.0,0.0,0.0,0.0,-0.09008353092808863,0.0,0.011260441366011087,0.0,-0.13512529639213292,-0.045041765464044314,0.0,0.0,-0.03378132409803323
caudalanteriorcingulate-lh,0.0,0.0,0.24188572579970344,0.07276200168422861,0.0,-0.11393598256200412,0.008262184632901744,-0.05696799128100206,-0.10444131734850377,-0.018989330427000687,0.0,0.0,0.0,0.017756849846402085,-0.05222065867425189,-0.037978660854001374,0.0,-0.020221811007599285,-0.10444131734850377,0.017756849846402085,-0.08070465431475292,0.0,-0.02848399564050103,-0.048888396363744556,0.017756849846402085,0.017756849846402085,-0.018989330427000687,0.03551369969280417,0.017756849846402085,0.017756849846402085,0.0,-0.038594901144300676,0.017756849846402085,0.017756849846402085,0.0,0.026635274769603128,0.0,0.0,-0.07595732170800275,0.017756849846402085,0.0,0.017756849846402085,0.0,0.0,0.0,0.0,0.08878424923201043,0.017756849846402085,0.017756849846402085,0.0,0.0,-0.004747332606750172,0.017756849846402085,0.017756849846402085,0.017756849846402085,-0.033847568537550506,0.059684013301210086,0.008695835207556804,0.017756849846402085,-0.05696799128100206,-0.07120998910125258,0.07559214227671428,0.0,0.030150126795754698,0.0,0.017756849846402085,0.0,0.017756849846402085
caudalanteriorcingulate-rh,0.0,0.0,0.08365904455392129,0.4026137749840792,0.0,-0.0927572430332602,0.0,-0.04216238319693646,-0.07589228975448561,-0.016864953278774582,0.0,0.02159897525176394,0.0,0.0,-0.0463786215166301,-0.033729906557549164,-0.025297429918161873,0.039499495837129944,-0.06745981311509833,0.0,-0.07167605143479197,0.0,-0.016864953278774582,-0.034025782930861,0.0,0.0,-0.016864953278774582,0.0,0.0,0.0,0.0,0.04186650682362462,0.0,0.0,0.0,0.0,0.0,-0.008432476639387291,-0.06745981311509833,0.0,0.0,0.0,0.0,0.0,0.0,0.0,0.09719538863293772,0.0,0.0,0.0,0.0,-0.0042162383196936454,0.0,0.03239846287764591,0.0,-0.12227091127111572,0.2080750595315478,-0.05481109815601739,0.0,-0.04216238319693646,-0.08432476639387292,0.014202065918968068,0.0,0.10481420524571747,0.0,0.0,-0.07167605143479197,-0.050594859836323745
caudalmiddlefrontal-lh,0.032658900682128594,0.0,0.0,0.0,-0.3350851759524286,-0.04645817318303942,0.011875963884410397,0.0,0.005937981942205199,0.0,0.018859628181217766,-0.022706245414218625,0.07125578330646239,0.0029689909711025993,0.059379819422051984,-0.028644227356423822,0.06828679233535978,0.0,0.03292032127077913,-0.004892299587603027,0.0,0.07719376524866758,0.04750385553764159,-0.019737254443116026,0.0010456823546021704,0.032658900682128594,0.08906972913307798,0.04750385553764159,0.029951330299676535,-0.019737254443116026,-0.04645817318303942,0.0,-0.38004951720032204,-0.025675236385321223,0.10094569301748839,0.005937981942205199,0.0,0.008906972913307798,0.0,0.026720918739923393,0.0,0.017813945826615597,0.026720918739923393,0.050472846508744194,0.032658900682128594,0.0,-0.04645817318303942,-0.04645817318303942,-0.03484362988727956,-0.011614543295759856,0.01589063721011517,0.04156587359543639,-0.007861290558705629,0.008906972913307798,0.02182861915232036,0.04156587359543639,0.020782936797718195,0.0,0.03562789165323119,-0.04645817318303942,0.0,0.0,0.03562789165323119,-0.007861290558705629,0.0,0.0,-0.022706245414218625,0.032658900682128594
caudalmiddlefrontal-rh,-0.0066428503022511395,0.0,-0.07971420362701367,-0.07307135332476253,-0.00996427545337671,0.20308355128070466,0.16562442906061137,-0.026571401209004558,-0.0033214251511255698,-0.026571401209004558,-0.01660712575562785,-0.053142802418009116,-0.0033214251511255698,0.03312488581212227,-0.04982137726688354,-0.07971420362701367,0.0,0.0,-0.059785652720260256,-0.04317852696463241,-0.04649995211575798,0.0,0.0,-0.08303562877813925,-0.05646422756913469,-0.02324997605787899,-0.026571401209004558,0.0,-0.0033214251511255698,-0.053142802418009116,-0.0332142515112557,0.0,-0.026571401209004558,0.17877608111641352,0.008281221453030568,0.0,0.0,-0.013285700604502279,-0.0332142515112557,-0.053142802418009116,-0.04317852696463241,0.1076558788893974,0.07453099307727512,0.0,0.12421832179545853,-0.00996427545337671,0.08440590283151841,-0.01669649145476127,0.0,0.06292834647311897,0.06283898077398556,0.0,-0.04317852696463241,0.039589004716106574,-0.07307135332476253,0.04140610726515284,-0.013285700604502279,-0.0332142515112557,0.09109343598333625,-0.07307135332476253,-0.0066428503022511395,-0.0332142515112557,0.03312488581212227,-0.03985710181350684,0.0,-0.02324997605787899,-0.026571401209004558,0.1076558788893974
cuneus-lh,0.033905368127768974,0.0,0.002260357875184598,0.0,0.01356214725110759,0.05198823112924576,-0.010597646477632493,0.010360959789131497,-0.03766868647493495,0.0,0.0,-0.08218353541476148,-0.04834325612633028,0.020343220876661385,0.0,0.0,-0.07734920980212846,0.01356214725110759,0.01356214725110759,0.02938465237739978,0.042946799628507365,-0.039929044350119555,-0.15469841960425693,0.02938465237739978,0.05198823112924576,0.02938465237739978,0.0035798861635777004,0.010047349926867665,0.08495276967022324,-0.028627254974196558,-0.04890538701152017,-0.000940829586791494,0.02938465237739978,0.04068644175332277,-0.06284623296422936,0.042946799628507365,0.0,0.024863936627030583,0.04972787325406117,0.02938465237739978,0.056508946879614955,0.04520715750369197,-0.09329005827267113,-0.1817576252671343,0.018082863001476785,0.0,0.05424858900443036,-0.042189402225304144,0.056508946879614955,0.0,-0.07728412096279068,0.03842608387813817,0.02938465237739978,0.04068644175332277,0.021349139302790657,0.047467515378876564,0.02938465237739978,-0.004834325612633029,-0.10817173381217184,0.0,0.06329002050516874,-0.033840279288431196,0.009041431500738393,0.0,-0.07251488418949542,0.01356214725110759,-0.013810668274033646,0.03842608387813817
cuneus-rh,0.0,0.0,-0.08139779103144096,-0.07122306715251084,0.0,-0.041068139527455846,0.09171610980382373,0.16845732357615756,0.0,-0.09665987684983614,0.0,-0.055960981334115666,-0.07122306715251084,0.0,-0.09665987684983614,-0.011651699925871593,-0.030524171636790363,-0.04962229246599186,0.0,0.0,-0.03561153357625542,-0.061048343273580725,0.08935705083995887,-0.04578625745518554,0.0,0.0,-0.10683460072876627,-0.055960981334115666,0.0,-0.13227141042609156,0.0,-0.014749246913207168,0.0,0.029785683613319625,-0.055960981334115666,0.0,0.0,0.0,-0.015262085818395181,0.0,0.0,0.0,0.0666485441182338,0.0,0.0,0.0,0.0,0.0,0.0,0.014892841806659812,0.0,0.238285468906557,0.0,0.04467852541997944,-0.04578625745518554,0.0,0.0,-0.20858183951806747,0.11405537251381344,0.17126768077658786,0.0,0.0,0.0,0.0,-0.01017472387893012,0.28296399432653646,0.08191062993662898,0.0
entorhinal-lh,0.007678637771417118,0.0,-0.08167278356870934,-0.06352327610899615,0.0,-0.013612130594784892,-0.013612130594784888,0.0,-0.07573929074534157,0.0,0.04223250774279415,0.0,0.011517956657125678,0.0,0.027224261189569787,-0.04537376864928296,0.053750464399919824,0.0,0.009772811709076342,0.0,0.058636870254458,0.015357275542834236,-0.04293056572201389,-0.027224261189569783,0.1382154798855081,0.0,-0.027224261189569783,0.0,0.061429102171336944,0.0,0.030714551085668472,-0.02268688432464148,0.0,0.0,0.026875232199959912,0.0,0.02547911624152044,0.11901888545696533,0.01640436251166385,-0.02268688432464148,-0.005235434844148034,0.061429102171336944,0.051307261472650745,-0.054448522379139566,0.013612130594784895,0.0,0.0,-0.09074753729856593,0.04223250774279415,0.0,-0.08725724740246725,0.0,0.0,-0.027224261189569783,0.11134024768554822,0.017800478470103322,-0.027224261189569783,0.0,-0.06108007318172707,0.0,-0.043628623701233625,-0.10435966789335083,-0.04537376864928296,-0.004537376864928297,-0.027224261189569783,0.0,0.07259802983885276,0.0
entorhinal-rh,0.0,0.0,-0.036934247680516334,-0.036934247680516334,0.0,-0.061557079467527226,0.0,-0.11080274304154901,0.0,0.2661159896980792,0.0,0.0,-0.06771278741427995,0.0,-0.11695845098830174,0.11269680702516524,-0.018467123840258167,0.04261643963136501,0.0,0.04971917956992584,-0.1354255748285599,-0.055401371520774505,0.014205479877121669,0.0,-0.049245663574021784,0.0,-0.11080274304154901,-0.049245663574021784,0.0,-0.055401371520774505,0.0,0.14205479877121668,0.0,0.0,-0.049245663574021784,0.0,0.0,0.0,-0.14158128277531262,0.0,-0.012311415893505446,0.0,0.0,-0.061557079467527226,0.18467123840258168,0.0,0.0,0.0,0.0,0.19887671827970335,0.0,0.0,0.0,0.0,-0.036934247680516334,0.0,0.0,-0.11695845098830174,0.0,0.127849318894095,0.0,0.0,0.0,0.0,0.0,0.07102739938560834,0.0,0.11364383901697335
frontalpole-lh,-0.0389464826156587,-0.0064910804359431164,0.0,0.0,0.10143366927985137,-0.016227701089857795,0.0119916388573105,0.0,0.07470011235454668,0.0,-0.032297340156113075,-0.0059431320874544155,-0.020463763322405088,0.0,0.054236349032141605,-0.03245540217971559,-0.009736620653914676,0.0,0.09219230963322457,-0.016227701089857795,0.009515333820871158,0.06397296968605629,0.10792474971579448,-0.016227701089857795,0.037513386934995945,-0.06166526414145961,-0.03570094239768714,-0.027945365772923933,-0.0659013263740069,-0.016227701089857795,-0.02745010476563607,0.0,-0.016227701089857795,-0.016227701089857795,0.04972631262534995,-0.02920986196174403,-0.03245540217971559,0.02227620785971388,0.023983277714621,-0.03245540217971559,-0.07140188479537428,0.0,0.047966555429242,0.0119916388573105,0.10792474971579448,0.0,-0.016227701089857795,-0.016227701089857795,0.006765054610187468,-0.009736620653914676,0.07370959033997096,0.0,-0.07464742501334584,-0.03570094239768714,0.0874609863933894,-0.007481602450518852,-0.0389464826156587,0.0,0.0,-0.016227701089857795,0.0,-0.0064910804359431164,-0.03570094239768714,0.016501675264102143,-0.06166526414145961,-0.03245540217971559,0.07497408652879103,-0.09736620653914675
frontalpole-rh,0.0,0.1472017117701738,0.0,0.0,0.10179450153492982,-0.03682902190364877,-0.03419837748195957,-0.03945966632533797,0.0,-0.005261288843378396,0.12947345588487702,0.4849535803461825,-0.02367579979520278,0.0,-0.002630644421689198,-0.021045155373513584,-0.02367579979520278,0.1287872008183494,-0.015783866530135186,-0.021045155373513584,0.0,-0.02367579979520278,-0.010522577686756792,-0.021045155373513584,-0.03945966632533797,-0.10522577686756791,-0.01315322210844599,0.17156376663190423,-0.03682902190364877,-0.08154997707236512,-0.03419837748195957,-0.03419837748195957,-0.018414510951824385,-0.021045155373513584,-0.02367579979520278,0.0,0.0,-0.09733384360250032,0.0,-0.06313546612054075,0.0,0.0,-0.04472095516871636,-0.03156773306027037,0.0,0.0,-0.015783866530135186,-0.03682902190364877,-0.02367579979520278,0.0,-0.03419837748195957,0.0,-0.09470319918081112,0.14285542968216558,-0.04998224401209476,-0.02367579979520278,-0.020130148618143426,-0.02367579979520278,-0.028937088638581177,-0.018414510951824385,0.0,-0.005261288843378396,0.026763947594577054,0.10991518648883995,-0.04472095516871636,-0.010522577686756792,-0.03945966632533797,-0.04998224401209476
fusiform-lh,0.041385911550991646,0.0,0.0,0.0,0.12677659386904921,-0.013005016788914203,-0.03468004477043787,-0.06936008954087575,0.016794426715203464,-0.05635507275196155,-0.030781515710145514,-0.03901505036674261,0.11363269818231289,0.0,-0.007499460482394476,0.028380894762077443,-0.0622177462243096,0.0,0.05493652400992133,0.0,-0.03489828303844406,-0.1437098994820748,0.05883505307021369,0.0,0.00845177292460328,0.0,0.034541165872615756,-0.009870321666643504,0.0,-0.07803010073348522,-0.009215606862624941,0.0,0.0,0.0,0.0680209001690196,0.0,0.04648475108531804,0.0,0.0,-0.008670011192609468,-0.08236510632978995,0.0,-0.03468004477043787,0.07530212238340787,0.00422588646230164,0.0,0.0,0.0,0.0,0.0,0.09296950217063608,0.0,0.0,0.0,-0.07424069080719596,0.0,0.0,-0.060690078348266285,-0.013005016788914203,0.0,0.0,0.0,0.019710883569467978,0.07184006985912789,0.0,0.0,0.0,0.0
fusiform-rh,0.0,-0.2444178155328287,0.005717375801937514,0.0,0.01715212740581254,0.011434751603875028,0.05717375801937513,0.0,0.0,0.0,0.0,0.0,0.0,-0.9190681601614552,0.0,-0.13578767529601596,0.0,-0.21011356072120363,0.022869503207750056,0.05717375801937513,0.0,0.028586879009687566,0.0,0.05717375801937513,0.05717375801937513,0.06289113382131264,0.0,0.05717375801937513,0.05717375801937513,0.05717375801937513,0.0,0.022869503207750056,0.06860850962325016,0.05717375801937513,0.0,0.04145097456404697,0.0,0.0,0.0,0.05717375801937513,0.0,0.12006489184068778,0.0,0.0,0.0,0.0,0.05145638221743762,0.12006489184068778,0.04573900641550011,0.0,0.0,0.028586879009687566,0.05717375801937513,0.05717375801937513,0.05717375801937513,0.05145638221743762,0.05717375801937513,0.0,0.07432588542518767,-0.08147260517760957,0.0,0.0,0.0,0.0,0.0,0.01715212740581254,0.0,0.05717375801937513
inferiorparietal-lh,-0.012884039888552211,0.0,-0.055830839517059576,-0.055830839517059576,0.07792035375636358,-0.06871487940561179,0.0,-0.07300955936846253,0.03616954095295388,-0.07300955936846253,0.018990821101550936,0.0,-0.010365219150846497,0.0,-0.018338464651497667,-0.08478821749442447,0.007302768038096401,0.0,0.12077654832236356,0.0,-0.09377623969515848,-0.03604269386544352,0.14025663676145445,-0.021473399814253682,0.06623230069290904,0.0,-0.1597004831755424,0.01668945251386299,0.0,-0.03435743970280589,0.0,0.0,0.0,0.0,0.0746404504935957,0.0,0.04285619456599997,0.04285619456599997,-0.04923479096652089,-0.008589359925701473,-0.08159891929416399,0.023376106126909074,0.0038960176878181786,0.07012831838072722,0.054544247629454506,0.0,0.0,-0.017178719851402947,0.0,0.0,0.13636061907363625,0.0,0.0,0.0,0.03727492271554416,0.0,-0.004294679962850737,-0.08159891929416399,0.0,0.0,0.0,0.0,-0.050430777791618565,0.054544247629454506,0.0,0.0,0.06623230069290904,0.0
inferiorparietal-rh,0.031196558130550146,0.0,-0.03297700685760387,-0.03297700685760387,0.024786942713156714,-0.08574021782977007,0.0,0.012447658926532166,-0.039572408229124646,0.02111767011914164,-0.01874889920401798,-0.026381605486083096,0.07228621831838145,-0.02308390480032271,-0.03042244998835287,0.06790476623354484,0.03901505036674261,0.03468004477043787,-0.05276321097216619,-0.03627470754336426,-0.043427466777267075,-0.009893102057281162,0.03901505036674261,-0.059358612343686966,-0.05276321097216619,0.0,0.017448397525126554,0.019414632206307632,-0.003297700685760387,-0.04287010891488503,-0.03297700685760387,0.0,-0.026381605486083096,-0.03627470754336426,0.054094676976745505,0.0,0.04768506155935208,0.0,-0.059358612343686966,0.0,0.01055883505957082,0.0,0.0,0.1127101455039231,0.05183428120152947,-0.016488503428801937,-0.02308390480032271,-0.07914481645824929,0.04768506155935208,0.08340241124033429,-0.023455476708577398,0.013005016788914203,-0.013190802743041548,0.0,-0.03297700685760387,0.0,0.0,-0.04616780960064542,0.0,0.08199353442153527,-0.00904158310086416,-0.013190802743041548,0.05683501980012386,0.02111767011914164,0.017340022385218937,0.030824986222295448,-0.026381605486083096,0.02026615116272463
inferiortemporal-lh,-0.010905514453608166,0.0,0.0,-0.02819408219886743,0.10674638057952698,0.0,-0.06578619179735734,-0.03759210959848991,0.09073442349259794,-0.023495068499056193,-0.023495068499056193,-0.04229112329830115,-0.09699524810419616,0.0,-0.0064373771494523994,0.04803587126078714,0.22556623855538976,0.0,0.0646861336768813,0.0,0.11399861559599865,-0.1691644931932046,0.021756705049415036,0.0,0.06938514737669255,0.0,0.010851190595806887,-0.04229112329830115,0.0,-0.061087178097546095,-0.061087178097546095,0.0,0.0,0.0,-0.11387638691594576,0.0,0.0,0.04803587126078714,0.04803587126078714,-0.009398027399622477,-0.05638816439773486,0.05337319028976349,-0.01241300150759385,-0.061087178097546095,0.0,0.0,0.0,0.0,0.0,0.0,0.037361233202834444,0.016011957086929048,0.0,0.0,-0.01925780759055588,-0.02819408219886743,0.0,-0.02819408219886743,-0.04229112329830115,0.0,-0.02819408219886743,0.0,-0.02819408219886743,0.019841789061919714,0.06404782834771619,0.0,0.05784132759391927,0.0
inferiortemporal-rh,0.0,0.07233666020377623,-0.06991005832592691,-0.0423117341517954,0.0,-0.0074165155984972555,0.029785683613319625,-0.10261791744003693,0.0,0.004255097659045661,0.0,0.01823369157510731,0.0,-0.022129925576161166,0.0,0.025530585954273967,0.0,-0.12160351382236516,0.0,0.029785683613319625,0.0,0.008510195318091322,0.04680607424950227,-0.03696295677315568,0.02236916801482237,0.029785683613319625,0.0,0.06808156254473058,-0.044379472371652934,-0.017755206697784902,0.0,-0.2499741709097186,-0.022129925576161166,-0.03696295677315568,0.0,-0.08887856596263646,0.0,0.0,0.0,0.029785683613319625,0.0,0.029785683613319625,0.0,0.0,0.004255097659045661,0.0,0.03829587893141095,0.029785683613319625,-0.08146205036413921,0.025530585954273967,0.0,0.03829587893141095,0.029785683613319625,0.14467332040755246,0.029785683613319625,0.025530585954273967,0.03525408221128995,-0.11003443303853418,0.04680607424950227,0.04255097659045661,0.0,0.05531626956759359,0.0,0.0,0.0,0.06382646488568491,0.0,0.029785683613319625
insula-lh,-0.02522831125718329,0.0,-0.10091324502873315,-0.06559360926867655,0.03929175285161312,-0.09586758277729651,0.014032768875576116,0.0,-0.01391007800016124,0.0,0.04266575192552213,-0.020182649005746633,0.03087209152626745,0.011226215100460893,0.07577695192811103,-0.06559360926867655,0.042098306626728345,0.0,-0.11078986049963047,-0.012867205559134821,0.04490486040184357,0.056131075502304464,0.08980972080368714,-0.03809551681631811,0.057327311537599464,0.022452430200921785,0.0,0.022452430200921785,0.03087209152626745,-0.007821543307698164,-0.024660865958389504,-0.02522831125718329,-0.006149880130170516,-0.015673759334250047,0.056131075502304464,0.005613107550230446,0.033678645301382676,0.05332452172718924,0.05893762927741968,0.002837226493968943,-0.04541096026292992,0.04490486040184357,0.033678645301382676,0.014032768875576116,0.014630886893223621,-0.015136986754309975,-0.015136986754309975,-0.04708262344045756,0.014032768875576116,0.008419661325345669,0.043263869943169636,0.017406767949485126,0.022452430200921785,-0.02185431218327428,0.03992054358811435,0.01125688781931461,0.01964587642580656,0.0,0.022452430200921785,-0.020182649005746633,-0.1311872185373531,-0.13623288078878976,0.022452430200921785,-0.0605479470172399,0.0,-0.07568493377154986,0.04717464159701872,0.03087209152626745
insula-rh,-0.009719538863293773,-0.0340183860215282,0.0037082577992486277,0.0,0.03733630089454013,-0.07289654147470329,0.04449909359098354,0.0,0.0,-0.026094424618923244,-0.02429884715823443,-0.03887815545317509,0.0,0.033374320193237654,0.0,-0.05831723317976264,0.0,0.02224954679549177,-0.014071862490832957,-0.13379003796762814,-0.05831723317976264,0.06674864038647531,0.0,0.004723149407464043,-0.14337295680673906,0.07045689818572394,0.0,0.051915609189480794,0.07672190215182294,-0.03415500604571104,-0.04859769431646886,0.0,0.009329195937057073,0.002166403240613672,0.0,0.03708257799248628,0.0,0.0,-0.13121377465446593,0.06304038258722668,0.0,0.051915609189480794,0.014833031196994511,-0.01522337412323121,0.0,0.0,-0.0043523236275391786,-0.03235942858502224,0.029666062393989022,-0.0048597694316468865,-0.03120791695262398,0.06304038258722668,0.058434336057633644,-0.036965475114615266,0.02185920386925508,0.08158167158346982,0.05562386698872942,0.0,0.07416515598497256,-0.03887815545317509,-0.009719538863293773,-0.02429884715823443,0.06674864038647531,-0.02429884715823443,0.0,-0.022893612623782315,-0.03887815545317509,0.07045689818572394
isthmuscingulate-lh,0.03268517493851003,0.0,-0.08838170099871667,-0.0837300325251,0.0,-0.0558200216834,0.09396987794821635,-0.023258342368083336,0.030102058153382197,-0.09303336947233334,-0.016785113452364567,0.0,-0.037213347788933336,0.0,-0.09234385224283706,-0.07838884682198706,0.0770612688726584,0.0,0.049027762407765046,-0.06512335863063334,-0.0712981397903015,-0.0279100108417,0.00999285417672961,-0.051168353209783336,0.08183643296946845,0.0,-0.0889477226050196,0.0,0.061284703009706315,0.0,0.057199056142392554,0.0,0.0,0.0,0.002387582048405015,0.012256940601941262,0.0,0.1062268185501576,-0.0651953977441628,0.0,0.0019450560652954638,0.07354164361164757,0.1062268185501576,-0.04186501626255,0.04085646867313754,0.0,0.0,-0.04651668473616667,0.06945599674433382,0.0,-0.015087048633455828,0.004085646867313754,0.0,0.0,0.08114691573997217,0.04085646867313754,-0.03256167931531667,-0.03256167931531667,0.028599528071196277,0.0,0.04085646867313754,0.0,-0.08838170099871667,0.0,0.012256940601941262,0.0,0.08171293734627508,0.0
isthmuscingulate-rh,-0.035008765573949135,0.0,0.0,0.0,0.07374558605094776,-0.004376095696743642,-0.025324560454699475,-0.06126533975441099,0.01843639651273694,-0.04813705266418006,0.002330034314405933,-0.03938486127069278,-0.16973571844723964,0.00921819825636847,-0.07383296233773798,-0.030632669877205494,-0.14003506229579654,0.0,0.07374558605094776,0.04916372403396518,-0.035008765573949135,0.02384644493649821,0.02421051279812414,0.03380006027335106,0.10140018082005317,0.039945525777596705,-0.12253067950882197,-0.02616191653643911,0.04916372403396518,-0.0449696622680345,0.018997061019640864,0.0,0.021509129264859764,0.027654594769105412,-0.14301313740389662,0.012290931008491294,0.0,0.021509129264859764,0.01843639651273694,0.025047868879863773,-0.0743936268446419,0.02458186201698259,-0.0283972932068223,0.0067061300111495685,0.046090991281842346,0.0,0.006145465504245647,0.0030727327521228236,0.006145465504245647,0.0,0.08296378430731623,0.07374558605094776,0.046090991281842346,0.015363663760614116,-0.01023758826892106,0.08296378430731623,0.027654594769105412,-0.052513148360923696,0.02113778004600132,0.0,0.0,0.0,-0.011264259638706177,0.012290931008491294,0.0,0.0,0.03687279302547388,0.039945525777596705
lateraloccipital-lh,0.0,0.0,-0.020808026862262727,-0.010404013431131363,0.045357848028704274,0.0,-0.18403239547259992,0.045357848028704274,-0.03404120184045612,0.0,0.06479692575529182,-0.041616053724525454,0.016107968163111278,0.0,0.1069149274962315,0.016199231438822955,-0.011864225842518221,0.02915861658988132,0.10367508120846691,0.0,0.02523429573427914,0.01218364730750909,-0.004654427061295602,-0.020808026862262727,0.06479692575529182,0.0,0.0,0.025918770302116728,-0.015606020146697042,-0.015606020146697042,-0.08843411416461658,0.016199231438822955,0.0,0.0,0.04261994975735392,0.0,0.012959385151058364,0.045357848028704274,-0.020214815570136817,0.055077386891998044,0.0,0.03239846287764591,-0.15350482974704346,-0.1606689968904102,0.05831723317976264,0.0,0.0,-0.00666221912695254,0.003239846287764591,0.04859769431646886,-0.05494049197843054,0.03887815545317509,0.0,0.0,0.09071569605740855,0.0,-0.020808026862262727,0.0,-0.1633156318860489,0.025918770302116728,0.0,-0.03641404700895977,0.0,0.025918770302116728,-0.057222073871222495,0.04859769431646886,0.004928216888430638,0.016199231438822955
lateraloccipital-rh,-0.02074957734860468,-0.0331993237577675,-0.07990852516914616,-0.07564081733893097,0.03190360779233061,-0.09959797127330249,0.04008564637127821,-0.029049408288046558,-0.0331993237577675,0.0,-0.02074957734860468,-0.0331993237577675,0.0,0.03628910798304007,-0.01244974640916281,-0.07054856298525593,0.0,-0.004856669632686514,-0.025841831702279723,0.026929145799149835,-0.03734923922748843,0.05241760041994677,-0.02489949281832562,-0.11558148849729315,0.006179568450545147,0.07257821596608013,0.0,0.056449723529173434,0.0684283004963592,0.027046938159644103,-0.04149915469720936,-0.01659966187888375,0.01921827666217927,0.01483277647146981,0.0,0.04032123109226674,0.016128492436906696,0.0,-0.04149915469720936,0.06854609285685347,0.0,0.056449723529173434,0.016128492436906696,0.016128492436906696,-0.01244974640916281,0.0,0.003207576585766834,-0.03817378575094827,0.03225698487381339,-0.004149915469720937,-0.02145633151157026,0.05241760041994677,0.05597855408719639,0.04435335420149342,0.031079061268870774,0.06854609285685347,0.02728252288063262,-0.0331993237577675,0.07257821596608013,-0.07054856298525593,-0.029049408288046558,0.0,0.03225698487381339,-0.02074957734860468,0.0,-0.03770261630897122,-0.0331993237577675,0.031079061268870774
lateralorbitofrontal-lh,-0.015415995220409954,-0.0034647511895418703,0.0,0.0,0.020129918068164752,-0.05890077022221179,0.04769401818248494,0.0,0.0724949076373771,-0.020788507137251222,-0.04951587598772957,-0.05890077022221179,0.0,0.015262085818395181,0.02480088945489217,-0.05890077022221179,0.020985368000293374,0.009538803636496987,0.027803912438389717,-0.10580734495252812,0.041816826598571964,0.06295610400088011,0.030524171636790363,-0.024911847395879563,-0.0777636201900689,0.0031569323855123233,0.0,0.02480088945489217,0.01997600866614998,-0.04223560334358891,-0.021293186804322923,0.0,-0.004824880788742191,-0.011403612902769004,0.011446564363796385,-0.010548162970640384,0.007631042909197591,0.037145855211844554,0.05451256262058128,-0.014517593827253953,0.0,0.059140582546281316,0.05532506109168253,-0.012806693962996708,0.023945439522763547,0.0,-0.01089893323569731,-0.05091895704795728,0.03243193236408976,-0.024253258326793092,-0.011403612902769004,0.04006297527328735,-0.03997707235123259,-0.08486492841326213,0.032671744688159296,0.0667716254554789,-0.018333115281852747,0.0,0.04578625745518554,-0.027718009516334963,-0.012806693962996708,0.0,0.019077607272993975,-0.01732375594770935,-0.013859004758167481,-0.037761492819903646,0.02760705157534757,0.006621683575054195
lateralorbitofrontal-rh,0.0,0.0,0.0036787099283382804,-0.005172863820800607,0.04782322906839765,-0.02586431910400304,0.04414451914005937,0.0,0.0,0.0,-0.09311154877441094,-0.19139596136962247,0.0,0.03310838935504453,0.0,0.0,0.0,0.022072259570029684,0.029429679426706244,0.07357419856676561,0.0,0.05518064892507421,0.0,0.06253806878175076,0.03368544189282308,-0.10034531451584922,0.0,0.05150193899673593,0.0011541050755571073,0.06621677871008906,0.0,0.0,0.08461032835178045,0.05518064892507421,0.0,0.05150193899673593,0.0,-0.22243314429442612,0.0,-0.05643779909666319,0.0,0.05150193899673593,0.014714839713353122,0.022072259570029684,0.0,0.0,0.029429679426706244,0.025750969498367964,-0.017126094960499223,0.0,0.022072259570029684,0.05518064892507421,-0.05298578837959508,-0.06816433102509166,0.0440311695344243,0.015065193039861534,-0.11035099334054523,0.0,0.07357419856676561,0.0,0.0,0.0,0.03678709928338281,0.0,-0.031037182924803643,0.011036129785014842,-0.0724200934912085,-0.06977183452318905
lingual-lh,0.1784370658705115,0.0,-0.026699456154590122,-0.026699456154590122,0.16058368556746233,-0.04449909359098354,0.022314038235478704,-0.09344809654106542,-0.035599274872786836,-0.08454827782286872,-0.04894900295008189,-0.013349728077295061,0.049368197309996954,0.0,-0.15570383327511775,-0.0041919435991506215,0.0358249949127411,0.0,0.0,0.0,-0.10679782461836049,-0.10679782461836049,0.0,0.0,0.0,0.0,0.13873183598522332,-0.04448834501765238,0.031224605527006562,-0.053398912309180244,0.031224605527006562,0.0,0.0,0.0,0.05374286665577721,0.026763947594577054,0.04460657932429509,0.0,-0.03557777772612452,-0.0044499093590983545,0.00018272574662964348,0.0,0.017853380303049192,0.0981344745134492,0.0,0.0,0.0,-0.02224954679549177,0.022303289662147546,0.0,0.004460657932429509,0.017842631729718037,0.0,0.0,-0.07119854974557367,0.0,0.0,-0.09344809654106542,0.0,0.0,0.062449211054013125,0.0,0.03590023492605917,0.04014592139186558,0.0,0.0,0.0,0.0
lingual-rh,-0.06548625475268854,0.06678362395061915,0.014518179119699817,0.0,0.05226544483091934,0.0,0.021746378936741854,-0.0851321311784951,0.0,-0.06548625475268854,-0.07425894171012418,0.008649127986204146,-0.05899940876303543,0.02613272241545967,-0.02409399939014012,-0.01457995860531556,-0.04584037832688198,0.0319399940633396,0.029036358239399634,0.04645817318303942,0.0,-0.04448122964333561,0.029036358239399634,0.043554537359099456,0.043554537359099456,0.043554537359099456,-0.0851321311784951,-0.10972036645356117,0.043554537359099456,-0.04157759381939564,-0.0851321311784951,0.0,0.03119864023595067,0.043554537359099456,-0.04373987581594668,0.029036358239399634,0.005807271647879928,0.0,0.0,0.043554537359099456,0.0,0.04065090153515949,-0.00728997930265778,0.016680461116250857,0.00871090747181989,-0.1309725095053771,0.02322908659151971,0.020325450767579745,0.02322908659151971,-0.0065486254752688535,0.04065090153515949,-0.029901271038020046,0.043554537359099456,0.05516908065485931,-0.010317174097829236,0.04065090153515949,0.043554537359099456,-0.025576707044917976,0.043554537359099456,-0.07858350570322624,0.0,0.03774726571121952,0.0319399940633396,-0.04299852198855776,0.0,0.00871090747181989,0.0,0.043554537359099456
medialorbitofrontal-lh,0.039135626681341816,-0.06882157952891244,0.0024459766675838635,0.0,0.028508541718764723,-0.0057351316274093685,0.08063367182112643,0.0,0.02935172001100636,0.0,-0.14337829068523422,-0.08602697441114053,0.0,0.02201379000825477,0.0,-0.0057351316274093685,0.0,-0.036940324641181146,0.019567813340670908,0.04807635505943563,0.03424367334617409,0.04402758001650954,-0.01720539488222811,0.03584647172151631,0.010376410335153909,-0.03381828609963776,0.02201379000825477,0.03424367334617409,-0.12608174139303405,0.03584647172151631,0.02353303017445593,0.0,0.026062565051180854,0.030954518386348585,0.0,-0.019902046177235164,0.012229883337919316,-0.06806195944581185,0.03416011513703302,0.0014356819570600931,0.01113603041825449,0.03424367334617409,0.021930231799113707,0.019484255131529845,0.0,0.0,0.013832681713261538,0.011386705045677676,0.015268363670321639,0.0,-0.008264666504134294,0.053811486686844996,-0.011720937882241935,-0.01897530967585245,0.04073842505668404,0.052884750185462286,-0.014926534632926371,0.0,0.031714138469449156,-0.0057351316274093685,0.053811486686844996,-0.06882157952891244,0.03424367334617409,-0.0745567111563218,-0.10323236929336864,-0.021337728134295256,-0.04183227797634887,-0.02808315447222839
medialorbitofrontal-rh,-0.002997909714327625,0.03084279555784245,-0.0021404699839249436,0.0,0.0334151147490505,-0.05396237485789724,0.02228091562214268,-0.08993729142982874,0.0,-0.03297700685760387,-0.020985368000293374,-0.0839414720011735,-0.05396237485789724,0.034698145002572754,-0.029979097143276245,-0.047966555429242,-0.03297700685760387,0.015002065939965168,0.00685951784322145,0.018431824861575897,0.0,-0.0008449223620756301,-0.002997909714327625,0.029566023988483715,0.01543391514724827,0.07325163944987582,-0.04197073600058675,0.015002065939965168,0.06639838029081789,-0.08904855827860846,-0.04496864571491437,-0.05696028457222487,0.02999161451160329,0.024853234813350725,-0.047966555429242,0.03855349444730306,0.0,0.0,0.0,0.0655409405604152,0.0,0.053974892226224286,-0.020553518793010272,-0.005563970221372149,0.0,0.0,0.009857427557549075,-0.06594775503104422,0.03084279555784245,-0.002997909714327625,-0.00984491018922203,0.05011954278149399,0.061260000592565325,0.02228717430630621,0.006440186004265399,0.0655409405604152,0.057830241670954595,-0.071949833143863,0.051408831719179766,-0.023983277714621,-0.002997909714327625,0.03084279555784245,0.03084279555784245,-0.014989548571638122,-0.03897282628625912,-0.02141095852341295,-0.023983277714621,0.04841092200485214
middletemporal-lh,0.08117110435894109,0.0,0.0,0.0,-0.011939950758787609,-0.0437798194488879,0.04987462826179915,-0.007959967172525072,0.040886621048542064,0.0,-0.04094536619372676,-0.05969975379393805,0.011881205613602923,0.0,0.0,-0.0437798194488879,-0.05969975379393805,0.0,-0.03183986869010029,-0.0437798194488879,0.08177324209708413,0.07206560685531463,-0.05969975379393805,-0.0437798194488879,-0.009707635241769505,0.0,0.05336996440028803,-0.05969975379393805,0.12036880248342341,-0.06765972096646311,0.08431396962632183,0.0,-0.03183986869010029,-0.0437798194488879,-0.047759803035150435,0.06132993157281311,0.0,0.040886621048542064,0.10221655262135518,0.0,0.08858767893850782,0.0,-0.03189861383528498,-0.06199081445614083,0.0,0.0,-0.027859885103837755,-0.0437798194488879,0.12265986314562621,-0.003979983586262536,-0.03985858100781004,0.04770105788996575,-0.015919934345050145,0.0,-0.05173978662141297,0.06814436841423678,0.0,0.0,-0.05969975379393805,-0.03183986869010029,0.06416438482797425,0.0,0.013628873682847356,-0.027859885103837755,0.0,-0.07163970455272566,-0.02960755317308219,0.0
middletemporal-rh,0.0,0.15475243441557124,-0.0886421944332392,-0.0016506926337660941,0.0,0.0,0.0751477821522014,-0.041638721686749716,-0.036934247680516334,0.09285146064934274,0.0,-0.08125534489713593,0.0,0.020633657922076165,0.0,0.0,0.0,-0.21879930860569566,-0.036934247680516334,0.0,0.0,0.0,0.030950486883114248,-0.0443210972166196,0.0,0.0,0.0,0.020633657922076165,0.0,-0.12557644211375554,0.0,0.26889783004049655,-0.051707946752722875,-0.0664816458249294,0.0,0.0,0.0,0.0,0.0,0.0,0.0,0.0,0.024966726085712158,-0.007386849536103268,0.0,0.0,0.05158414480519041,0.0,-0.11080274304154901,0.0,0.0,0.08253463168830466,0.0,0.020633657922076165,0.0,0.0,0.035283555046750244,-0.12557644211375554,0.08393772042700584,0.0,-0.036934247680516334,-0.036934247680516334,0.0,0.0,-0.036934247680516334,0.07221780272726658,0.11348511857141891,0.0
paracentral-lh,-0.0184057712693603,0.0,0.004571070257489646,0.0,-0.15819547798096223,-0.055217313808080905,0.054852843089875744,0.0,0.0,0.0,-0.030676285448933836,-0.04908205671829414,0.0,0.0502817728323861,0.0,-0.055217313808080905,0.0,-0.015520378083569495,-0.004814050736293077,0.00877766979677414,0.0,0.04113963231740681,0.0,0.00877766979677414,0.00877766979677414,0.11884782669473079,0.0,0.04558921233549475,0.05785972651506827,0.013348740054263775,-0.055217313808080905,-0.042946799628507365,-0.25239597235706945,0.002642412706987371,0.0,0.08685033489230326,0.0,0.0,0.0,0.06399498360485505,-0.012270514179573535,0.06399498360485505,0.004571070257489646,0.0,0.0,0.0,0.011906043461368377,-0.02321982200565338,-0.04932503719709757,-0.006135257089786767,-0.03693303277812232,0.0043280897786862095,0.0714514470481355,0.0502817728323861,0.00877766979677414,0.06856605386234468,0.06399498360485505,0.0,0.06399498360485505,-0.04908205671829414,0.0,0.0,-0.03693303277812232,-0.030676285448933836,0.0,-0.010827817586678131,-0.04908205671829414,0.06399498360485505
paracentral-rh,-0.061557079467527226,0.0,0.003530998822229095,0.0,0.01499069499982716,0.03731088755488745,0.052964982333436425,0.00706199764445819,0.0,0.0,-0.027980490667057833,-0.04476878506729253,0.0,0.03177898940006186,0.0,-0.0671531776009388,0.0,-0.01798669400050639,-0.02211689262287133,-0.005061098311861704,0.0,0.03884098704452005,0.0,-0.010657196445273269,-0.010657196445273269,0.05649598115566552,0.0,0.049433983511207334,0.050899883022253956,0.0005349998215498594,-0.055960981334115666,-0.039172686933880964,0.0011341996216857118,-0.16068184640428584,0.0,0.03530998822229095,0.0,0.0,0.0,0.05649598115566552,0.0,0.06002697997789463,-0.010325496555912354,-0.015322394889188075,0.049433983511207334,-0.022384392533646266,-0.010924696356048204,-0.03890518702310603,0.005863598044186497,-0.13197375597992017,-0.04037108653415265,0.03884098704452005,0.034111588622019254,0.09886796702241467,-0.08340647217962363,0.0776819740890401,0.052964982333436425,0.0,0.06002697997789463,-0.04476878506729253,-0.011192196266823133,0.0,0.03530998822229095,-0.027980490667057833,0.0,-0.028579690467193677,-0.04476878506729253,0.08474397173349829
parahippocampal-lh,0.010723461786445716,0.0,0.0,0.0,0.14097041099433716,0.003524260274858429,-0.04825139245673156,-0.05702437290341002,0.03524260274858429,-0.043864902233392324,0.01510995200978495,-0.03947841201005309,-0.0019086255170254736,0.003524260274858429,0.0515161466305909,0.01769664185522736,-0.08656621259456299,0.0,0.0845822465966023,0.0,-0.0007868894675455869,-0.14985221658014428,0.07940886690571748,0.0,0.03524260274858429,0.0,-0.00659647766410557,-0.01473324960510887,0.0,-0.07895682402010618,-0.043864902233392324,0.0,0.0,0.0,0.005365916475497033,0.0,0.04581538357315958,0.014097041099433716,0.007048520549716858,-0.008772980446678465,-0.06141086312674925,-0.025381370910619375,-0.04472713218187313,0.02662030326377626,0.03524260274858429,0.0,0.0,0.0,0.0,0.0,0.11982484934518658,0.0,0.0,0.0,-0.033066099966011384,0.0,0.0,-0.04825139245673156,-0.022794681065176965,0.0,0.0,0.0,0.0001506809618704311,0.049339643848018006,0.0,0.0,0.03524260274858429,0.0
parahippocampal-rh,0.03743335913565845,0.0,0.004159262126184272,0.0,0.016637048504737087,0.0,0.07902598039750117,0.0,0.0,0.0,-0.1863654699475595,0.0,0.0,0.04575188338802699,0.0,-0.016942315449778138,0.0,-0.21223684353978828,0.016637048504737087,0.04575188338802699,0.004159262126184272,0.024955572757105634,0.0,0.04575188338802699,-0.08978664021019811,0.07070745614513262,0.033274097009474174,0.04575188338802699,-0.1201225428736522,0.04575188338802699,0.03743335913565845,0.0,0.09150376677605399,0.04575188338802699,0.0,-0.5790913947428672,0.04159262126184272,0.0,0.016637048504737087,0.04575188338802699,0.054070407640395536,0.04575188338802699,0.0,0.04991114551421127,0.0,0.0,0.062388931892764087,0.029114834883289902,0.062388931892764087,0.0,0.004159262126184272,0.04575188338802699,-0.06868506263423568,0.04575188338802699,0.04575188338802699,0.04159262126184272,0.04575188338802699,0.0,-0.005075062961307417,0.0,0.03743335913565845,0.0,0.008318524252368543,0.0,0.0,0.012477786378552817,0.0,-0.10672895565997624
parsopercularis-lh,0.029666062393989022,0.0,0.0,0.0,-0.03156773306027037,0.0,0.0,0.0,0.01102968986443181,0.0,-0.1262709322410815,0.0,0.09641470278046432,0.0,0.09641470278046432,0.08158167158346982,0.014833031196994511,0.0,0.08899818718196709,0.0,0.0,0.0,0.04449909359098354,0.04449909359098354,0.014833031196994511,0.0,0.059332124787978044,0.014833031196994511,0.051915609189480794,0.0,0.0,0.0,0.0,0.0,0.11124773397745884,0.059332124787978044,-0.7479270730484542,0.0,0.07416515598497256,0.0,0.07416515598497256,-0.28410959754243337,0.0,0.20766243675792317,0.0,0.0,0.0,-0.11048706571094631,-0.11048706571094631,0.0,0.10383121837896159,0.0,0.0,0.0,0.0,0.0,0.0,0.0,0.0,0.0,0.03708257799248628,-0.03156773306027037,0.12608076517445335,0.0,0.0,0.0,0.0,0.0
parsopercularis-rh,0.008569431016361099,0.0,0.0,-0.02110528438886648,0.004284715508180549,-0.01055264219443324,0.06427073262270824,0.0,0.1285414652454165,0.0,-0.03828087255451594,-0.17411859620814846,0.0,0.0,0.029993008557263844,0.0,0.029993008557263844,0.0,0.06427073262270824,0.0,0.11997203422905538,0.021423577540902745,0.04284715508180549,0.0,0.10116825417029732,-0.2163291649858814,0.0,0.0,-0.04387548680376883,0.0,0.034277724065444395,0.0,0.0,0.0,0.0,0.0,0.0,0.06051242501981843,0.10711788770451373,-0.10025010084711576,-0.01582896329164986,0.06855544813088879,0.11140260321269428,0.0,0.06855544813088879,0.0,0.0,0.06855544813088879,-0.00035501928496353236,0.0,0.017138862032722198,0.0,-0.15301331181928196,-0.08969745865268253,0.0817278878074667,-0.07025709228985193,-0.16356595401371518,0.0,0.021423577540902745,-0.00527632109721662,0.025708293049083297,0.0,-0.01582896329164986,0.0,-0.03165792658329972,0.0,0.02269675014904782,-0.15301331181928196
parsorbitalis-lh,0.04223250774279415,-0.04616780960064542,-0.07386849536103267,-0.0646349334409036,0.0,-0.036934247680516334,0.09520551006835799,-0.004616780960064542,0.0028218993809957936,-0.09233561920129084,0.007678637771417118,0.0,0.0,0.0,-0.04388341486364882,-0.0646349334409036,0.026875232199959912,0.0,0.0652684210570455,-0.1431202097620008,-0.057196253099843254,0.015357275542834236,-0.039266633903584286,-0.055401371520774505,0.09350661146143197,0.0,-0.012343410217553015,0.0,0.09520551006835799,0.0,0.0652684210570455,0.0,0.0,0.0,0.0,0.023035913314251356,0.03839318885708559,0.0844650154855883,-0.06287844505069189,0.0,0.03299894582266506,0.061429102171336944,0.08368755341123231,-0.04616780960064542,0.030714551085668472,0.0,0.0,-0.06925171440096813,0.0652684210570455,0.0,-0.06925171440096813,0.015357275542834236,0.0,-0.009233561920129084,0.053750464399919824,0.061429102171336944,-0.036934247680516334,-0.013850342880193626,-0.0008254535604273376,0.0,0.04991114551421127,-0.036934247680516334,-0.04155102864058088,-0.013850342880193626,0.0,0.0,0.02527231656517659,0.0
parsorbitalis-rh,-0.005431507011840637,0.0,0.0036787099283382804,0.0,0.04046580921172109,-0.07604109816576893,0.04414451914005937,0.0,-0.01629452103552191,0.0,-0.06517808414208764,-0.15208219633153786,-0.010863014023681275,0.03310838935504453,-0.010863014023681275,0.0,-0.010863014023681275,0.022072259570029684,0.01313515839118433,0.06621677871008906,0.0,0.036960215044716374,0.05518064892507421,0.06253806878175076,-0.004392812443839241,-0.08043391060960815,-0.010863014023681275,0.05150193899673593,0.017333215603523317,0.06253806878175076,0.0,0.0,0.04782322906839765,0.05518064892507421,-0.010863014023681275,0.03678709928338281,0.0,-0.12492466127233466,0.0,-0.06416102904425296,-0.038020549082884464,0.06253806878175076,0.014714839713353122,0.014714839713353122,0.0,0.0,0.029429679426706244,0.07357419856676561,0.018566665403024967,0.03678709928338281,0.022072259570029684,0.04782322906839765,-0.14018048773985517,-0.17136296425006378,-0.042413361526723696,0.06253806878175076,-0.10776456143014493,0.0,0.06621677871008906,0.0,0.0,-0.01629452103552191,0.029429679426706244,0.0,-0.03258904207104382,0.011036129785014842,0.0,0.053774083364238986
parstriangularis-lh,0.09020052252669652,-0.0191866221716968,0.0,0.0,0.0,-0.057559866515090395,0.13512529639213292,0.0,-0.0191866221716968,-0.0191866221716968,-0.095933110858484,0.0,-0.08154314422971139,0.0,-0.10072976640140818,0.02433425251044472,-0.047966555429242,0.0,-0.0383732443433936,0.0,-0.017314756593970276,-0.071949833143863,0.0,0.0,0.0,0.0,0.024685227306268435,0.0,0.09686904364734726,0.0,0.07077991715778391,0.0,-0.0191866221716968,0.0,-0.044690790668220584,0.09651806885152353,0.09008353092808863,-0.014389966628772599,0.009827294283064216,-0.043169899886317795,0.021409462545247036,0.0,0.045041765464044314,0.13512529639213292,0.0,-0.014389966628772599,0.0,-0.0047966555429242,0.05791084131091411,0.0,0.006434537923434902,0.03217268961717451,-0.014389966628772599,-0.014389966628772599,-0.10552642194433239,0.006434537923434902,-0.0047966555429242,0.0,0.006434537923434902,0.0,0.18660159977961216,-0.05276321097216619,-0.07148186674943136,-0.05276321097216619,-0.057559866515090395,-0.0383732443433936,0.0,-0.014389966628772599
parstriangularis-rh,-0.04245315825346705,0.0,0.0026495156155320184,0.0,0.021196124924256148,0.023845640539788167,0.055639827926172385,0.0,0.037093218617448256,0.0,0.0,0.0,0.0,0.058289343541704404,0.010598062462128074,0.0,0.021196124924256148,0.01589709369319211,0.042392249848512295,0.039742734232980276,0.047691281079576334,0.026495156155320183,0.026495156155320183,0.039742734232980276,0.08213498408149257,0.039742734232980276,0.0,0.037093218617448256,0.039742734232980276,0.039742734232980276,0.0,0.0,0.03444370300191624,0.042392249848512295,-0.20696676003627124,0.026495156155320183,-0.42453158253467055,0.042392249848512295,0.047691281079576334,0.052990312310640365,0.0026495156155320184,-0.9474606932737545,0.042392249848512295,0.0026495156155320184,0.02381518633731079,0.0,0.021196124924256148,0.07948546846596055,0.021196124924256148,0.03444370300191624,0.013247578077660091,0.026495156155320183,0.039742734232980276,0.029144671770852202,0.07948546846596055,0.037093218617448256,0.039742734232980276,0.0,0.07683595285042853,-0.04245315825346705,0.018546609308724128,0.0,0.013247578077660091,0.0,0.0,0.007948546846596054,0.026495156155320183,0.07418643723489651
pericalcarine-lh,-0.0440683725274286,0.0,0.0,0.0,0.03297700685760387,0.040305230603738064,0.0073282237461341935,0.003862171974313968,0.04416740257805203,0.0,0.02198467123840258,-0.08734450464986972,-0.04159262126184272,0.0,0.0,0.0,-0.03723529903441158,-0.004159262126184272,0.02198467123840258,0.014656447492268387,0.09526690869974451,-0.03525469802194288,-0.1127952276600925,0.01099233561920129,0.09160279682667742,0.014656447492268387,0.005842772986782666,-0.016637048504737087,0.06080445108278912,-0.05555585839974706,-0.05020823566608157,-0.014458387391021515,0.0,0.005842772986782666,-0.054070407640395536,0.0,0.0,0.08061046120747613,0.08427457308054322,0.01099233561920129,0.03297700685760387,0.04396934247680516,-0.02654005356708063,-0.13507698905036541,0.040305230603738064,0.0,0.0073282237461341935,-0.04991114551421127,0.04396934247680516,-0.062388931892764087,-0.06852879503141705,0.009506884859849763,0.014656447492268387,0.02198467123840258,0.04931696521047065,0.04396934247680516,0.0036641118730670968,-0.004159262126184272,-0.08694838444737597,0.0,0.05496167809600645,-0.029114834883289902,0.014656447492268387,0.0,-0.0748667182713169,0.0036641118730670968,0.03584887832568348,0.02198467123840258
pericalcarine-rh,0.03628910798304007,0.0,0.0,0.0,0.06854609285685347,0.0,-0.17066773217300202,-0.008752191393487284,-0.04376095696743641,-0.035008765573949135,0.016128492436906696,-0.07001753114789827,0.06545033956920075,0.0,0.08870670840298683,0.09677095462144018,-0.06564143545115463,0.0,0.02016061554613337,-0.015536095202849695,-0.030632669877205494,0.012344793974220057,-0.09499376291926917,0.008064246218453348,-0.02325636883378608,0.016128492436906696,0.06382602457259286,0.03122506711126249,0.023160820892809145,-0.04007280644572671,-0.0831458182381292,-0.013128287090230924,0.0,-0.017504382786974568,0.04425780626051648,0.04435335420149342,0.12902793949525357,0.0,-0.035008765573949135,0.008064246218453348,0.06854609285685347,0.0,-0.15822739025780505,0.05537958659023178,0.004032123109226674,-0.004376095696743642,0.0,-0.052513148360923696,0.0,0.0,-0.027728012471506643,0.028224861764586717,0.024192738655360046,0.0,0.01106445156512912,0.03628910798304007,0.0,0.0,-0.13300273383989408,0.0,0.03628910798304007,-0.030632669877205494,0.13306006260448025,0.06854609285685347,-0.06564143545115463,0.0,-0.035008765573949135,0.016128492436906696
postcentral-lh,0.0,0.0,0.0,0.0,0.03448218144446546,0.04980759541978344,0.030650827950635964,0.0,-0.06325642809200126,0.05363894891361294,0.06896436288893092,0.0,0.0,0.0,0.04597624192595394,0.023613648064010364,0.0,0.011494060481488485,-0.0025802992917627176,0.0,0.042144888432124446,0.04980759541978344,0.07279571638276042,-0.01884400391863078,0.050120358970300136,0.0,0.0,0.0038313534938294955,0.0038313534938294955,0.0,0.0,0.0,0.0,0.04597624192595394,0.030650827950635964,0.0,0.0,0.06130165590127193,0.030650827950635964,0.007662706987658991,0.007662706987658991,0.008600997639209072,0.04980759541978344,0.0,-0.7726823515514913,0.0,0.0,0.03448218144446546,-0.08272595911166544,0.11877195830871434,0.04597624192595394,0.0,0.0,0.007662706987658991,0.08428977686424889,0.0,0.0,0.0,0.02681947445680647,-0.09742584598595001,-0.15778921123567188,0.0,0.015325413975317982,0.011494060481488485,0.0,-0.09390725604263722,0.06130165590127193,0.09961519083956688
postcentral-rh,0.0,0.0,0.0,0.0,0.0,-0.06595401371520775,0.0,0.0,0.0,0.0,0.0,0.0,0.0,0.0,0.0,-0.06595401371520775,0.0,0.0,-0.06595401371520775,0.0,0.0,0.0,0.0,0.0,0.0,0.0,0.0,-0.22424364663170632,0.0,0.0,0.0,0.0,0.0,-0.07914481645824929,0.0,0.0,0.0,0.0,0.0,0.0,-0.06595401371520775,0.0,0.0,-0.039572408229124646,0.0,0.6495891806968005,0.0,0.0,0.0,0.0,0.0,-0.06595401371520775,0.0,0.0,0.0,0.0,0.0,0.0,0.0,-0.15828963291649858,0.0,-0.10552642194433239,0.0,-0.263816054860831,0.0,0.0,0.0,0.5507738689199804
posteriorcingulate-lh,0.0,0.0,0.024045734167002824,0.03847317466720451,-0.023163582972710414,-0.024899428871156773,0.110610377168213,0.0,0.0,0.0,-0.054636461065852564,-0.08741833770536411,0.0,0.05290061516740621,0.0,-0.08741833770536411,0.0,0.04809146833400565,-0.045018167399051436,-0.04413601620475902,0.0,0.019236587333602256,0.0,-0.04413601620475902,-0.04413601620475902,0.04809146833400565,0.0,0.043282321500605084,0.03235502928743457,-0.04413601620475902,-0.08741833770536411,0.033664027833803956,-0.015281135204355638,-0.04413601620475902,0.0,0.08656464300121017,0.0,0.0,0.0,0.043282321500605084,0.0,0.043282321500605084,0.009618293666801128,0.0,0.0,0.0,0.004866059813677497,-0.05375430987156015,0.03847317466720451,-0.010927292213170514,-0.024899428871156773,0.019236587333602256,-0.0004268473520769722,0.04809146833400565,-0.04413601620475902,0.03847317466720451,0.13465611133521582,0.0,0.043282321500605084,-0.08741833770536411,0.0,0.0,0.0,-0.054636461065852564,0.0,-0.018354436139309847,-0.08741833770536411,0.06732805566760791
posteriorcingulate-rh,-0.017688815938944603,0.0,0.004784228974160147,0.0,-0.005829060589206615,-0.04245315825346705,-0.0041793264601858735,0.0,-0.06367973738020058,0.0,-0.024764342314522448,-0.056604211004622734,0.0,0.09568457948320294,-0.007075526375577842,-0.08136855331914518,0.0,0.028705373844960882,-0.02685400554461538,-0.0006415632723969548,-0.028302105502311367,0.014352686922480441,0.04117003170867315,-0.028943668774708324,-0.021868142399130475,0.03827383179328118,-0.010613289563366763,0.03827383179328118,0.03473606860549226,-0.06432130065259752,-0.035377631877889205,-0.007075526375577842,0.009971726290969811,-0.0006415632723969548,0.0,0.03827383179328118,-0.024764342314522448,0.057410747689921764,-0.05306644781683382,0.11003726640568338,0.0,0.12917418230232397,-0.04245315825346705,-0.04245315825346705,0.026414076443543186,0.0,0.01350948947875873,0.09328329980651717,0.03827383179328118,0.07779412937293358,-0.11320842200924547,0.014352686922480441,0.024122779042125498,0.017047252666547653,0.0028961999153919705,0.03348960281912103,0.03827383179328118,0.0,-0.006470623861603573,-0.028302105502311367,-0.021226579126733525,-0.024764342314522448,-0.03183986869010029,-0.017688815938944603,-0.0672175005679895,-0.04225152408214229,-0.038915395065678135,0.06259824500673143
precentral-lh,0.05276321097216619,0.0,0.003768800783726157,0.0,-0.0006700090282179827,0.0,0.10552642194433239,0.0,0.03391920705353541,0.0,-0.05058568163045775,-0.07386849536103267,0.0,0.03391920705353541,0.0,0.04899441018844004,0.0,-0.10050135423269752,0.01884400391863078,0.03391920705353541,0.05653201175589235,0.015075203134904628,0.0,0.03391920705353541,0.06406961332334467,-0.03994928830749726,0.026381605486083096,0.03391920705353541,0.0562807583703106,0.03391920705353541,0.07537601567452312,-0.12311415893505445,-0.05636450949883786,-0.015326456520486371,0.0,0.06783841410707082,-0.06566088476536237,-0.03994928830749726,0.06406961332334467,0.03391920705353541,0.041456808620987724,0.03391920705353541,0.03768800783726156,0.0,-0.03726925219462533,0.0,0.030150406269809256,0.026381605486083096,-0.4446347413511592,0.0,0.0,0.03391920705353541,0.009296375266524522,0.025711596457865114,0.041456808620987724,0.018592750533049044,-0.08919495188151905,0.0,0.03391920705353541,-0.06256209300985421,0.030150406269809256,0.0,0.0,0.0,0.0,0.01130640235117847,-0.02730286789988282,-0.03994928830749726
precentral-rh,-0.28266005877946176,0.0,0.0,0.0,-0.01884400391863078,0.024951546690677125,0.0,0.029197033739538605,0.0,0.10218961808838511,-0.06595401371520775,-0.01884400391863078,0.0,0.0,0.0,0.13444042321394692,0.0,0.05839406747907721,0.021897775304653953,-0.01884400391863078,0.0,0.0,0.13868591026280838,-0.01884400391863078,-0.06595401371520775,0.0,0.0,-0.028266005877946174,-0.00942200195931539,-0.01884400391863078,-0.01884400391863078,0.0,-0.028266005877946174,-0.19905375680846155,0.0,0.0,0.0,0.0,0.0,0.08759110121861581,0.0,0.09489035965350047,-0.14133002938973088,0.0,0.2116784946116549,0.0,-0.01884400391863078,0.11984190634417759,0.0,-0.1614774723145911,-0.01884400391863078,-0.023089490967492264,-0.01884400391863078,0.0,-0.17901803722699244,0.0,0.0,0.0,0.0,0.08334561416975433,0.0,0.0,0.0,-0.01884400391863078,0.0,0.07299258434884652,-0.01884400391863078,0.2116784946116549
precuneus-lh,-0.024811874641421722,0.0,0.0,0.0,0.049862089950581244,-0.0071502200321338465,-0.053589982445967264,0.0,-0.03977233501634792,0.0,0.03640500917215498,-0.053168302803046553,0.06367973738020058,0.0,0.11462352728436104,-0.04325577554482339,0.025111328300887158,0.0,0.06361862438847293,-0.01988616750817396,0.0021022869154308055,0.09551960607030087,-0.0037278924953860234,-0.023430721028377066,0.014777121399743279,0.019103921214060175,0.0,0.03183986869010029,0.0049257071332477614,-0.023430721028377066,-0.04577974210317491,-0.003544553520203103,-0.021988454423604767,-0.026254141246194018,0.10188757980832093,0.0,0.03820784242812035,0.019103921214060175,-0.04607919576264034,0.019103921214060175,0.0,0.012735947476040116,-0.06596536327081431,-0.04085403496992715,0.044575816166140404,0.0,0.010211980917688596,-0.1169702661667024,0.0,-0.003544553520203103,-0.033709926236966045,0.03820784242812035,0.0049257071332477614,0.0,0.047338123392229724,0.019103921214060175,0.012735947476040116,0.0,-0.10850000551325155,-0.028356428161624824,-0.007089107040406206,-0.024811874641421722,0.0374867091257342,0.0045651404820546875,-0.04607919576264034,-0.024811874641421722,-0.03977233501634792,0.044575816166140404
precuneus-rh,-0.12648386804587253,0.0,-0.02367579979520278,-0.02367579979520278,0.04359860603096363,0.0,0.05605535061123896,0.09342558435206494,-0.02367579979520278,0.0,0.0,0.0,0.0,0.009342558435206493,0.0,0.0,0.0031141861450688308,0.015570930725344155,0.0012376893653478682,0.04982697832110129,0.0,0.0903113982069961,0.03114186145068831,0.03425604759575714,0.06539790904644546,0.0404844198858948,0.015570930725344155,-0.23552030858667994,0.06539790904644546,0.03425604759575714,0.02802767530561948,0.03114186145068831,-0.12025549575573487,0.02802767530561948,0.0,0.02802767530561948,0.0,0.0,0.009342558435206493,0.03425604759575714,0.015570930725344155,0.024913489160550646,0.0012376893653478682,0.02802767530561948,0.0,-0.16573059856641945,0.0062283722901376615,0.0031141861450688308,0.021799303015481816,-0.04735159959040556,0.0404844198858948,-0.5558423014313881,0.04671279217603247,0.015570930725344155,0.0404844198858948,0.04172210925124268,0.02802767530561948,0.0,0.08719721206192727,-0.02742879335464471,-0.008104869069858625,-0.02367579979520278,0.03737023374082597,-0.02367579979520278,0.0,0.0903113982069961,0.02802767530561948,0.0404844198858948
rostralanteriorcingulate-lh,0.0,0.0,0.0036787099283382804,0.0,0.03991169390870779,-0.04636098035211256,0.04414451914005937,0.0,0.0,0.0,-0.10431220579225325,-0.15453660117370852,0.0,0.03310838935504453,0.0,-0.019317075146713564,0.0,0.022072259570029684,0.021702849368020815,0.06161454327672861,0.0,0.06253806878175076,0.0,0.0432209936350372,-0.011236226977769635,-0.02890634830719367,0.0,0.05150193899673593,0.030707223041986906,0.04689970356337549,-0.019317075146713564,0.0,0.04689970356337549,0.03586357377836064,0.0,0.013606609107326527,0.0,-0.12749269596830953,0.0,-0.06881804221590149,-0.0038634150293427125,0.05150193899673593,0.014714839713353122,0.029429679426706244,0.0,0.0,0.010112604279992679,0.006433894351654399,0.010112604279992679,-0.0038634150293427125,0.0027551844233161186,0.06253806878175076,-0.09090569387768153,-0.08316347172724571,-0.0035093969190842147,0.08736551277509656,-0.09162912218994888,0.0,0.07357419856676561,-0.019317075146713564,0.0,0.0,0.04414451914005937,-0.019317075146713564,-0.02318049017605628,0.011036129785014842,-0.02704390520539899,-0.015099642007112358
rostralanteriorcingulate-rh,0.0,0.09059343770692686,0.0034843629887279562,0.0034843629887279562,0.01742181494363978,-0.0368911421590063,0.05923417080837526,0.013937451954911825,-0.019038272000266154,0.0,-0.06187438400086499,-0.06451459719335473,0.0,0.031359266898551605,0.0,0.0,0.0,0.10104652667311073,-0.0016164570566263717,-0.015302460136062988,0.0,0.024390540921095695,0.0,0.04181235586473547,-0.08193641213699453,-0.07717684413692798,0.0,0.08362471172947095,-0.005783324135929907,-0.03723239420429409,0.0,0.0,0.04181235586473547,0.11498397862802255,0.0,0.03484362988727956,0.0,-0.09995092800139731,0.0,-0.14381079613785952,-0.004759568000066538,0.04181235586473547,0.013937451954911825,0.0,0.013937451954911825,0.0,0.02787490390982365,-0.01368600307943661,0.013596199909624036,0.0,0.0069687259774559125,0.024390540921095695,-0.12477252413759336,-0.06512525874808023,-0.024821596136196056,0.0557498078196473,-0.0670650072160319,0.0,0.04181235586473547,0.0,0.0,0.04019589880810911,0.01742181494363978,0.0,-0.033316976000465764,0.010453088966183868,0.0,0.008495379864269709
rostralmiddlefrontal-lh,-0.035400237393466136,0.0,0.0020679869921901646,0.0,0.038713641472007246,-0.05605037587298805,0.033391713286035435,-0.03245021761067729,0.05997162277351477,-0.023600158262310756,5.946288475946197e-05,-0.05605037587298805,-0.06283244822916442,0.018611882929711478,-0.009672629254205752,-0.03835025717625498,-0.025334492401128388,0.012407921953140985,0.0378613401237883,0.008909522233125996,0.04284961545638758,-0.004928812447839812,0.04963168781256394,0.002705561256555504,0.05060291493030183,0.01864161437209121,-0.059000395655776895,0.0006375742643653398,0.0354597002782256,-0.026794636571332943,-0.030382230618487126,0.0,0.0032836726361613815,-0.0397806699040798,-0.03594861733069228,0.020679869921901642,0.0,0.040203517084591536,0.037223765859422955,-0.02974465635412179,-0.061950415438565734,0.0641075967578951,0.03959567426260593,0.009457902170352141,0.04963168781256394,0.0,-0.004106242542000597,-0.01797430866534614,0.02481584390628197,-0.053100356090199204,0.013045496217506324,0.031019804882852466,-0.017640655811973605,-0.024452459610529706,-0.08272608667480208,0.03929175285161312,-0.010280472076191358,-0.026550178045099602,0.04963168781256394,-0.023600158262310756,0.007389915178161977,-0.005900039565577689,0.0029797512251685757,-0.012378190510761255,0.0,-0.011496157720162575,0.03430347751901385,0.03929175285161312
rostralmiddlefrontal-rh,0.01816438410517197,0.0,-0.09839041390301483,-0.2497602814461146,0.04238356291206793,0.021191781456033964,0.0605479470172399,0.0,-0.015136986754309975,0.0,-0.03027397350861995,-0.03784246688577493,0.0,0.021191781456033964,0.0,0.0,-0.04541096026292992,0.012109589403447979,-0.010595890728016984,0.0605479470172399,0.03027397350861995,0.08173972847327385,0.0,0.04541096026292992,0.09384931787672184,-0.025732877482326943,0.0,0.03632876821034394,0.07568493377154986,0.04541096026292992,0.03027397350861995,0.0,0.03330137085948195,0.0605479470172399,0.0,0.027246576157757954,0.0,-0.09839041390301483,0.05449315231551591,0.04541096026292992,0.009082192052585985,0.03632876821034394,0.03027397350861995,0.03330137085948195,0.0,0.0,0.01816438410517197,0.015136986754309975,0.018164384105171967,0.0,0.01816438410517197,0.04995205628922291,0.06054794701723989,0.03632876821034394,0.051465754964653915,-0.17710274502542672,0.0015136986754309978,0.0,0.05449315231551591,0.0,-0.09082192052585984,-0.03027397350861995,0.03632876821034394,-0.08325342714870486,0.0,0.0030273973508619947,-0.2149452119112016,-0.16045205959568573
superiorfrontal-lh,0.0,0.0,-0.008251196149099053,0.03537193103261316,0.03271734538628415,-0.004294679962850737,0.035033767256010734,0.0,-0.03435743970280589,0.0,-0.060125519479910315,-0.09843947536896452,0.0,0.03271734538628415,0.0,0.0,0.0,0.03900719163108918,0.02908208478780814,0.05816416957561628,-0.021473399814253682,0.03998786658323619,-0.025768079777104422,0.02810140983566112,0.0023333300585566996,-0.0792655892356073,0.0,0.050893648378664245,0.010922689984258173,0.05816416957561628,0.0,-0.004615935550623036,0.042963707817337486,0.05452890897714026,0.0,0.03635260598476017,0.0,-0.1417244387740743,-0.025768079777104422,-0.05349750945850288,0.0,0.050893648378664245,0.010905781795428051,0.007270521196952035,0.0,0.0,0.09815203615885247,0.025446824189332123,-0.05251683450635586,0.0,0.021811563590856103,0.03998786658323619,-0.09644430908701024,-0.030367107138897335,0.010922689984258173,0.0244661492371851,-0.13240802672867766,0.0,0.05816416957561628,0.0,0.0,-0.03997095839440607,0.021811563590856103,0.0,-0.025768079777104422,0.010905781795428051,-0.017178719851402947,-0.014845389792846247
superiorfrontal-rh,0.0,0.0,0.08193828156514725,-0.09343485276321097,0.0,-0.07694634933440903,0.0,-0.20335820895522386,0.0,-0.10442718838241226,0.0,-0.027480839048003226,-0.06595401371520775,0.0,-0.11541952400161355,-0.08793868495361032,-0.02198467123840258,0.01966518757563535,0.0,0.0,-0.049465510286405806,-0.05496167809600645,0.0,-0.05496167809600645,0.0,0.0,-0.10442718838241226,0.23855385235982254,0.0,-0.1099233561920129,0.0,-0.08244251714400969,0.0,0.0,-0.049465510286405806,0.0,0.0,0.0,-0.027480839048003226,0.0,0.0,0.0,0.0,0.0,0.0,0.0,0.033884630899556276,0.0,0.0,0.0,0.0,0.0,0.0,0.0,-0.03847317466720451,0.0,0.0,1.0,0.0,-0.005496167809600645,0.0,0.0,0.0,0.0,0.0,0.0,0.0,0.0
superiorparietal-lh,0.0,0.0,0.0027480839048003225,0.0,0.03847317466720451,0.024732755143202903,-0.09404553807538882,0.029312894984536774,-0.05587770606427322,0.0,0.0,-0.07328223746134194,-0.024427412487113977,0.03847317466720451,0.0,0.0,-0.05374030747165075,0.02198467123840258,0.02198467123840258,0.057709762000806776,0.013740419524001613,0.009770964994845591,-0.1517553000761956,0.04671742638160548,0.0604578459056071,0.05221359419120613,0.0,0.03847317466720451,0.04854948231813904,-0.0021373985926224697,-0.08305320245618752,0.0009160279682667773,0.035725090762404196,0.04122125857200484,-0.036335776074582035,0.012824391555734838,0.0,0.008244251714400968,-0.0058015104656895695,0.04671742638160548,0.008244251714400968,0.07694634933440903,-0.1410683071130832,-0.1517553000761956,0.013740419524001613,0.0,0.02198467123840258,-0.031144950921070322,0.02198467123840258,0.0,-0.13007597149388195,0.07694634933440903,0.057709762000806776,0.03022892295280355,0.057709762000806776,0.05496167809600645,0.04122125857200484,0.0,-0.060763188561696005,0.0027480839048003225,0.019236587333602256,-0.03419837748195957,0.03022892295280355,0.0,-0.08793868495361032,0.03847317466720451,-0.038167832011115586,0.05221359419120613
superiorparietal-rh,0.0,-0.06735729060276535,-0.056131075502304464,-0.04490486040184357,-0.016839322650691338,-0.12910147365530025,0.0,0.2139967140287427,0.0,0.05548062956300737,-0.028065537751152232,-0.04490486040184357,0.0,-0.016839322650691338,0.0,0.1159239207369481,0.0,0.09510965067944122,-0.033678645301382676,-0.050517967952074014,0.0,0.0,0.07925804223286767,-0.08980972080368714,-0.050517967952074014,0.0,0.0,-0.06735729060276535,-0.005613107550230446,-0.050517967952074014,-0.050517967952074014,0.0,-0.04490486040184357,-0.050517967952074014,0.0,0.0,-0.005613107550230446,0.0,0.0,0.0,0.0,-0.022452430200921785,0.0,0.0,0.01618887671139425,-0.06735729060276535,-0.03929175285161312,-0.050517967952074014,-0.031365948628326354,0.08949654312921076,-0.050517967952074014,0.13705136846893137,-0.022452430200921785,0.0,-0.050517967952074014,0.0,0.0,0.0,0.023777412669860304,0.1232474602016265,0.04755482533972061,0.0,0.0,-0.056131075502304464,0.08718384645615444,0.23117330494425478,-0.036979056178556804,0.015851608446573535
superiortemporal-lh,0.040787618569322504,0.0,-0.13645658010042983,-0.16374789612051577,0.0,0.0,0.13230178273617793,0.0,-0.12543143153908165,0.0,0.0,0.0,0.0,0.0,0.0,-0.02150718635612744,-0.02536327279876646,0.0,-0.23652473884074504,0.0,0.03307544568404448,0.0,0.0,-0.045485526700143275,-0.023435229577446953,0.0,0.08820118849078529,0.0,0.11576405989415567,0.0,0.044100594245392644,-0.045485526700143275,0.0,0.0,0.0,0.044100594245392644,0.03858801996471856,0.022050297122696322,0.04961316852606672,0.0,0.1708898027008965,0.0275628714033704,0.07166346564876304,0.07166346564876304,-0.07608981839629936,0.0,0.0,-0.036388421360114616,0.03307544568404448,0.0,0.0,0.018465766063341747,0.0,0.0,0.01653772284202224,-0.09097105340028655,0.0,0.0,0.03858801996471856,0.044100594245392644,0.04543121562348638,-0.13645658010042983,0.04961316852606672,-0.08187394806025788,0.12678920845550384,-0.09097105340028655,0.013224747165952103,0.0
superiortemporal-rh,0.0,0.1746192690129938,0.15235858584371495,0.05507400853299099,0.0,-0.06331585316659943,-0.036934247680516334,0.0,-0.11080274304154901,0.0,0.0,-0.02110528438886648,0.0,0.0,0.0,-0.01055264219443324,0.0,0.14827617681959113,-0.14773699072206534,-0.036934247680516334,0.0,0.0,-0.036934247680516334,0.0,-0.00527632109721662,0.0,0.0,0.1752354816958804,-0.05276321097216619,0.10783721950515718,0.0,-0.026381605486083096,0.0,0.0,0.0,0.0,0.0,0.0,-0.05276321097216619,-0.026381605486083096,-0.05803953206938282,0.0,-0.036934247680516334,-0.036934247680516334,0.0,-0.03165792658329972,0.0,-0.036934247680516334,0.0,0.0,-0.036934247680516334,0.0,0.0,0.1974961648651593,-0.02110528438886648,-0.01055264219443324,-0.014673564511237464,0.0,-0.036934247680516334,0.0,-0.06859217426381606,0.1856725840122724,0.0,-0.12135538523598224,-0.05803953206938282,0.0,0.0,0.0
supramarginal-lh,0.06722507607802759,0.0,0.003954416239883976,0.0,0.04745299487860771,0.015817664959535904,0.003954416239883976,0.0,-0.08935705083995887,0.0,-0.08191062993662898,0.0,0.005086527340818501,0.0,-0.07913616047800069,-0.005389486649519284,-0.029785683613319625,0.0,0.03163532991907181,0.06722507607802759,-0.15637483896992802,-0.01956479325136145,0.007908832479767952,0.023726497439303856,0.03163532991907181,0.03163532991907181,-0.031220754022954954,0.03163532991907181,0.04349857863872374,0.023726497439303856,0.0,0.0,-0.05910895565020122,0.03163532991907181,0.010683301938396228,0.0,0.06768748765446565,-0.014892841806659812,-0.08191062993662898,0.023726497439303856,-0.16150920199106772,0.011863248719651928,0.015817664959535904,0.1502678171155911,0.015817664959535904,0.0,0.0,-0.0968034717432888,0.0,0.0,0.029530559984940016,0.04349857863872374,0.03954416239883976,0.003954416239883976,0.001849646305752185,0.04745299487860771,0.015817664959535904,0.0,0.035589746158955785,0.0,0.027680913679187832,0.0,-0.1648417543867764,0.03163532991907181,0.0,0.0,0.0,0.03163532991907181
supramarginal-rh,0.014892841806659812,-0.0672472296704079,-0.003525056394013319,0.032455548811152195,0.11107056389420658,-0.07759295731200912,0.0,0.0,-0.015518591462401822,0.0,0.04115346902596613,0.050873447011825335,0.1116963135499486,0.0,0.1191427344532785,0.032455548811152195,0.04115346902596613,0.0,-0.07821870696775113,-0.041382910566404855,0.0,0.04467852541997944,0.07446420903329906,-0.031037182924803643,-0.031037182924803643,0.0,0.05212494632330934,0.033081298466894206,-0.056901502028806686,-0.031037182924803643,-0.031037182924803643,0.0,-0.031037182924803643,-0.031037182924803643,0.1191427344532785,0.0,0.0,0.0,-0.02586431910400304,0.0,-0.056901502028806686,0.0,0.0,0.1116963135499486,0.03723210451664953,-0.10345727641601216,-0.031037182924803643,-0.031037182924803643,0.0,-0.005172863820800607,0.03598060520516552,-0.005172863820800607,-0.020691455283202428,0.0,-0.007050112788026638,-0.056901502028806686,0.0,0.0,0.0,-0.04655577438720547,-0.056901502028806686,-0.1396673231616164,0.04467852541997944,0.07292069321580208,-0.020691455283202428,-0.005172863820800607,-0.042008660222146874,0.0
temporalpole-lh,0.0,-0.03147805200044006,0.0,0.0,0.0,0.0,-0.06820244600095346,-0.020985368000293374,-0.020985368000293374,0.0,-0.09968049800139352,-0.09968049800139352,0.0,0.0,0.0,0.1025951324458787,0.239388642373717,-0.0052463420000733434,0.0,0.0,0.08549594370489892,0.0,-0.04721707800066009,0.0,-0.010492684000146687,-0.03147805200044006,0.0,0.0,-0.10492684000146686,-0.06820244600095346,0.0,-0.0367243940005134,0.0,0.0,0.0,0.0,0.0,-0.03147805200044006,0.0,-0.026231710000366715,-0.06295610400088011,0.0,-0.08918781400124683,-0.06820244600095346,0.0,0.0,0.0,-0.08918781400124683,-0.010492684000146687,0.0,-0.057709762000806776,0.0,-0.03147805200044006,-0.03147805200044006,0.0,0.0,-0.03147805200044006,0.0,-0.0839414720011735,0.18809107615077764,0.3248845860786159,-0.06820244600095346,0.0,-0.03147805200044006,0.37171304615334466,-0.12591220800176023,0.2564878311146968,-0.0839414720011735
temporalpole-rh,-0.03394691882400399,0.0,0.005479858706308062,0.0,0.0,-0.03394691882400399,0.049318728356772555,0.20823463083970634,0.0,0.016439576118924187,-0.07468322141280877,-0.013578767529601594,0.0,0.02191943482523225,0.0,-0.0034450582308039697,0.0,0.087677739300929,-0.08826198894241036,-0.01202748399877174,0.0,0.0,0.08219788059462094,-0.04597440282277573,-0.04597440282277573,0.02191943482523225,0.0,0.02191943482523225,-0.02560625152837333,-0.02560625152837333,-0.10863014023681275,0.049318728356772555,0.008340667295630653,-0.01202748399877174,0.0,0.02191943482523225,0.0,0.0,0.0,0.02191943482523225,-0.08147260517760957,0.02191943482523225,0.016439576118924187,0.0,-0.03787549399948219,0.0,0.01513005106043145,-0.059553170352377324,0.02191943482523225,0.0438388696504645,-0.03394691882400399,0.18083533730816603,0.02191943482523225,0.02191943482523225,-0.005238100233970941,0.016439576118924187,0.02191943482523225,0.0,0.09315759800723705,0.13985727624702413,-0.08147260517760957,0.0,0.0,0.0,-0.16294521035521914,-0.2028152117514826,-0.0036868167031410817,-0.039185019057974925
transversetemporal-lh,-8.619244833793303e-05,0.0,-0.0038473174667204516,-0.08079366680112948,0.011024797710133757,-0.03462585720048406,0.02546595064529831,0.041372375202207705,0.08992223064782873,0.0,0.02546595064529831,-0.053862444534086326,0.0,0.0,0.04889462523897275,-0.030864732182101545,0.02546595064529831,0.0,0.05205240311898973,-0.03462585720048406,0.08274475040441541,0.03761125018382519,0.006143170863358113,-0.03462585720048406,0.0782078933509915,-0.03847317466720451,0.0,0.0,-0.004364472156748049,-0.03462585720048406,-0.054465791672451844,0.03385012516544267,-0.030778539733763613,-0.03462585720048406,0.018719432643574663,0.0,0.0,0.06290481593244762,0.0522247880156656,0.0,0.0,0.041372375202207705,0.05546875834402053,-0.03847317466720451,0.056416875275737785,0.0,-0.026931222267043163,-0.03847317466720451,0.018374662850222934,-0.0038473174667204516,-0.04694354163568681,0.026327875128677635,-0.015389269866881806,0.0,0.06316339327746144,-0.10054740882475934,-0.0038473174667204516,0.0,-0.023945829283702036,-0.030778539733763613,0.0032439703283549228,0.0,0.0,-0.04616780960064542,0.056416875275737785,-0.019753742023629853,-0.05090839425923172,-0.0961829366680113
transversetemporal-rh,0.0,-0.023495068499056193,-0.0019509297950109166,-0.07518421919697982,0.035725090762404196,0.024732755143202903,0.03847317466720451,0.0,0.0,0.027480839048003226,-0.13157238359471468,-0.07048520549716858,0.0,0.024732755143202903,0.0,-0.009314116440697278,-0.009398027399622477,0.016488503428801937,0.03022892295280355,0.05496167809600645,0.0,0.04122125857200484,0.019236587333602256,-0.0002727106165068987,0.033417539391961175,-0.055863720904452366,0.0,0.03847317466720451,-0.0061255000015396485,0.023222357882549293,0.0,0.0,0.035725090762404196,0.057709762000806776,0.0,-0.005412256850675446,0.0,-0.11747534249528097,0.0,0.049108888710973714,-0.023495068499056193,0.07419826542960872,0.01099233561920129,0.016488503428801937,0.07145018152480839,0.04396934247680516,0.03022892295280355,0.03146660959695026,-0.020306452059898568,0.09068676885841065,0.03297700685760387,0.04122125857200484,-0.029620568500595846,0.011432868153558593,0.05221359419120613,-0.09815484420275353,-0.01986591952554126,0.0,0.05496167809600645,0.01099233561920129,-0.004699013699811239,0.0,0.027480839048003226,-0.009398027399622477,-0.07048520549716858,-0.04344489898352266,-0.13157238359471468,-0.1941070257337205
