,Fp1,Fz,F3,FT9,FC5,FC1,C3,T7,TP9,CP5,CP1,Pz,P3,P7,O1,Oz,O2,P8,TP10,CP6,CP2,Cz,C4,T8,FT10,FC6,FC2,F4,F8,Fp2,AF7,AF3,AFz,F1,FT7,FC3,C1,TP7,CP3,P1,P5,PO7,PO3,POz,PO4,PO8,P6,P2,CPz,CP4,TP8,C6,C2,FC4,FT8,F6,AF8,AF4,FCz
Fp1,0.0,0.0,0.0,0.0,0.0,0.0,0.0,0.0,0.0,0.0,0.0,0.0,0.0,0.0,0.0,0.0,0.0,0.0,0.0,0.0,0.0,0.0,0.0,0.0,0.0,0.0,0.0,0.0,0.0,0.0,0.0,0.0,0.0,0.0,0.0,0.0,0.0,0.0,0.0,0.0,0.0,0.0,0.0,0.0,0.0,0.0,0.0,0.0,0.0,0.0,0.0,0.0,0.0,0.0,0.0,0.0,0.0,0.0,0.0
Fz,0.0,0.0,0.0,0.0,0.0,0.0,0.0,0.0,0.0,0.0,0.0,0.0,0.0,0.0,0.0,0.0,0.0,0.0,0.0,0.0,0.0,0.0,0.0,0.0,0.0,0.0,0.0,0.0,0.0,0.0,0.0,0.0,0.0,0.0,0.0,0.0,0.0,0.0,0.0,0.0,0.0,0.0,0.0,0.0,0.0,0.0,0.0,0.0,0.0,0.0,0.0,0.0,0.0,0.0,0.0,0.0,0.0,0.0,0.0
F3,0.0,0.0,0.0,0.0,0.0,0.0,0.0,0.0,0.0,0.0,0.0,0.0,0.0,0.0,0.0,0.0,0.0,0.0,0.0,0.0,0.0,0.0,0.0,0.0,0.0,0.0,0.0,0.0,0.0,0.0,0.0,0.0,0.0,0.0,0.0,0.0,0.0,0.0,0.0,0.0,0.0,0.0,0.0,0.0,0.0,0.0,0.0,0.0,0.0,0.0,0.0,0.0,0.0,0.0,0.0,0.0,0.0,0.0,0.0
FT9,0.0,0.0,0.0,0.0,0.0,0.0,0.0,0.0,0.0,0.0,0.0,0.0,0.0,0.0,0.0,0.0,0.0,0.0,0.0,0.0,0.0,0.0,0.0,0.0,0.0,0.0,0.0,0.0,0.0,0.0,0.0,0.0,0.0,0.0,0.0,0.0,0.0,0.0,0.0,0.0,0.0,0.0,0.0,0.0,0.0,0.0,0.0,0.0,0.0,0.0,0.0,0.0,0.0,0.0,0.0,0.0,0.0,0.0,0.0
FC5,0.0,0.0,0.0,0.0,0.0,0.0,0.0,0.0,0.0,0.0,0.0,0.0,0.0,0.0,0.0,0.0,0.0,0.0,0.0,0.0,0.0,0.0,0.0,0.0,0.0,0.0,0.0,0.0,0.0,0.0,0.0,0.0,0.0,0.0,0.0,0.0,0.0,0.0,0.0,0.0,0.0,0.0,0.0,0.0,0.0,0.0,0.0,0.0,0.0,0.0,0.0,0.0,0.0,0.0,0.0,0.0,0.0,0.0,0.0
FC1,0.0,0.0,0.0,0.0,0.0,0.1968269707486366,0.08279623202776401,0.0,0.0,0.0,0.0,0.059494298463063956,0.0,0.0,0.0,0.0,0.0,0.0,0.0,0.0,0.06593951412989589,0.0,0.039167079821517105,0.0,0.0,0.0,0.08081308874566187,0.0,0.0,0.0,0.0,0.06643529995042141,0.0,0.0,0.07337630143777887,0.0,0.0,0.0,0.04115022310361924,0.042637580565195836,0.0,0.002974714923153198,0.0,0.0,0.0,0.0,0.0,0.0,0.0,0.0,0.07040158651462568,0.08329201784828955,0.0946950917203768,0.0,0.0,0.0,0.0,0.0,0.0
C3,0.0,0.0,0.0,0.0,0.0,0.13928273561301086,0.13844870725604672,0.0,0.0,0.0,0.0,0.10008340283569642,0.0,0.0,0.0,0.0,0.0,0.0,0.0,0.0,0.09424520433694746,0.0,0.0,0.0,0.0,0.0,0.08590492076730609,0.0,0.0,0.0,0.0,0.07923269391159299,0.0,0.0,0.09007506255212677,0.0,0.0,0.0,0.0633861551292744,0.045871559633027525,0.0,0.0,0.0,0.0,0.0,0.0,0.0,0.0,0.0,0.0,0.026688907422852376,0.03919933277731443,0.097581317764804,0.0,0.0,0.0,0.0,0.0,0.0
T7,0.0,0.0,0.0,0.0,0.0,0.0,0.0,0.21621621621621623,0.0,0.0,0.08108108108108109,0.0,0.0,0.0,0.0,0.0,0.0,0.0,0.0,0.1372972972972973,0.0,0.0,0.0,0.0,0.0,0.0681081081081081,0.08864864864864865,0.0,0.0,0.0,0.0,0.0,0.0,0.008648648648648649,0.0,0.0,0.0,0.0,0.04864864864864865,0.0,0.0,0.024864864864864864,0.0,0.0,0.0,0.0,0.0,0.0,0.0,0.12324324324324325,0.0,0.0,0.06594594594594595,0.1372972972972973,0.0,0.0,0.0,0.0,0.0
TP9,0.0,0.0,0.0,0.0,0.0,0.0,0.0,0.0,0.0,0.0,0.0,0.0,0.0,0.0,0.0,0.0,0.0,0.0,0.0,0.0,0.0,0.0,0.0,0.0,0.0,0.0,0.0,0.0,0.0,0.0,0.0,0.0,0.0,0.0,0.0,0.0,0.0,0.0,0.0,0.0,0.0,0.0,0.0,0.0,0.0,0.0,0.0,0.0,0.0,0.0,0.0,0.0,0.0,0.0,0.0,0.0,0.0,0.0,0.0
CP5,0.0,0.0,0.0,0.0,0.0,0.0,0.0,0.0,0.0,0.0,0.0,0.0,0.0,0.0,0.0,0.0,0.0,0.0,0.0,0.0,0.0,0.0,0.0,0.0,0.0,0.0,0.0,0.0,0.0,0.0,0.0,0.0,0.0,0.0,0.0,0.0,0.0,0.0,0.0,0.0,0.0,0.0,0.0,0.0,0.0,0.0,0.0,0.0,0.0,0.0,0.0,0.0,0.0,0.0,0.0,0.0,0.0,0.0,0.0
CP1,0.0,0.0,0.0,0.0,0.0,0.0,0.0,0.1875,0.0,0.0,0.185,0.0,0.0,0.0,0.0,0.0,0.0,0.0,0.0,0.1875,0.0,0.0,0.0,0.0,0.0,0.045,0.0,0.0,0.0,0.0,0.0,0.0,0.0,0.0025,0.0,0.0,0.0,0.0,0.0,0.0,0.0,0.0,0.0,0.0,0.0,0.0,0.0,0.0,0.0,0.1875,0.0,0.0,0.0175,0.1875,0.0,0.0,0.0,0.0,0.0
Pz,0.0,0.0,0.0,0.0,0.0,0.13683010262257697,0.13683010262257697,0.0,0.0,0.0,0.0,0.13568985176738882,0.0,0.0,0.0,0.0,0.0,0.0,0.0,0.0,0.09578107183580388,0.0,0.0,0.0,0.0,0.0,0.09692132269099202,0.0,0.0,0.0,0.0,0.07525655644241733,0.0,0.0,0.09007981755986318,0.0,0.0,0.0,0.0661345496009122,0.029646522234891677,0.0,0.0,0.0,0.0,0.0,0.0,0.0,0.0,0.0,0.0,0.0034207525655644243,0.020524515393386546,0.11288483466362599,0.0,0.0,0.0,0.0,0.0,0.0
P3,0.0,0.0,0.0,0.0,0.0,0.0,0.0,0.0,0.0,0.0,0.0,0.0,0.0,0.0,0.0,0.0,0.0,0.0,0.0,0.0,0.0,0.0,0.0,0.0,0.0,0.0,0.0,0.0,0.0,0.0,0.0,0.0,0.0,0.0,0.0,0.0,0.0,0.0,0.0,0.0,0.0,0.0,0.0,0.0,0.0,0.0,0.0,0.0,0.0,0.0,0.0,0.0,0.0,0.0,0.0,0.0,0.0,0.0,0.0
P7,0.0,0.0,0.0,0.0,0.0,0.0,0.0,0.0,0.0,0.0,0.0,0.0,0.0,0.0,0.0,0.0,0.0,0.0,0.0,0.0,0.0,0.0,0.0,0.0,0.0,0.0,0.0,0.0,0.0,0.0,0.0,0.0,0.0,0.0,0.0,0.0,0.0,0.0,0.0,0.0,0.0,0.0,0.0,0.0,0.0,0.0,0.0,0.0,0.0,0.0,0.0,0.0,0.0,0.0,0.0,0.0,0.0,0.0,0.0
O1,0.0,0.0,0.0,0.0,0.0,0.0,0.0,0.0,0.0,0.0,0.0,0.0,0.0,0.0,0.0,0.0,0.0,0.0,0.0,0.0,0.0,0.0,0.0,0.0,0.0,0.0,0.0,0.0,0.0,0.0,0.0,0.0,0.0,0.0,0.0,0.0,0.0,0.0,0.0,0.0,0.0,0.0,0.0,0.0,0.0,0.0,0.0,0.0,0.0,0.0,0.0,0.0,0.0,0.0,0.0,0.0,0.0,0.0,0.0
Oz,0.0,0.0,0.0,0.0,0.0,0.0,0.0,0.0,0.0,0.0,0.0,0.0,0.0,0.0,0.0,0.0,0.0,0.0,0.0,0.0,0.0,0.0,0.0,0.0,0.0,0.0,0.0,0.0,0.0,0.0,0.0,0.0,0.0,0.0,0.0,0.0,0.0,0.0,0.0,0.0,0.0,0.0,0.0,0.0,0.0,0.0,0.0,0.0,0.0,0.0,0.0,0.0,0.0,0.0,0.0,0.0,0.0,0.0,0.0
O2,0.0,0.0,0.0,0.0,0.0,0.0,0.0,0.0,0.0,0.0,0.0,0.0,0.0,0.0,0.0,0.0,0.0,0.0,0.0,0.0,0.0,0.0,0.0,0.0,0.0,0.0,0.0,0.0,0.0,0.0,0.0,0.0,0.0,0.0,0.0,0.0,0.0,0.0,0.0,0.0,0.0,0.0,0.0,0.0,0.0,0.0,0.0,0.0,0.0,0.0,0.0,0.0,0.0,0.0,0.0,0.0,0.0,0.0,0.0
P8,0.0,0.0,0.0,0.0,0.0,0.0,0.0,0.0,0.0,0.0,0.0,0.0,0.0,0.0,0.0,0.0,0.0,0.0,0.0,0.0,0.0,0.0,0.0,0.0,0.0,0.0,0.0,0.0,0.0,0.0,0.0,0.0,0.0,0.0,0.0,0.0,0.0,0.0,0.0,0.0,0.0,0.0,0.0,0.0,0.0,0.0,0.0,0.0,0.0,0.0,0.0,0.0,0.0,0.0,0.0,0.0,0.0,0.0,0.0
TP10,0.0,0.0,0.0,0.0,0.0,0.0,0.0,0.0,0.0,0.0,0.0,0.0,0.0,0.0,0.0,0.0,0.0,0.0,0.0,0.0,0.0,0.0,0.0,0.0,0.0,0.0,0.0,0.0,0.0,0.0,0.0,0.0,0.0,0.0,0.0,0.0,0.0,0.0,0.0,0.0,0.0,0.0,0.0,0.0,0.0,0.0,0.0,0.0,0.0,0.0,0.0,0.0,0.0,0.0,0.0,0.0,0.0,0.0,0.0
CP6,0.0,0.0,0.0,0.0,0.0,0.0,0.0,0.07868649318463444,0.0,0.0,0.046468401486988845,0.0,0.0,0.0,0.0,0.0,0.0,0.0,0.0,0.23482032218091697,0.0,0.0,0.0,0.0,0.0,0.04460966542750929,0.06629491945477076,0.0,0.0,0.0,0.0,0.0,0.0,0.029120198265179677,0.0,0.0,0.0,0.0,0.080545229244114,0.0,0.0,0.06567534076827757,0.0,0.0,0.0,0.0,0.0,0.0,0.0,0.10099132589838909,0.0,0.0,0.0848822800495663,0.16790582403965304,0.0,0.0,0.0,0.0,0.0
CP2,0.0,0.0,0.0,0.0,0.0,0.12776176753121998,0.10662824207492795,0.0,0.0,0.0,0.0,0.0787704130643612,0.0,0.0,0.0,0.0,0.0,0.0,0.0,0.0,0.12680115273775217,0.0,0.009606147934678195,0.0,0.0,0.0,0.04610951008645533,0.0,0.0,0.0,0.0,0.11143131604226705,0.0,0.0,0.1239193083573487,0.0,0.0,0.0,0.020172910662824207,0.07300672430355427,0.0,0.0,0.0,0.0,0.0,0.0,0.0,0.0,0.0,0.0,0.05091258405379443,0.06532180595581172,0.059558117195004805,0.0,0.0,0.0,0.0,0.0,0.0
Cz,0.0,0.0,0.0,0.0,0.0,0.0,0.0,0.0,0.0,0.0,0.0,0.0,0.0,0.0,0.0,0.0,0.0,0.0,0.0,0.0,0.0,0.0,0.0,0.0,0.0,0.0,0.0,0.0,0.0,0.0,0.0,0.0,0.0,0.0,0.0,0.0,0.0,0.0,0.0,0.0,0.0,0.0,0.0,0.0,0.0,0.0,0.0,0.0,0.0,0.0,0.0,0.0,0.0,0.0,0.0,0.0,0.0,0.0,0.0
C4,0.0,0.0,0.0,0.0,0.0,0.0521557719054242,0.0,0.0,0.0,0.0,0.0,0.0,0.0,0.0,0.0,0.0,0.0,0.0,0.0,0.0,0.005563282336578581,0.0,0.30737134909596664,0.0,0.0,0.0,0.0,0.0,0.0,0.0,0.0,0.018776077885952713,0.0,0.0,0.019471488178025034,0.0027816411682892906,0.0,0.0,0.0,0.01321279554937413,0.0,0.0,0.0,0.0,0.0,0.08275382475660639,0.0,0.0,0.0,0.0,0.2364394993045897,0.2614742698191933,0.0,0.0,0.0,0.0,0.0,0.0,0.0
T8,0.0,0.0,0.0,0.0,0.0,0.0,0.0,0.0,0.0,0.0,0.0,0.0,0.0,0.0,0.0,0.0,0.0,0.0,0.0,0.0,0.0,0.0,0.0,0.0,0.0,0.0,0.0,0.0,0.0,0.0,0.0,0.0,0.0,0.0,0.0,0.0,0.0,0.0,0.0,0.0,0.0,0.0,0.0,0.0,0.0,0.0,0.0,0.0,0.0,0.0,0.0,0.0,0.0,0.0,0.0,0.0,0.0,0.0,0.0
FT10,0.0,0.0,0.0,0.0,0.0,0.0,0.0,0.0,0.0,0.0,0.0,0.0,0.0,0.0,0.0,0.0,0.0,0.0,0.0,0.0,0.0,0.0,0.0,0.0,0.0,0.0,0.0,0.0,0.0,0.0,0.0,0.0,0.0,0.0,0.0,0.0,0.0,0.0,0.0,0.0,0.0,0.0,0.0,0.0,0.0,0.0,0.0,0.0,0.0,0.0,0.0,0.0,0.0,0.0,0.0,0.0,0.0,0.0,0.0
FC6,0.0,0.0,0.0,0.0,0.0,0.0,0.0,0.11708253358925144,0.0,0.0,0.030710172744721688,0.0,0.0,0.0,0.0,0.0,0.0,0.0,0.0,0.1381957773512476,0.0,0.0,0.0,0.0,0.0,0.1362763915547025,0.061420345489443376,0.0,0.0,0.0,0.0,0.0,0.0,0.0,0.0,0.0,0.0,0.0,0.10556621880998081,0.0,0.0,0.05950095969289827,0.0,0.0,0.0,0.0,0.0,0.0,0.0,0.09404990403071017,0.0,0.0,0.11900191938579655,0.1381957773512476,0.0,0.0,0.0,0.0,0.0
FC2,0.0,0.0,0.0,0.0,0.0,0.090465872156013,0.056879739978331526,0.04225352112676056,0.0,0.0,0.0,0.047128927410617555,0.0,0.0,0.0,0.0,0.0,0.0,0.0,0.056879739978331526,0.027085590465872156,0.0,0.0,0.0,0.0,0.016251354279523293,0.21289274106175515,0.0,0.0,0.0,0.0,0.01733477789815818,0.0,0.0,0.02437703141928494,0.0,0.0,0.0,0.11755146262188516,0.0,0.0,0.0817984832069339,0.0,0.0,0.0,0.0,0.0,0.0,0.0,0.004333694474539545,0.0,0.0,0.18689057421451788,0.017876489707475622,0.0,0.0,0.0,0.0,0.0
F4,0.0,0.0,0.0,0.0,0.0,0.0,0.0,0.0,0.0,0.0,0.0,0.0,0.0,0.0,0.0,0.0,0.0,0.0,0.0,0.0,0.0,0.0,0.0,0.0,0.0,0.0,0.0,0.0,0.0,0.0,0.0,0.0,0.0,0.0,0.0,0.0,0.0,0.0,0.0,0.0,0.0,0.0,0.0,0.0,0.0,0.0,0.0,0.0,0.0,0.0,0.0,0.0,0.0,0.0,0.0,0.0,0.0,0.0,0.0
F8,0.0,0.0,0.0,0.0,0.0,0.0,0.0,0.0,0.0,0.0,0.0,0.0,0.0,0.0,0.0,0.0,0.0,0.0,0.0,0.0,0.0,0.0,0.0,0.0,0.0,0.0,0.0,0.0,0.0,0.0,0.0,0.0,0.0,0.0,0.0,0.0,0.0,0.0,0.0,0.0,0.0,0.0,0.0,0.0,0.0,0.0,0.0,0.0,0.0,0.0,0.0,0.0,0.0,0.0,0.0,0.0,0.0,0.0,0.0
Fp2,0.0,0.0,0.0,0.0,0.0,0.0,0.0,0.0,0.0,0.0,0.0,0.0,0.0,0.0,0.0,0.0,0.0,0.0,0.0,0.0,0.0,0.0,0.0,0.0,0.0,0.0,0.0,0.0,0.0,0.0,0.0,0.0,0.0,0.0,0.0,0.0,0.0,0.0,0.0,0.0,0.0,0.0,0.0,0.0,0.0,0.0,0.0,0.0,0.0,0.0,0.0,0.0,0.0,0.0,0.0,0.0,0.0,0.0,0.0
AF7,0.0,0.0,0.0,0.0,0.0,0.0,0.0,0.0,0.0,0.0,0.0,0.0,0.0,0.0,0.0,0.0,0.0,0.0,0.0,0.0,0.0,0.0,0.0,0.0,0.0,0.0,0.0,0.0,0.0,0.0,0.0,0.0,0.0,0.0,0.0,0.0,0.0,0.0,0.0,0.0,0.0,0.0,0.0,0.0,0.0,0.0,0.0,0.0,0.0,0.0,0.0,0.0,0.0,0.0,0.0,0.0,0.0,0.0,0.0
AF3,0.0,0.0,0.0,0.0,0.0,0.13098729227761485,0.09090909090909091,0.0,0.0,0.0,0.0,0.06256109481915934,0.0,0.0,0.0,0.0,0.0,0.0,0.0,0.0,0.11143695014662756,0.0,0.028347996089931573,0.0,0.0,0.0,0.02932551319648094,0.0,0.0,0.0,0.0,0.1300097751710655,0.0,0.0,0.13098729227761485,0.0,0.0,0.0,0.002932551319648094,0.08406647116324535,0.0,0.0,0.0,0.0,0.0,0.0,0.0,0.0,0.0,0.0,0.07038123167155426,0.08504398826979472,0.043010752688172046,0.0,0.0,0.0,0.0,0.0,0.0
AFz,0.0,0.0,0.0,0.0,0.0,0.0,0.0,0.0,0.0,0.0,0.0,0.0,0.0,0.0,0.0,0.0,0.0,0.0,0.0,0.0,0.0,0.0,0.0,0.0,0.0,0.0,0.0,0.0,0.0,0.0,0.0,0.0,0.0,0.0,0.0,0.0,0.0,0.0,0.0,0.0,0.0,0.0,0.0,0.0,0.0,0.0,0.0,0.0,0.0,0.0,0.0,0.0,0.0,0.0,0.0,0.0,0.0,0.0,0.0
F1,0.0,0.0,0.0,0.0,0.0,0.0,0.0,0.020242914979757085,0.0,0.0,0.006072874493927126,0.0,0.0,0.0,0.0,0.0,0.0,0.0,0.0,0.09919028340080972,0.0,0.0,0.0,0.0,0.0,0.0,0.0,0.0,0.0,0.0,0.0,0.0,0.0,0.34210526315789475,0.0,0.2125506072874494,0.0,0.0,0.0,0.0,0.0,0.0,0.0,0.0,0.0,0.11740890688259109,0.0,0.0,0.0,0.05060728744939271,0.0,0.0,0.0,0.15182186234817813,0.0,0.0,0.0,0.0,0.0
FT7,0.0,0.0,0.0,0.0,0.0,0.13074204946996468,0.09363957597173145,0.0,0.0,0.0,0.0,0.06802120141342756,0.0,0.0,0.0,0.0,0.0,0.0,0.0,0.0,0.11219081272084806,0.0,0.026501766784452298,0.0,0.0,0.0,0.037985865724381625,0.0,0.0,0.0,0.0,0.11837455830388692,0.0,0.0,0.12985865724381626,0.0,0.0,0.0,0.014134275618374558,0.07597173144876325,0.0,0.0,0.0,0.0,0.0,0.0,0.0,0.0,0.0,0.0,0.06448763250883392,0.07773851590106007,0.05035335689045936,0.0,0.0,0.0,0.0,0.0,0.0
FC3,0.0,0.0,0.0,0.0,0.0,0.0,0.0,0.0,0.0,0.0,0.0,0.0,0.0,0.0,0.0,0.0,0.0,0.0,0.0,0.0,0.0,0.0,0.005763688760806916,0.0,0.0,0.0,0.0,0.0,0.0,0.0,0.0,0.0,0.0,0.30835734870317005,0.0,0.39481268011527376,0.0,0.0,0.0,0.0,0.0,0.0,0.0,0.0,0.0,0.25936599423631124,0.0,0.0,0.0,0.0,0.0,0.0,0.0,0.03170028818443804,0.0,0.0,0.0,0.0,0.0
C1,0.0,0.0,0.0,0.0,0.0,0.0,0.0,0.0,0.0,0.0,0.0,0.0,0.0,0.0,0.0,0.0,0.0,0.0,0.0,0.0,0.0,0.0,0.0,0.0,0.0,0.0,0.0,0.0,0.0,0.0,0.0,0.0,0.0,0.0,0.0,0.0,0.0,0.0,0.0,0.0,0.0,0.0,0.0,0.0,0.0,0.0,0.0,0.0,0.0,0.0,0.0,0.0,0.0,0.0,0.0,0.0,0.0,0.0,0.0
TP7,0.0,0.0,0.0,0.0,0.0,0.0,0.0,0.0,0.0,0.0,0.0,0.0,0.0,0.0,0.0,0.0,0.0,0.0,0.0,0.0,0.0,0.0,0.0,0.0,0.0,0.0,0.0,0.0,0.0,0.0,0.0,0.0,0.0,0.0,0.0,0.0,0.0,0.0,0.0,0.0,0.0,0.0,0.0,0.0,0.0,0.0,0.0,0.0,0.0,0.0,0.0,0.0,0.0,0.0,0.0,0.0,0.0,0.0,0.0
CP3,0.0,0.0,0.0,0.0,0.0,0.06097560975609756,0.05595408895265423,0.03084648493543759,0.0,0.0,0.0,0.043041606886657105,0.0,0.0,0.0,0.0,0.0,0.0,0.0,0.09182209469153516,0.01649928263988522,0.0,0.0,0.0,0.0,0.03802008608321377,0.15710186513629842,0.0,0.0,0.0,0.0,0.003586800573888092,0.0,0.0,0.01291248206599713,0.0,0.0,0.0,0.1714490674318508,0.0,0.0,0.0824964131994261,0.0,0.0,0.0,0.0,0.0,0.0,0.0,0.02223816355810617,0.0,0.0,0.17288378766140602,0.040172166427546625,0.0,0.0,0.0,0.0,0.0
P1,0.0,0.0,0.0,0.0,0.0,0.1299093655589124,0.08006042296072508,0.0,0.0,0.0,0.0,0.03625377643504532,0.0,0.0,0.0,0.0,0.0,0.0,0.0,0.0,0.11178247734138973,0.0,0.03172205438066465,0.0,0.0,0.0,0.0,0.0,0.0,0.0,0.0,0.1299093655589124,0.0,0.0,0.1299093655589124,0.0,0.0,0.0,0.0,0.1283987915407855,0.0,0.0,0.0,0.0,0.0,0.0,0.0,0.0,0.0,0.0,0.09667673716012085,0.11933534743202417,0.006042296072507553,0.0,0.0,0.0,0.0,0.0,0.0
P5,0.0,0.0,0.0,0.0,0.0,0.0,0.0,0.0,0.0,0.0,0.0,0.0,0.0,0.0,0.0,0.0,0.0,0.0,0.0,0.0,0.0,0.0,0.0,0.0,0.0,0.0,0.0,0.0,0.0,0.0,0.0,0.0,0.0,0.0,0.0,0.0,0.0,0.0,0.0,0.0,0.0,0.0,0.0,0.0,0.0,0.0,0.0,0.0,0.0,0.0,0.0,0.0,0.0,0.0,0.0,0.0,0.0,0.0,0.0
PO7,0.0,0.0,0.0,0.0,0.0,0.010484927916120577,0.0,0.02490170380078637,0.0,0.0,0.0,0.0,0.0,0.0,0.0,0.0,0.0,0.0,0.0,0.1363040629095675,0.0,0.0,0.0,0.0,0.0,0.03800786369593709,0.19790301441677588,0.0,0.0,0.0,0.0,0.0,0.0,0.0,0.0,0.0,0.0,0.0,0.14809960681520315,0.0,0.0,0.19528178243774574,0.0,0.0,0.0,0.0,0.0,0.0,0.0,0.009174311926605505,0.0,0.0,0.19790301441677588,0.04193971166448231,0.0,0.0,0.0,0.0,0.0
PO3,0.0,0.0,0.0,0.0,0.0,0.0,0.0,0.0,0.0,0.0,0.0,0.0,0.0,0.0,0.0,0.0,0.0,0.0,0.0,0.0,0.0,0.0,0.0,0.0,0.0,0.0,0.0,0.0,0.0,0.0,0.0,0.0,0.0,0.0,0.0,0.0,0.0,0.0,0.0,0.0,0.0,0.0,0.0,0.0,0.0,0.0,0.0,0.0,0.0,0.0,0.0,0.0,0.0,0.0,0.0,0.0,0.0,0.0,0.0
POz,0.0,0.0,0.0,0.0,0.0,0.0,0.0,0.0,0.0,0.0,0.0,0.0,0.0,0.0,0.0,0.0,0.0,0.0,0.0,0.0,0.0,0.0,0.0,0.0,0.0,0.0,0.0,0.0,0.0,0.0,0.0,0.0,0.0,0.0,0.0,0.0,0.0,0.0,0.0,0.0,0.0,0.0,0.0,0.0,0.0,0.0,0.0,0.0,0.0,0.0,0.0,0.0,0.0,0.0,0.0,0.0,0.0,0.0,0.0
PO4,0.0,0.0,0.0,0.0,0.0,0.0,0.0,0.0,0.0,0.0,0.0,0.0,0.0,0.0,0.0,0.0,0.0,0.0,0.0,0.0,0.0,0.0,0.0,0.0,0.0,0.0,0.0,0.0,0.0,0.0,0.0,0.0,0.0,0.0,0.0,0.0,0.0,0.0,0.0,0.0,0.0,0.0,0.0,0.0,0.0,0.0,0.0,0.0,0.0,0.0,0.0,0.0,0.0,0.0,0.0,0.0,0.0,0.0,0.0
PO8,0.0,0.0,0.0,0.0,0.0,0.0,0.0,0.0,0.0,0.0,0.0,0.0,0.0,0.0,0.0,0.0,0.0,0.0,0.0,0.0,0.0,0.0,0.19402985074626866,0.0,0.0,0.0,0.0,0.0,0.0,0.0,0.0,0.0,0.0,0.09950248756218906,0.0,0.15257048092868988,0.0,0.0,0.0,0.0,0.0,0.0,0.0,0.0,0.0,0.33996683250414594,0.0,0.0,0.0,0.0,0.1111111111111111,0.10281923714759536,0.0,0.0,0.0,0.0,0.0,0.0,0.0
P6,0.0,0.0,0.0,0.0,0.0,0.0,0.0,0.0,0.0,0.0,0.0,0.0,0.0,0.0,0.0,0.0,0.0,0.0,0.0,0.0,0.0,0.0,0.0,0.0,0.0,0.0,0.0,0.0,0.0,0.0,0.0,0.0,0.0,0.0,0.0,0.0,0.0,0.0,0.0,0.0,0.0,0.0,0.0,0.0,0.0,0.0,0.0,0.0,0.0,0.0,0.0,0.0,0.0,0.0,0.0,0.0,0.0,0.0,0.0
P2,0.0,0.0,0.0,0.0,0.0,0.0,0.0,0.0,0.0,0.0,0.0,0.0,0.0,0.0,0.0,0.0,0.0,0.0,0.0,0.0,0.0,0.0,0.0,0.0,0.0,0.0,0.0,0.0,0.0,0.0,0.0,0.0,0.0,0.0,0.0,0.0,0.0,0.0,0.0,0.0,0.0,0.0,0.0,0.0,0.0,0.0,0.0,0.0,0.0,0.0,0.0,0.0,0.0,0.0,0.0,0.0,0.0,0.0,0.0
CPz,0.0,0.0,0.0,0.0,0.0,0.0,0.0,0.0,0.0,0.0,0.0,0.0,0.0,0.0,0.0,0.0,0.0,0.0,0.0,0.0,0.0,0.0,0.0,0.0,0.0,0.0,0.0,0.0,0.0,0.0,0.0,0.0,0.0,0.0,0.0,0.0,0.0,0.0,0.0,0.0,0.0,0.0,0.0,0.0,0.0,0.0,0.0,0.0,0.0,0.0,0.0,0.0,0.0,0.0,0.0,0.0,0.0,0.0,0.0
CP4,0.0,0.0,0.0,0.0,0.0,0.0,0.0,0.13744075829383887,0.0,0.0,0.08886255924170616,0.0,0.0,0.0,0.0,0.0,0.0,0.0,0.0,0.19312796208530805,0.0,0.0,0.0,0.0,0.0,0.06042654028436019,0.011848341232227487,0.0,0.0,0.0,0.0,0.0,0.0,0.027251184834123223,0.0,0.0,0.0,0.0,0.03909952606635071,0.0,0.0,0.01066350710900474,0.0,0.0,0.0,0.0,0.0,0.0,0.0,0.19075829383886256,0.0,0.0,0.04739336492890995,0.19312796208530805,0.0,0.0,0.0,0.0,0.0
TP8,0.0,0.0,0.0,0.0,0.0,0.08424908424908426,0.018315018315018316,0.0,0.0,0.0,0.0,0.0006105006105006105,0.0,0.0,0.0,0.0,0.0,0.0,0.0,0.0,0.031135531135531136,0.0,0.21001221001221002,0.0,0.0,0.0,0.0,0.0,0.0,0.0,0.0,0.042735042735042736,0.0,0.0,0.043345543345543344,0.0,0.0,0.0,0.0,0.03785103785103785,0.0,0.0,0.0,0.0,0.0,0.04212454212454213,0.0,0.0,0.0,0.0,0.24603174603174602,0.24358974358974358,0.0,0.0,0.0,0.0,0.0,0.0,0.0
C6,0.0,0.0,0.0,0.0,0.0,0.08869659275283938,0.024337479718766902,0.0,0.0,0.0,0.0,0.008653326122228232,0.0,0.0,0.0,0.0,0.0,0.0,0.0,0.0,0.03569497025419145,0.0,0.2055164954029205,0.0,0.0,0.0,0.0,0.0,0.0,0.0,0.0,0.04597079502433748,0.0,0.0,0.046511627906976744,0.0,0.0,0.0,0.0,0.04164413196322336,0.0,0.0,0.0,0.0,0.0,0.03461330448891293,0.0,0.0,0.0,0.0,0.21687398593834506,0.251487290427258,0.0,0.0,0.0,0.0,0.0,0.0,0.0
C2,0.0,0.0,0.0,0.0,0.0,0.09361497839654345,0.057129140662506,0.027364378300528083,0.0,0.0,0.002400384061449832,0.048487758041286605,0.0,0.0,0.0,0.0,0.0,0.0,0.0,0.06481036965914547,0.030724915986557848,0.0,0.0,0.0,0.0,0.028804608737397985,0.16466634661545848,0.0,0.0,0.0,0.0,0.022083533365338453,0.0,0.0,0.028324531925108018,0.0,0.0,0.0,0.1156985117618819,0.0028804608737397984,0.0,0.07249159865578493,0.0,0.0,0.0,0.0,0.0,0.0,0.0,0.018242918867018725,0.0,0.0,0.19203072491598655,0.030244839174267884,0.0,0.0,0.0,0.0,0.0
FC4,0.0,0.0,0.0,0.0,0.0,0.0,0.0,0.09921875,0.0,0.0,0.05859375,0.0,0.0,0.0,0.0,0.0,0.0,0.0,0.0,0.21328125,0.0,0.0,0.0,0.0,0.0,0.05625,0.02734375,0.0,0.0,0.0,0.0,0.0,0.0,0.05703125,0.0,0.00703125,0.0,0.0,0.0453125,0.0,0.0,0.0265625,0.0,0.0,0.0,0.0,0.0,0.0,0.0,0.12734375,0.0,0.0,0.05078125,0.23125,0.0,0.0,0.0,0.0,0.0
FT8,0.0,0.0,0.0,0.0,0.0,0.0,0.0,0.0,0.0,0.0,0.0,0.0,0.0,0.0,0.0,0.0,0.0,0.0,0.0,0.0,0.0,0.0,0.0,0.0,0.0,0.0,0.0,0.0,0.0,0.0,0.0,0.0,0.0,0.0,0.0,0.0,0.0,0.0,0.0,0.0,0.0,0.0,0.0,0.0,0.0,0.0,0.0,0.0,0.0,0.0,0.0,0.0,0.0,0.0,0.0,0.0,0.0,0.0,0.0
F6,0.0,0.0,0.0,0.0,0.0,0.0,0.0,0.0,0.0,0.0,0.0,0.0,0.0,0.0,0.0,0.0,0.0,0.0,0.0,0.0,0.0,0.0,0.0,0.0,0.0,0.0,0.0,0.0,0.0,0.0,0.0,0.0,0.0,0.0,0.0,0.0,0.0,0.0,0.0,0.0,0.0,0.0,0.0,0.0,0.0,0.0,0.0,0.0,0.0,0.0,0.0,0.0,0.0,0.0,0.0,0.0,0.0,0.0,0.0
AF8,0.0,0.0,0.0,0.0,0.0,0.0,0.0,0.0,0.0,0.0,0.0,0.0,0.0,0.0,0.0,0.0,0.0,0.0,0.0,0.0,0.0,0.0,0.0,0.0,0.0,0.0,0.0,0.0,0.0,0.0,0.0,0.0,0.0,0.0,0.0,0.0,0.0,0.0,0.0,0.0,0.0,0.0,0.0,0.0,0.0,0.0,0.0,0.0,0.0,0.0,0.0,0.0,0.0,0.0,0.0,0.0,0.0,0.0,0.0
AF4,0.0,0.0,0.0,0.0,0.0,0.0,0.0,0.0,0.0,0.0,0.0,0.0,0.0,0.0,0.0,0.0,0.0,0.0,0.0,0.0,0.0,0.0,0.0,0.0,0.0,0.0,0.0,0.0,0.0,0.0,0.0,0.0,0.0,0.0,0.0,0.0,0.0,0.0,0.0,0.0,0.0,0.0,0.0,0.0,0.0,0.0,0.0,0.0,0.0,0.0,0.0,0.0,0.0,0.0,0.0,0.0,0.0,0.0,0.0
FCz,0.0,0.0,0.0,0.0,0.0,0.0,0.0,0.0,0.0,0.0,0.0,0.0,0.0,0.0,0.0,0.0,0.0,0.0,0.0,0.0,0.0,0.0,0.0,0.0,0.0,0.0,0.0,0.0,0.0,0.0,0.0,0.0,0.0,0.0,0.0,0.0,0.0,0.0,0.0,0.0,0.0,0.0,0.0,0.0,0.0,0.0,0.0,0.0,0.0,0.0,0.0,0.0,0.0,0.0,0.0,0.0,0.0,0.0,0.0
