,Fp1,Fz,F3,F7,FT9,FC5,FC1,C3,T7,TP9,CP5,Pz,P3,P7,O1,Oz,O2,P4,P8,TP10,CP6,CP2,Cz,C4,T8,FT10,FC6,FC2,F4,F8,Fp2,AF7,AF3,AFz,F1,F5,FT7,FC3,C1,C5,TP7,CP3,P1,PO7,PO3,POz,PO4,PO8,P6,P2,CPz,CP4,TP8,C6,C2,FC4,FT8,F6,AF8,AF4,F2,FCz
Fp1,0.05473684210526316,0.0,0.0,0.04842105263157895,0.002105263157894737,0.002105263157894737,0.042105263157894736,0.0,0.03368421052631579,0.0,0.0,0.0,0.0,0.014736842105263158,0.05263157894736842,0.0,0.0,0.0,0.035789473684210524,0.035789473684210524,0.0,0.0,0.0,0.029473684210526315,0.0,0.0,0.0,0.0,0.01263157894736842,0.0,0.0,0.0,0.05473684210526316,0.05473684210526316,0.056842105263157895,0.02736842105263158,0.0,0.056842105263157895,0.0,0.0,0.0,0.05263157894736842,0.056842105263157895,0.0,0.02526315789473684,0.0,0.0,0.04842105263157895,0.0,0.056842105263157895,0.018947368421052633,0.0,0.0,0.0,0.02526315789473684,0.0,0.042105263157894736,0.0,0.0,0.035789473684210524,0.023157894736842106,0.0
Fz,0.004081632653061225,0.044897959183673466,0.04081632653061224,0.030612244897959183,0.044897959183673466,0.0,0.018367346938775512,0.014285714285714285,0.026530612244897958,0.0,0.02040816326530612,0.018367346938775512,0.01020408163265306,0.0,0.0,0.022448979591836733,0.004081632653061225,0.014285714285714285,0.0,0.030612244897959183,0.026530612244897958,0.004081632653061225,0.012244897959183673,0.0,0.006122448979591836,0.012244897959183673,0.006122448979591836,0.02857142857142857,0.0326530612244898,0.0,0.0,0.036734693877551024,0.0,0.0020408163265306124,0.0020408163265306124,0.0,0.018367346938775512,0.006122448979591836,0.0,0.044897959183673466,0.018367346938775512,0.02040816326530612,0.004081632653061225,0.0,0.03469387755102041,0.004081632653061225,0.03877551020408163,0.030612244897959183,0.018367346938775512,0.0163265306122449,0.0326530612244898,0.026530612244897958,0.03469387755102041,0.024489795918367346,0.036734693877551024,0.006122448979591836,0.0326530612244898,0.0,0.0,0.03469387755102041,0.0,0.0020408163265306124
F3,0.0,0.019572953736654804,0.08718861209964412,0.011565836298932384,0.017793594306049824,0.009786476868327402,0.006227758007117438,0.029359430604982206,0.009786476868327402,0.0,0.029359430604982206,0.04804270462633452,0.026690391459074734,0.0,0.0,0.03825622775800712,0.015124555160142349,0.04804270462633452,0.0,0.011565836298932384,0.0400355871886121,0.0071174377224199285,0.029359430604982206,0.0008896797153024911,0.013345195729537367,0.029359430604982206,0.01601423487544484,0.04092526690391459,0.012455516014234875,0.0008896797153024911,0.0,0.019572953736654804,0.0,0.0,0.0,0.00800711743772242,0.03469750889679715,0.0008896797153024911,0.005338078291814947,0.018683274021352312,0.03113879003558719,0.0071174377224199285,0.0,0.0,0.013345195729537367,0.017793594306049824,0.019572953736654804,0.011565836298932384,0.01601423487544484,0.006227758007117438,0.012455516014234875,0.016903914590747332,0.04092526690391459,0.04893238434163701,0.014234875444839857,0.018683274021352312,0.012455516014234875,0.0035587188612099642,0.0035587188612099642,0.013345195729537367,0.0,0.006227758007117438
F7,0.03132832080200501,0.016290726817042606,0.013784461152882205,0.06390977443609022,0.017543859649122806,0.0,0.03508771929824561,0.0,0.03508771929824561,0.0,0.0012531328320802004,0.0,0.0,0.008771929824561403,0.02756892230576441,0.002506265664160401,0.0,0.0,0.021303258145363407,0.03759398496240601,0.005012531328320802,0.0,0.0,0.013784461152882205,0.0,0.0,0.0,0.006265664160401002,0.023809523809523808,0.0,0.0,0.011278195488721804,0.040100250626566414,0.03007518796992481,0.045112781954887216,0.012531328320802004,0.0,0.05263157894736842,0.0,0.016290726817042606,0.0,0.05513784461152882,0.042606516290726815,0.0,0.03132832080200501,0.0,0.012531328320802004,0.06390977443609022,0.0,0.05889724310776942,0.02756892230576441,0.005012531328320802,0.010025062656641603,0.0037593984962406013,0.03132832080200501,0.0,0.041353383458646614,0.0,0.0,0.03759398496240601,0.010025062656641603,0.0
FT9,0.006607929515418502,0.04405286343612335,0.039647577092511016,0.03524229074889868,0.046255506607929514,0.0,0.022026431718061675,0.011013215859030838,0.030837004405286344,0.0,0.01762114537444934,0.015418502202643172,0.006607929515418502,0.0,0.0,0.019823788546255508,0.0,0.011013215859030838,0.0022026431718061676,0.03524229074889868,0.024229074889867842,0.0,0.00881057268722467,0.0,0.0022026431718061676,0.00881057268722467,0.0022026431718061676,0.02643171806167401,0.037444933920704845,0.0,0.0,0.03524229074889868,0.0022026431718061676,0.004405286343612335,0.004405286343612335,0.0,0.015418502202643172,0.00881057268722467,0.0,0.04405286343612335,0.015418502202643172,0.024229074889867842,0.006607929515418502,0.0,0.039647577092511016,0.0,0.037444933920704845,0.03524229074889868,0.015418502202643172,0.019823788546255508,0.037444933920704845,0.024229074889867842,0.03303964757709251,0.022026431718061675,0.04185022026431718,0.0022026431718061676,0.037444933920704845,0.0,0.0,0.039647577092511016,0.0,0.0
FC5,0.0,0.00411522633744856,0.02880658436213992,0.0,0.0,0.04526748971193416,0.0,0.03909465020576132,0.0,0.0,0.024691358024691357,0.0411522633744856,0.04526748971193416,0.0,0.00205761316872428,0.03497942386831276,0.043209876543209874,0.04526748971193416,0.0,0.0,0.030864197530864196,0.01440329218106996,0.043209876543209874,0.018518518518518517,0.02880658436213992,0.043209876543209874,0.037037037037037035,0.026748971193415638,0.0,0.00205761316872428,0.0,0.0102880658436214,0.012345679012345678,0.0,0.01440329218106996,0.0411522633744856,0.037037037037037035,0.012345679012345678,0.012345679012345678,0.00205761316872428,0.030864197530864196,0.0,0.00411522633744856,0.0,0.0,0.04938271604938271,0.00823045267489712,0.0,0.01440329218106996,0.006172839506172839,0.0,0.01440329218106996,0.018518518518518517,0.03497942386831276,0.0,0.04526748971193416,0.0,0.00823045267489712,0.00823045267489712,0.0,0.00205761316872428,0.01440329218106996
FC1,0.041353383458646614,0.013157894736842105,0.009398496240601503,0.05263157894736842,0.015037593984962405,0.0,0.05075187969924812,0.0,0.043233082706766915,0.0,0.0,0.0,0.0,0.013157894736842105,0.03571428571428571,0.0,0.0,0.0,0.03195488721804511,0.045112781954887216,0.0,0.0,0.0,0.015037593984962405,0.0,0.0,0.0,0.0,0.02443609022556391,0.0,0.0,0.005639097744360902,0.03759398496240601,0.039473684210526314,0.039473684210526314,0.013157894736842105,0.0,0.043233082706766915,0.0,0.013157894736842105,0.0,0.05263157894736842,0.041353383458646614,0.0,0.03571428571428571,0.0,0.007518796992481203,0.05263157894736842,0.0,0.05263157894736842,0.03007518796992481,0.0,0.0037593984962406013,0.0,0.03571428571428571,0.0,0.05075187969924812,0.0,0.0,0.045112781954887216,0.009398496240601503,0.0
C3,0.0,0.011029411764705883,0.04411764705882353,0.0,0.00857843137254902,0.0196078431372549,0.0,0.04656862745098039,0.0,0.0,0.03799019607843137,0.049019607843137254,0.0428921568627451,0.0,0.0,0.04779411764705882,0.02696078431372549,0.04779411764705882,0.0,0.0,0.04534313725490196,0.00980392156862745,0.04656862745098039,0.003676470588235294,0.0196078431372549,0.04656862745098039,0.028186274509803922,0.0428921568627451,0.0012254901960784314,0.0012254901960784314,0.0,0.014705882352941176,0.0,0.0,0.0012254901960784314,0.01715686274509804,0.049019607843137254,0.0,0.007352941176470588,0.00980392156862745,0.04411764705882353,0.0,0.0,0.0,0.0024509803921568627,0.030637254901960783,0.013480392156862746,0.0,0.020833333333333332,0.0,0.0012254901960784314,0.01715686274509804,0.03799019607843137,0.04779411764705882,0.003676470588235294,0.031862745098039214,0.0012254901960784314,0.004901960784313725,0.004901960784313725,0.0024509803921568627,0.0,0.00857843137254902
T7,0.032846715328467155,0.020072992700729927,0.016423357664233577,0.051094890510948905,0.021897810218978103,0.0,0.04562043795620438,0.0,0.04927007299270073,0.0,0.0,0.0,0.0,0.012773722627737226,0.02737226277372263,0.0,0.0,0.0,0.029197080291970802,0.051094890510948905,0.0036496350364963502,0.0,0.0,0.0072992700729927005,0.0,0.0,0.0,0.005474452554744526,0.03102189781021898,0.0,0.0,0.012773722627737226,0.029197080291970802,0.03102189781021898,0.03102189781021898,0.005474452554744526,0.0,0.03467153284671533,0.0,0.020072992700729927,0.0,0.04744525547445255,0.032846715328467155,0.0,0.041970802919708027,0.0,0.014598540145985401,0.051094890510948905,0.0,0.043795620437956206,0.0364963503649635,0.0036496350364963502,0.010948905109489052,0.0018248175182481751,0.041970802919708027,0.0,0.051094890510948905,0.0,0.0,0.051094890510948905,0.0018248175182481751,0.0
TP9,0.0,0.0,0.0,0.0,0.0,0.0,0.0,0.0,0.0,0.0,0.0,0.0,0.0,0.0,0.0,0.0,0.0,0.0,0.0,0.0,0.0,0.0,0.0,0.0,0.0,0.0,0.0,0.0,0.0,0.0,0.0,0.0,0.0,0.0,0.0,0.0,0.0,0.0,0.0,0.0,0.0,0.0,0.0,0.0,0.0,0.0,0.0,0.0,0.0,0.0,0.0,0.0,0.0,0.0,0.0,0.0,0.0,0.0,0.0,0.0,0.0,0.0
CP5,0.0,0.016238159675236806,0.046008119079837616,0.0040595399188092015,0.013531799729364006,0.012178619756427604,0.0,0.04059539918809202,0.0013531799729364006,0.0,0.04330175913396482,0.04330175913396482,0.037889039242219216,0.0,0.0,0.046008119079837616,0.02029769959404601,0.04059539918809202,0.0,0.0040595399188092015,0.046008119079837616,0.010825439783491205,0.03924221921515562,0.0013531799729364006,0.017591339648173207,0.03924221921515562,0.02165087956698241,0.046008119079837616,0.005412719891745603,0.0013531799729364006,0.0,0.02029769959404601,0.0,0.0,0.0,0.009472259810554804,0.04330175913396482,0.0,0.008119079837618403,0.014884979702300407,0.04330175913396482,0.0,0.0,0.0,0.006765899864682003,0.02435723951285521,0.018944519621109608,0.0040595399188092015,0.02435723951285521,0.0,0.005412719891745603,0.023004059539918808,0.04330175913396482,0.046008119079837616,0.008119079837618403,0.02571041948579161,0.005412719891745603,0.005412719891745603,0.005412719891745603,0.006765899864682003,0.0,0.009472259810554804
Pz,0.0,0.011247443762781187,0.06032719836400818,0.002044989775051125,0.009202453987730062,0.017382413087934562,0.0,0.03987730061349693,0.0,0.0,0.03374233128834356,0.06339468302658487,0.03680981595092025,0.0,0.0,0.04703476482617587,0.023517382413087935,0.06237218813905931,0.0,0.002044989775051125,0.044989775051124746,0.0081799591002045,0.03987730061349693,0.00408997955010225,0.016359918200409,0.03987730061349693,0.023517382413087935,0.04294478527607362,0.003067484662576687,0.0010224948875255625,0.0,0.014314928425357873,0.0010224948875255625,0.0,0.002044989775051125,0.015337423312883436,0.044989775051124746,0.0010224948875255625,0.006134969325153374,0.010224948875255624,0.03783231083844581,0.0,0.0,0.0,0.00408997955010225,0.026584867075664622,0.013292433537832311,0.002044989775051125,0.018404907975460124,0.0,0.003067484662576687,0.016359918200409,0.03885480572597137,0.05623721881390593,0.005112474437627812,0.027607361963190184,0.003067484662576687,0.00408997955010225,0.00408997955010225,0.00408997955010225,0.0,0.007157464212678937
P3,0.0,0.008728179551122194,0.04114713216957606,0.0,0.006234413965087282,0.02369077306733167,0.0,0.04738154613466334,0.0,0.0,0.03615960099750624,0.048628428927680795,0.04738154613466334,0.0,0.0,0.04488778054862843,0.03117206982543641,0.04987531172069826,0.0,0.0,0.04239401496259352,0.00997506234413965,0.04987531172069826,0.007481296758104738,0.0199501246882793,0.04987531172069826,0.028678304239401497,0.0399002493765586,0.0,0.0012468827930174563,0.0,0.012468827930174564,0.003740648379052369,0.0,0.004987531172069825,0.02119700748129676,0.046134663341645885,0.003740648379052369,0.007481296758104738,0.007481296758104738,0.04239401496259352,0.0,0.0,0.0,0.0,0.034912718204488775,0.011221945137157107,0.0,0.018703241895261846,0.0,0.0,0.014962593516209476,0.034912718204488775,0.04488778054862843,0.0012468827930174563,0.03615960099750624,0.0,0.004987531172069825,0.004987531172069825,0.0,0.0,0.008728179551122194
P7,0.05223880597014925,0.0,0.0,0.05223880597014925,0.0,0.0,0.05223880597014925,0.0,0.03731343283582089,0.0,0.0,0.0,0.0,0.04477611940298507,0.05223880597014925,0.0,0.0,0.0,0.05223880597014925,0.04477611940298507,0.0,0.0,0.0,0.03731343283582089,0.0,0.0,0.0,0.0,0.0,0.0,0.0,0.0,0.05223880597014925,0.05223880597014925,0.05223880597014925,0.029850746268656716,0.0,0.05223880597014925,0.0,0.0,0.0,0.05223880597014925,0.05223880597014925,0.0,0.007462686567164179,0.0,0.0,0.05223880597014925,0.0,0.05223880597014925,0.0,0.0,0.0,0.0,0.007462686567164179,0.0,0.05223880597014925,0.0,0.0,0.04477611940298507,0.014925373134328358,0.0
O1,0.052873563218390804,0.0,0.0,0.04597701149425287,0.0,0.006896551724137931,0.03908045977011494,0.0,0.029885057471264367,0.0,0.0,0.0,0.0,0.016091954022988506,0.05747126436781609,0.0,0.0,0.0,0.034482758620689655,0.03218390804597701,0.0,0.0,0.0,0.0367816091954023,0.0,0.0,0.0,0.0,0.006896551724137931,0.0,0.0,0.0,0.059770114942528735,0.052873563218390804,0.059770114942528735,0.034482758620689655,0.0,0.059770114942528735,0.0,0.0,0.0,0.05057471264367816,0.059770114942528735,0.0,0.020689655172413793,0.004597701149425287,0.0,0.04597701149425287,0.0,0.059770114942528735,0.013793103448275862,0.0,0.0,0.0,0.020689655172413793,0.0,0.03908045977011494,0.0,0.0,0.03218390804597701,0.027586206896551724,0.0
Oz,0.0,0.014130434782608696,0.05,0.004347826086956522,0.011956521739130435,0.015217391304347827,0.0,0.0391304347826087,0.002173913043478261,0.0,0.035869565217391305,0.04673913043478261,0.035869565217391305,0.0,0.0,0.05,0.021739130434782608,0.04456521739130435,0.0,0.004347826086956522,0.05,0.008695652173913044,0.0391304347826087,0.0010869565217391304,0.017391304347826087,0.0391304347826087,0.02282608695652174,0.04782608695652174,0.005434782608695652,0.0010869565217391304,0.0,0.017391304347826087,0.0,0.0,0.0,0.013043478260869565,0.04565217391304348,0.0,0.006521739130434782,0.013043478260869565,0.04021739130434782,0.0,0.0,0.0,0.006521739130434782,0.025,0.016304347826086956,0.004347826086956522,0.01956521739130435,0.0,0.005434782608695652,0.01956521739130435,0.04456521739130435,0.05217391304347826,0.007608695652173913,0.02608695652173913,0.005434782608695652,0.004347826086956522,0.004347826086956522,0.006521739130434782,0.0,0.007608695652173913
O2,0.0,0.0070052539404553416,0.03502626970227671,0.0,0.0035026269702276708,0.03152364273204904,0.0,0.043782837127845885,0.0,0.0,0.03152364273204904,0.04553415061295972,0.04553415061295972,0.0,0.0,0.040280210157618214,0.04203152364273205,0.04553415061295972,0.0,0.0,0.03677758318739054,0.014010507880910683,0.04553415061295972,0.008756567425569177,0.028021015761821366,0.04553415061295972,0.040280210157618214,0.03327495621716287,0.0,0.0017513134851138354,0.0,0.012259194395796848,0.0035026269702276708,0.0,0.005253940455341506,0.028021015761821366,0.04203152364273205,0.0035026269702276708,0.010507880910683012,0.005253940455341506,0.03677758318739054,0.0,0.0,0.0,0.0,0.043782837127845885,0.010507880910683012,0.0,0.01926444833625219,0.0,0.0,0.01576182136602452,0.02626970227670753,0.040280210157618214,0.0,0.04553415061295972,0.0,0.0070052539404553416,0.0070052539404553416,0.0,0.0,0.012259194395796848
P4,0.0,0.009316770186335404,0.061076604554865424,0.0,0.007246376811594203,0.019668737060041408,0.0,0.040372670807453416,0.0,0.0,0.032091097308488616,0.06521739130434782,0.039337474120082816,0.0,0.0,0.045548654244306416,0.025879917184265012,0.07142857142857142,0.0,0.0,0.043478260869565216,0.008281573498964804,0.042443064182194616,0.006211180124223602,0.016563146997929608,0.042443064182194616,0.023809523809523808,0.041407867494824016,0.0010351966873706005,0.0010351966873706005,0.0,0.012422360248447204,0.003105590062111801,0.0,0.004140786749482402,0.017598343685300208,0.044513457556935816,0.003105590062111801,0.006211180124223602,0.008281573498964804,0.037267080745341616,0.0,0.0,0.0,0.002070393374741201,0.028985507246376812,0.011387163561076604,0.0,0.017598343685300208,0.0,0.0010351966873706005,0.014492753623188406,0.037267080745341616,0.054865424430641824,0.003105590062111801,0.030020703933747412,0.0010351966873706005,0.004140786749482402,0.004140786749482402,0.002070393374741201,0.0,0.007246376811594203
P8,0.05105105105105105,0.0,0.0,0.05105105105105105,0.0,0.0,0.05105105105105105,0.0,0.042042042042042045,0.0,0.0,0.0,0.0,0.021021021021021023,0.05105105105105105,0.0,0.0,0.0,0.04804804804804805,0.04504504504504504,0.0,0.0,0.0,0.018018018018018018,0.0,0.0,0.0,0.0,0.012012012012012012,0.0,0.0,0.0,0.05105105105105105,0.05105105105105105,0.05105105105105105,0.015015015015015015,0.0,0.05105105105105105,0.0,0.0,0.0,0.05105105105105105,0.05105105105105105,0.0,0.03003003003003003,0.0,0.0,0.05105105105105105,0.0,0.05105105105105105,0.021021021021021023,0.0,0.0,0.0,0.03003003003003003,0.0,0.05105105105105105,0.0,0.0,0.04504504504504504,0.009009009009009009,0.0
TP10,0.031198686371100164,0.021346469622331693,0.0180623973727422,0.05090311986863711,0.022988505747126436,0.0,0.042692939244663386,0.0,0.04597701149425287,0.0,0.0016420361247947454,0.0,0.0,0.011494252873563218,0.026272577996715927,0.003284072249589491,0.0,0.0,0.027914614121510674,0.04926108374384237,0.006568144499178982,0.0,0.0,0.008210180623973728,0.0,0.0,0.0,0.008210180623973728,0.031198686371100164,0.0,0.0,0.014778325123152709,0.027914614121510674,0.029556650246305417,0.029556650246305417,0.006568144499178982,0.0,0.03284072249589491,0.0,0.021346469622331693,0.0,0.04433497536945813,0.031198686371100164,0.0,0.041050903119868636,0.0,0.016420361247947456,0.05090311986863711,0.0,0.041050903119868636,0.0361247947454844,0.006568144499178982,0.013136288998357963,0.0049261083743842365,0.041050903119868636,0.0,0.05090311986863711,0.0,0.0,0.04926108374384237,0.003284072249589491,0.0
CP6,0.0,0.016181229773462782,0.05177993527508091,0.006472491909385114,0.014023732470334413,0.012944983818770227,0.0,0.036677454153182305,0.004314994606256742,0.0,0.03559870550161812,0.04422869471413161,0.03344120819848975,0.0,0.0,0.04746494066882417,0.019417475728155338,0.042071197411003236,0.0,0.006472491909385114,0.04962243797195254,0.008629989212513484,0.036677454153182305,0.0010787486515641855,0.017259978425026967,0.036677454153182305,0.020496224379719527,0.04962243797195254,0.007551240560949299,0.0010787486515641855,0.0,0.019417475728155338,0.0,0.0,0.0,0.010787486515641856,0.043149946062567425,0.0,0.006472491909385114,0.015102481121898598,0.038834951456310676,0.0010787486515641855,0.0,0.0,0.008629989212513484,0.022653721682847898,0.018338727076591153,0.006472491909385114,0.019417475728155338,0.0,0.007551240560949299,0.020496224379719527,0.04638619201725998,0.04962243797195254,0.009708737864077669,0.023732470334412083,0.007551240560949299,0.004314994606256742,0.004314994606256742,0.008629989212513484,0.0,0.007551240560949299
CP2,0.0,0.015444015444015444,0.03474903474903475,0.0,0.007722007722007722,0.023166023166023165,0.0,0.03474903474903475,0.0,0.0,0.03474903474903475,0.03474903474903475,0.03474903474903475,0.0,0.0,0.03474903474903475,0.03088803088803089,0.03474903474903475,0.0,0.0,0.03474903474903475,0.03088803088803089,0.03474903474903475,0.003861003861003861,0.03474903474903475,0.03474903474903475,0.03474903474903475,0.03474903474903475,0.0,0.003861003861003861,0.0,0.02702702702702703,0.0,0.0,0.0,0.015444015444015444,0.03474903474903475,0.0,0.023166023166023165,0.011583011583011582,0.03474903474903475,0.0,0.0,0.0,0.0,0.03088803088803089,0.023166023166023165,0.0,0.03474903474903475,0.0,0.0,0.03474903474903475,0.03474903474903475,0.03474903474903475,0.0,0.03474903474903475,0.0,0.015444015444015444,0.015444015444015444,0.0,0.0,0.02702702702702703
Cz,0.0,0.009626955475330927,0.04332129963898917,0.0,0.007220216606498195,0.021660649819494584,0.0,0.04693140794223827,0.0,0.0,0.036101083032490974,0.05054151624548736,0.044524669073405534,0.0,0.0,0.04693140794223827,0.02888086642599278,0.05054151624548736,0.0,0.0,0.044524669073405534,0.009626955475330927,0.048134777376654635,0.006016847172081829,0.019253910950661854,0.048134777376654635,0.027677496991576414,0.0421179302045728,0.0,0.0012033694344163659,0.0,0.013237063778580024,0.0024067388688327317,0.0,0.0036101083032490976,0.019253910950661854,0.048134777376654635,0.0024067388688327317,0.007220216606498195,0.00842358604091456,0.0421179302045728,0.0,0.0,0.0,0.0012033694344163659,0.032490974729241874,0.012033694344163659,0.0,0.019253910950661854,0.0,0.0,0.015643802647412757,0.03730445246690734,0.04693140794223827,0.0024067388688327317,0.03369434416365824,0.0,0.0048134777376654635,0.0048134777376654635,0.0012033694344163659,0.0,0.00842358604091456
C4,0.032,0.0,0.005333333333333333,0.024,0.0,0.032,0.016,0.016,0.005333333333333333,0.0,0.005333333333333333,0.018666666666666668,0.024,0.008,0.037333333333333336,0.010666666666666666,0.021333333333333333,0.024,0.010666666666666666,0.008,0.005333333333333333,0.005333333333333333,0.021333333333333333,0.058666666666666666,0.005333333333333333,0.021333333333333333,0.013333333333333334,0.005333333333333333,0.0,0.0026666666666666666,0.0,0.0,0.050666666666666665,0.032,0.05333333333333334,0.064,0.013333333333333334,0.050666666666666665,0.005333333333333333,0.0,0.005333333333333333,0.029333333333333333,0.04,0.0,0.0,0.029333333333333333,0.0,0.024,0.005333333333333333,0.042666666666666665,0.0,0.005333333333333333,0.005333333333333333,0.010666666666666666,0.0,0.024,0.016,0.005333333333333333,0.005333333333333333,0.008,0.032,0.005333333333333333
T8,0.0,0.011764705882352941,0.04,0.0,0.007058823529411765,0.02588235294117647,0.0,0.04,0.0,0.0,0.03764705882352941,0.04,0.04,0.0,0.0,0.04,0.03529411764705882,0.04,0.0,0.0,0.04,0.018823529411764704,0.04,0.002352941176470588,0.03529411764705882,0.04,0.03764705882352941,0.04,0.0,0.002352941176470588,0.0,0.018823529411764704,0.0,0.0,0.0,0.021176470588235293,0.04,0.0,0.01411764705882353,0.009411764705882352,0.04,0.0,0.0,0.0,0.0,0.03529411764705882,0.01647058823529412,0.0,0.023529411764705882,0.0,0.0,0.023529411764705882,0.03058823529411765,0.04,0.0,0.03764705882352941,0.0,0.009411764705882352,0.009411764705882352,0.0,0.0,0.01647058823529412
FT10,0.0,0.009626955475330927,0.04332129963898917,0.0,0.007220216606498195,0.021660649819494584,0.0,0.04693140794223827,0.0,0.0,0.036101083032490974,0.05054151624548736,0.044524669073405534,0.0,0.0,0.04693140794223827,0.02888086642599278,0.05054151624548736,0.0,0.0,0.044524669073405534,0.009626955475330927,0.048134777376654635,0.006016847172081829,0.019253910950661854,0.048134777376654635,0.027677496991576414,0.0421179302045728,0.0,0.0012033694344163659,0.0,0.013237063778580024,0.0024067388688327317,0.0,0.0036101083032490976,0.019253910950661854,0.048134777376654635,0.0024067388688327317,0.007220216606498195,0.00842358604091456,0.0421179302045728,0.0,0.0,0.0,0.0012033694344163659,0.032490974729241874,0.012033694344163659,0.0,0.019253910950661854,0.0,0.0,0.015643802647412757,0.03730445246690734,0.04693140794223827,0.0024067388688327317,0.03369434416365824,0.0,0.0048134777376654635,0.0048134777376654635,0.0012033694344163659,0.0,0.00842358604091456
FC6,0.0,0.009107468123861567,0.03825136612021858,0.0,0.00546448087431694,0.0273224043715847,0.0,0.04371584699453552,0.0,0.0,0.03460837887067395,0.04371584699453552,0.04371584699453552,0.0,0.0,0.04371584699453552,0.03825136612021858,0.04371584699453552,0.0,0.0,0.04007285974499089,0.014571948998178506,0.04371584699453552,0.0036429872495446266,0.029143897996357013,0.04371584699453552,0.04007285974499089,0.03642987249544627,0.0,0.0018214936247723133,0.0,0.014571948998178506,0.0,0.0,0.0,0.023679417122040074,0.04371584699453552,0.0,0.01092896174863388,0.007285974499089253,0.04007285974499089,0.0,0.0,0.0,0.0,0.04007285974499089,0.012750455373406194,0.0,0.02185792349726776,0.0,0.0,0.018214936247723135,0.029143897996357013,0.04371584699453552,0.0,0.04189435336976321,0.0,0.007285974499089253,0.007285974499089253,0.0,0.0,0.012750455373406194
FC2,0.0,0.017640573318632856,0.05181918412348401,0.007717750826901874,0.015435501653803748,0.011025358324145534,0.0011025358324145535,0.03528114663726571,0.005512679162072767,0.0,0.03638368246968027,0.04299889746416759,0.03197353914002205,0.0,0.0,0.04630650496141125,0.017640573318632856,0.040793825799338476,0.0,0.007717750826901874,0.04851157662624035,0.008820286659316428,0.03528114663726571,0.0011025358324145535,0.015435501653803748,0.03528114663726571,0.018743109151047408,0.04961411245865491,0.008820286659316428,0.0011025358324145535,0.0,0.020948180815876516,0.0,0.0,0.0,0.008820286659316428,0.04189636163175303,0.0,0.006615214994487321,0.016538037486218304,0.037486218302094816,0.002205071664829107,0.0,0.0,0.009922822491730982,0.020948180815876516,0.019845644983461964,0.007717750826901874,0.019845644983461964,0.0,0.008820286659316428,0.020948180815876516,0.04851157662624035,0.04851157662624035,0.011025358324145534,0.022050716648291068,0.008820286659316428,0.004410143329658214,0.004410143329658214,0.009922822491730982,0.0,0.007717750826901874
F4,0.018957345971563982,0.03317535545023697,0.02843601895734597,0.04976303317535545,0.035545023696682464,0.0,0.035545023696682464,0.0,0.045023696682464455,0.0,0.004739336492890996,0.002369668246445498,0.0,0.0,0.011848341232227487,0.0071090047393364926,0.0,0.0,0.014218009478672985,0.04976303317535545,0.011848341232227487,0.0,0.0,0.0,0.0,0.0,0.0,0.014218009478672985,0.04739336492890995,0.0,0.0,0.023696682464454975,0.014218009478672985,0.016587677725118485,0.016587677725118485,0.0,0.002369668246445498,0.02132701421800948,0.0,0.03317535545023697,0.002369668246445498,0.037914691943127965,0.018957345971563982,0.0,0.04976303317535545,0.0,0.026066350710900472,0.04976303317535545,0.002369668246445498,0.03317535545023697,0.04976303317535545,0.011848341232227487,0.02132701421800948,0.009478672985781991,0.04976303317535545,0.0,0.04976303317535545,0.0,0.0,0.04976303317535545,0.0,0.0
F8,0.0,0.0,0.03333333333333333,0.0,0.0,0.03333333333333333,0.0,0.03333333333333333,0.0,0.0,0.03333333333333333,0.03333333333333333,0.03333333333333333,0.0,0.0,0.03333333333333333,0.03333333333333333,0.03333333333333333,0.0,0.0,0.03333333333333333,0.03333333333333333,0.03333333333333333,0.016666666666666666,0.03333333333333333,0.03333333333333333,0.03333333333333333,0.03333333333333333,0.0,0.016666666666666666,0.0,0.0,0.0,0.0,0.0,0.03333333333333333,0.03333333333333333,0.0,0.03333333333333333,0.0,0.03333333333333333,0.0,0.0,0.0,0.0,0.03333333333333333,0.0,0.0,0.03333333333333333,0.0,0.0,0.03333333333333333,0.03333333333333333,0.03333333333333333,0.0,0.03333333333333333,0.0,0.03333333333333333,0.03333333333333333,0.0,0.0,0.03333333333333333
Fp2,0.0,0.0,0.0,0.0,0.0,0.0,0.0,0.0,0.0,0.0,0.0,0.0,0.0,0.0,0.0,0.0,0.0,0.0,0.0,0.0,0.0,0.0,0.0,0.0,0.0,0.0,0.0,0.0,0.0,0.0,0.0,0.0,0.0,0.0,0.0,0.0,0.0,0.0,0.0,0.0,0.0,0.0,0.0,0.0,0.0,0.0,0.0,0.0,0.0,0.0,0.0,0.0,0.0,0.0,0.0,0.0,0.0,0.0,0.0,0.0,0.0,0.0
AF7,0.0,0.039525691699604744,0.043478260869565216,0.021739130434782608,0.03557312252964427,0.005928853754940711,0.009881422924901186,0.019762845849802372,0.017786561264822136,0.0,0.025691699604743084,0.023715415019762844,0.015810276679841896,0.0,0.0,0.02766798418972332,0.009881422924901186,0.019762845849802372,0.0,0.021739130434782608,0.03162055335968379,0.009881422924901186,0.017786561264822136,0.0,0.011857707509881422,0.017786561264822136,0.011857707509881422,0.03359683794466403,0.023715415019762844,0.0,0.0,0.041501976284584984,0.0,0.0,0.0,0.001976284584980237,0.023715415019762844,0.0,0.005928853754940711,0.037549407114624504,0.023715415019762844,0.011857707509881422,0.0,0.0,0.025691699604743084,0.009881422924901186,0.043478260869565216,0.021739130434782608,0.023715415019762844,0.007905138339920948,0.023715415019762844,0.03162055335968379,0.039525691699604744,0.029644268774703556,0.02766798418972332,0.011857707509881422,0.023715415019762844,0.001976284584980237,0.001976284584980237,0.025691699604743084,0.0,0.007905138339920948
AF3,0.03773584905660377,0.0,0.0,0.0440251572327044,0.0,0.012578616352201259,0.02830188679245283,0.0031446540880503146,0.0220125786163522,0.0,0.0,0.0047169811320754715,0.007861635220125786,0.0110062893081761,0.040880503144654086,0.0,0.006289308176100629,0.007861635220125786,0.025157232704402517,0.02358490566037736,0.0,0.0,0.006289308176100629,0.0330188679245283,0.0,0.006289308176100629,0.0015723270440251573,0.0,0.006289308176100629,0.0,0.0,0.0,0.07861635220125786,0.03773584905660377,0.08176100628930817,0.031446540880503145,0.0015723270440251573,0.08018867924528301,0.0,0.0,0.0,0.04716981132075472,0.06132075471698113,0.0,0.015723270440251572,0.0110062893081761,0.0,0.0440251572327044,0.0,0.07547169811320754,0.0110062893081761,0.0,0.0,0.0,0.015723270440251572,0.007861635220125786,0.02830188679245283,0.0,0.0,0.02358490566037736,0.018867924528301886,0.0
AFz,0.05482456140350877,0.0,0.0,0.04824561403508772,0.0,0.0021929824561403508,0.041666666666666664,0.0,0.03289473684210526,0.0,0.0,0.0,0.0,0.015350877192982455,0.05482456140350877,0.0,0.0,0.0,0.03728070175438596,0.03508771929824561,0.0,0.0,0.0,0.03070175438596491,0.0,0.0,0.0,0.0,0.010964912280701754,0.0,0.0,0.0,0.05701754385964912,0.05482456140350877,0.05701754385964912,0.02850877192982456,0.0,0.05701754385964912,0.0,0.0,0.0,0.05263157894736842,0.05701754385964912,0.0,0.02412280701754386,0.0,0.0,0.04824561403508772,0.0,0.05701754385964912,0.017543859649122806,0.0,0.0,0.0,0.02412280701754386,0.0,0.041666666666666664,0.0,0.0,0.03508771929824561,0.02412280701754386,0.0
F1,0.035868005738880916,0.0,0.0,0.04591104734576758,0.0,0.01291248206599713,0.027259684361549498,0.00430416068866571,0.021520803443328552,0.0,0.0,0.005738880918220947,0.00860832137733142,0.010043041606886656,0.03730272596843615,0.0014347202295552368,0.007173601147776184,0.00860832137733142,0.024390243902439025,0.02295552367288379,0.0,0.0,0.007173601147776184,0.03156384505021521,0.0,0.007173601147776184,0.0028694404591104736,0.0,0.007173601147776184,0.0,0.0,0.0,0.0746054519368723,0.035868005738880916,0.08321377331420372,0.03012912482065997,0.0028694404591104736,0.08321377331420372,0.0,0.0,0.0,0.04878048780487805,0.058823529411764705,0.0,0.015781922525107604,0.011477761836441894,0.0,0.04591104734576758,0.0,0.0746054519368723,0.011477761836441894,0.0,0.0,0.0014347202295552368,0.015781922525107604,0.00860832137733142,0.027259684361549498,0.0,0.0,0.02295552367288379,0.01721664275466284,0.0
F5,0.01818181818181818,0.0,0.019834710743801654,0.013223140495867768,0.0,0.03636363636363636,0.008264462809917356,0.02809917355371901,0.001652892561983471,0.0,0.01652892561983471,0.02975206611570248,0.03305785123966942,0.003305785123966942,0.021487603305785124,0.024793388429752067,0.03140495867768595,0.03305785123966942,0.0049586776859504135,0.003305785123966942,0.021487603305785124,0.008264462809917356,0.03140495867768595,0.03471074380165289,0.019834710743801654,0.03140495867768595,0.026446280991735537,0.01818181818181818,0.0,0.001652892561983471,0.0,0.0049586776859504135,0.02975206611570248,0.01818181818181818,0.03140495867768595,0.05289256198347107,0.026446280991735537,0.02975206611570248,0.008264462809917356,0.0,0.021487603305785124,0.01652892561983471,0.023140495867768594,0.0,0.0,0.03636363636363636,0.003305785123966942,0.013223140495867768,0.008264462809917356,0.024793388429752067,0.0,0.008264462809917356,0.011570247933884297,0.024793388429752067,0.0,0.03305785123966942,0.008264462809917356,0.006611570247933884,0.006611570247933884,0.003305785123966942,0.019834710743801654,0.008264462809917356
FT7,0.0,0.012443438914027148,0.04751131221719457,0.0022624434389140274,0.010180995475113122,0.016968325791855202,0.0,0.0418552036199095,0.0,0.0,0.03733031674208145,0.049773755656108594,0.038461538461538464,0.0,0.0,0.05090497737556561,0.023755656108597284,0.04751131221719457,0.0,0.0022624434389140274,0.048642533936651584,0.00904977375565611,0.0418552036199095,0.0022624434389140274,0.01809954751131222,0.0418552036199095,0.024886877828054297,0.04638009049773756,0.003393665158371041,0.0011312217194570137,0.0,0.01583710407239819,0.0,0.0,0.0,0.014705882352941176,0.048642533936651584,0.0,0.006787330316742082,0.011312217194570135,0.0418552036199095,0.0,0.0,0.0,0.004524886877828055,0.027149321266968326,0.014705882352941176,0.0022624434389140274,0.020361990950226245,0.0,0.003393665158371041,0.01809954751131222,0.0418552036199095,0.05090497737556561,0.005656108597285068,0.02828054298642534,0.003393665158371041,0.004524886877828055,0.004524886877828055,0.004524886877828055,0.0,0.007918552036199095
FC3,0.03515625,0.0013020833333333333,0.0,0.049479166666666664,0.0026041666666666665,0.010416666666666666,0.02734375,0.0026041666666666665,0.022135416666666668,0.0,0.0,0.00390625,0.006510416666666667,0.009114583333333334,0.033854166666666664,0.0,0.005208333333333333,0.006510416666666667,0.022135416666666668,0.0234375,0.0,0.0,0.005208333333333333,0.02734375,0.0,0.005208333333333333,0.0013020833333333333,0.0,0.009114583333333334,0.0,0.0,0.0,0.06770833333333333,0.033854166666666664,0.078125,0.026041666666666668,0.0013020833333333333,0.10677083333333333,0.0,0.0013020833333333333,0.0,0.048177083333333336,0.055989583333333336,0.0,0.016927083333333332,0.009114583333333334,0.0,0.049479166666666664,0.0,0.09244791666666667,0.013020833333333334,0.0,0.0,0.0,0.016927083333333332,0.006510416666666667,0.02734375,0.0,0.0,0.0234375,0.015625,0.0
C1,0.0,0.009708737864077669,0.03398058252427184,0.0,0.0,0.02912621359223301,0.0,0.03398058252427184,0.0,0.0,0.03398058252427184,0.03398058252427184,0.03398058252427184,0.0,0.0,0.03398058252427184,0.03398058252427184,0.03398058252427184,0.0,0.0,0.03398058252427184,0.03398058252427184,0.03398058252427184,0.0048543689320388345,0.03398058252427184,0.03398058252427184,0.03398058252427184,0.03398058252427184,0.0,0.0048543689320388345,0.0,0.024271844660194174,0.0,0.0,0.0,0.019417475728155338,0.03398058252427184,0.0,0.02912621359223301,0.0048543689320388345,0.03398058252427184,0.0,0.0,0.0,0.0,0.03398058252427184,0.019417475728155338,0.0,0.03398058252427184,0.0,0.0,0.03398058252427184,0.03398058252427184,0.03398058252427184,0.0,0.03398058252427184,0.0,0.019417475728155338,0.019417475728155338,0.0,0.0,0.03398058252427184
C5,0.004329004329004329,0.045454545454545456,0.04112554112554113,0.032467532467532464,0.047619047619047616,0.0,0.01948051948051948,0.012987012987012988,0.02813852813852814,0.0,0.01948051948051948,0.017316017316017316,0.008658008658008658,0.0,0.0,0.021645021645021644,0.0021645021645021645,0.012987012987012988,0.0,0.032467532467532464,0.025974025974025976,0.0021645021645021645,0.010822510822510822,0.0,0.004329004329004329,0.010822510822510822,0.004329004329004329,0.02813852813852814,0.03463203463203463,0.0,0.0,0.0367965367965368,0.0,0.0021645021645021645,0.0021645021645021645,0.0,0.017316017316017316,0.006493506493506494,0.0,0.045454545454545456,0.017316017316017316,0.021645021645021644,0.004329004329004329,0.0,0.0367965367965368,0.0021645021645021645,0.03896103896103896,0.032467532467532464,0.017316017316017316,0.017316017316017316,0.03463203463203463,0.025974025974025976,0.03463203463203463,0.023809523809523808,0.03896103896103896,0.004329004329004329,0.03463203463203463,0.0,0.0,0.0367965367965368,0.0,0.0
TP7,0.0,0.01373283395755306,0.04744069912609238,0.0024968789013732834,0.011235955056179775,0.0149812734082397,0.0,0.04244694132334582,0.0,0.0,0.04119850187265917,0.046192259675405745,0.03870162297128589,0.0,0.0,0.04744069912609238,0.02247191011235955,0.04369538077403246,0.0,0.0024968789013732834,0.04744069912609238,0.009987515605493134,0.04244694132334582,0.0012484394506866417,0.019975031210986267,0.04244694132334582,0.02372034956304619,0.046192259675405745,0.003745318352059925,0.0012484394506866417,0.0,0.017478152309612985,0.0,0.0,0.0,0.012484394506866416,0.046192259675405745,0.0,0.00749063670411985,0.012484394506866416,0.0449438202247191,0.0,0.0,0.0,0.004993757802746567,0.026217228464419477,0.016229712858926344,0.0024968789013732834,0.02247191011235955,0.0,0.003745318352059925,0.019975031210986267,0.04119850187265917,0.04744069912609238,0.006242197253433208,0.02746566791510612,0.003745318352059925,0.004993757802746567,0.004993757802746567,0.004993757802746567,0.0,0.008739076154806492
CP3,0.03884892086330935,0.011510791366906475,0.008633093525179856,0.058992805755395686,0.012949640287769784,0.0,0.04028776978417266,0.0,0.034532374100719423,0.0,0.0,0.0,0.0,0.010071942446043165,0.034532374100719423,0.0,0.0,0.0,0.02446043165467626,0.03597122302158273,0.0,0.0,0.0,0.01870503597122302,0.0,0.0,0.0,0.0,0.02014388489208633,0.0,0.0,0.0057553956834532375,0.04892086330935252,0.03741007194244604,0.053237410071942444,0.017266187050359712,0.0,0.05611510791366906,0.0,0.011510791366906475,0.0,0.0618705035971223,0.051798561151079135,0.0,0.02877697841726619,0.0,0.007194244604316547,0.058992805755395686,0.0,0.06330935251798561,0.02446043165467626,0.0,0.004316546762589928,0.0,0.02877697841726619,0.0,0.04028776978417266,0.0,0.0,0.03597122302158273,0.014388489208633094,0.0
P1,0.043993231810490696,0.0,0.0,0.050761421319796954,0.001692047377326565,0.00676818950930626,0.0338409475465313,0.0,0.02707275803722504,0.0,0.0,0.0,0.001692047377326565,0.011844331641285956,0.043993231810490696,0.0,0.0,0.001692047377326565,0.028764805414551606,0.028764805414551606,0.0,0.0,0.0,0.028764805414551606,0.0,0.0,0.0,0.0,0.01015228426395939,0.0,0.0,0.0,0.07106598984771574,0.043993231810490696,0.0727580372250423,0.02707275803722504,0.0,0.0727580372250423,0.0,0.0,0.0,0.05414551607445008,0.06937394247038917,0.0,0.02030456852791878,0.005076142131979695,0.0,0.050761421319796954,0.0,0.0727580372250423,0.015228426395939087,0.0,0.0,0.0,0.02030456852791878,0.001692047377326565,0.0338409475465313,0.0,0.0,0.028764805414551606,0.02030456852791878,0.0
PO7,0.0,0.0,0.0,0.0,0.0,0.0,0.0,0.0,0.0,0.0,0.0,0.0,0.0,0.0,0.0,0.0,0.0,0.0,0.0,0.0,0.0,0.0,0.0,0.0,0.0,0.0,0.0,0.0,0.0,0.0,0.0,0.0,0.0,0.0,0.0,0.0,0.0,0.0,0.0,0.0,0.0,0.0,0.0,0.0,0.0,0.0,0.0,0.0,0.0,0.0,0.0,0.0,0.0,0.0,0.0,0.0,0.0,0.0,0.0,0.0,0.0,0.0
PO3,0.02491103202846975,0.026690391459074734,0.023131672597864767,0.04804270462633452,0.028469750889679714,0.0,0.037366548042704624,0.0,0.04448398576512456,0.0,0.005338078291814947,0.0035587188612099642,0.0,0.005338078291814947,0.019572953736654804,0.0071174377224199285,0.0,0.0,0.021352313167259787,0.04804270462633452,0.010676156583629894,0.0,0.0,0.0,0.0,0.0,0.0,0.012455516014234875,0.037366548042704624,0.0,0.0,0.019572953736654804,0.021352313167259787,0.023131672597864767,0.023131672597864767,0.0,0.0035587188612099642,0.026690391459074734,0.0,0.026690391459074734,0.0035587188612099642,0.03914590747330961,0.02491103202846975,0.0,0.04804270462633452,0.0,0.021352313167259787,0.04804270462633452,0.0035587188612099642,0.03558718861209965,0.042704626334519574,0.010676156583629894,0.017793594306049824,0.008896797153024912,0.04804270462633452,0.0,0.0498220640569395,0.0,0.0,0.0498220640569395,0.0,0.0
POz,0.0,0.0061162079510703364,0.035168195718654434,0.0,0.0030581039755351682,0.03211009174311927,0.0,0.04281345565749235,0.0,0.0,0.03211009174311927,0.04434250764525994,0.047400611620795105,0.0,0.0,0.039755351681957186,0.0382262996941896,0.047400611620795105,0.0,0.0,0.03669724770642202,0.012232415902140673,0.045871559633027525,0.012232415902140673,0.024464831804281346,0.045871559633027525,0.035168195718654434,0.03363914373088685,0.0,0.0015290519877675841,0.0,0.010703363914373088,0.00764525993883792,0.0,0.009174311926605505,0.0290519877675841,0.04128440366972477,0.00764525993883792,0.009174311926605505,0.0045871559633027525,0.03669724770642202,0.0,0.0015290519877675841,0.0,0.0,0.045871559633027525,0.009174311926605505,0.0,0.01834862385321101,0.0030581039755351682,0.0,0.013761467889908258,0.027522935779816515,0.039755351681957186,0.0,0.045871559633027525,0.0,0.0061162079510703364,0.0061162079510703364,0.0,0.0,0.010703363914373088
PO4,0.0,0.042682926829268296,0.044715447154471545,0.024390243902439025,0.03861788617886179,0.0040650406504065045,0.012195121951219513,0.018292682926829267,0.02032520325203252,0.0,0.024390243902439025,0.022357723577235773,0.014227642276422764,0.0,0.0,0.026422764227642278,0.008130081300813009,0.018292682926829267,0.0,0.024390243902439025,0.03048780487804878,0.008130081300813009,0.016260162601626018,0.0,0.01016260162601626,0.016260162601626018,0.01016260162601626,0.032520325203252036,0.026422764227642278,0.0,0.0,0.04065040650406504,0.0,0.0,0.0,0.0,0.022357723577235773,0.0,0.0040650406504065045,0.04065040650406504,0.022357723577235773,0.014227642276422764,0.0,0.0,0.028455284552845527,0.008130081300813009,0.042682926829268296,0.024390243902439025,0.022357723577235773,0.01016260162601626,0.026422764227642278,0.03048780487804878,0.03861788617886179,0.028455284552845527,0.03048780487804878,0.01016260162601626,0.026422764227642278,0.0,0.0,0.028455284552845527,0.0,0.006097560975609756
PO8,0.031486146095717885,0.0163727959697733,0.013853904282115869,0.06297229219143577,0.017632241813602016,0.0,0.03526448362720403,0.0,0.03526448362720403,0.0,0.0012594458438287153,0.0,0.0,0.008816120906801008,0.027707808564231738,0.0025188916876574307,0.0,0.0,0.021410579345088162,0.037783375314861464,0.005037783375314861,0.0,0.0,0.013853904282115869,0.0,0.0,0.0,0.006297229219143577,0.02392947103274559,0.0,0.0,0.011335012594458438,0.04030226700251889,0.030226700251889168,0.04534005037783375,0.012594458438287154,0.0,0.05163727959697733,0.0,0.0163727959697733,0.0,0.055415617128463476,0.042821158690176324,0.0,0.031486146095717885,0.0,0.012594458438287154,0.06297229219143577,0.0,0.05793450881612091,0.027707808564231738,0.005037783375314861,0.010075566750629723,0.003778337531486146,0.031486146095717885,0.0,0.041561712846347604,0.0,0.0,0.037783375314861464,0.010075566750629723,0.0
P6,0.0,0.02335456475583864,0.040339702760084924,0.004246284501061571,0.01910828025477707,0.012738853503184714,0.0,0.03397027600849257,0.0,0.0,0.040339702760084924,0.03821656050955414,0.029723991507430998,0.0,0.0,0.040339702760084924,0.016985138004246284,0.03397027600849257,0.0,0.004246284501061571,0.040339702760084924,0.016985138004246284,0.03184713375796178,0.0021231422505307855,0.01910828025477707,0.03184713375796178,0.01910828025477707,0.040339702760084924,0.006369426751592357,0.0021231422505307855,0.0,0.029723991507430998,0.0,0.0,0.0,0.008492569002123142,0.03821656050955414,0.0,0.012738853503184714,0.021231422505307854,0.03821656050955414,0.0,0.0,0.0,0.008492569002123142,0.02335456475583864,0.027600849256900213,0.004246284501061571,0.036093418259023353,0.0,0.006369426751592357,0.03397027600849257,0.040339702760084924,0.040339702760084924,0.010615711252653927,0.025477707006369428,0.006369426751592357,0.008492569002123142,0.008492569002123142,0.008492569002123142,0.0,0.014861995753715499
P2,0.03296703296703297,0.007326007326007326,0.004884004884004884,0.054945054945054944,0.008547008547008548,0.006105006105006105,0.031746031746031744,0.0,0.026862026862026864,0.0,0.0,0.0,0.002442002442002442,0.008547008547008548,0.031746031746031744,0.0,0.001221001221001221,0.002442002442002442,0.020757020757020756,0.028083028083028084,0.0,0.0,0.001221001221001221,0.02197802197802198,0.0,0.001221001221001221,0.0,0.0,0.014652014652014652,0.0,0.0,0.002442002442002442,0.06105006105006105,0.031746031746031744,0.06837606837606838,0.020757020757020756,0.0,0.09401709401709402,0.0,0.007326007326007326,0.0,0.05128205128205128,0.052503052503052504,0.0,0.02197802197802198,0.004884004884004884,0.003663003663003663,0.05372405372405373,0.0,0.10012210012210013,0.018315018315018316,0.0,0.001221001221001221,0.0,0.02197802197802198,0.002442002442002442,0.031746031746031744,0.0,0.0,0.028083028083028084,0.014652014652014652,0.0
CPz,0.02286902286902287,0.029106029106029108,0.02494802494802495,0.0498960498960499,0.031185031185031187,0.0,0.037422037422037424,0.0,0.04573804573804574,0.0,0.004158004158004158,0.002079002079002079,0.0,0.0,0.016632016632016633,0.006237006237006237,0.0,0.0,0.018711018711018712,0.0498960498960499,0.010395010395010396,0.0,0.0,0.0,0.0,0.0,0.0,0.012474012474012475,0.04158004158004158,0.0,0.0,0.02079002079002079,0.018711018711018712,0.02079002079002079,0.02079002079002079,0.0,0.002079002079002079,0.02494802494802495,0.0,0.029106029106029108,0.002079002079002079,0.0395010395010395,0.02286902286902287,0.0,0.0498960498960499,0.0,0.02286902286902287,0.0498960498960499,0.002079002079002079,0.035343035343035345,0.04781704781704782,0.010395010395010396,0.018711018711018712,0.008316008316008316,0.0498960498960499,0.0,0.0498960498960499,0.0,0.0,0.0498960498960499,0.0,0.0
CP4,0.0,0.031982942430703626,0.04051172707889126,0.01279317697228145,0.02771855010660981,0.010660980810234541,0.0,0.0255863539445629,0.008528784648187633,0.0,0.031982942430703626,0.029850746268656716,0.021321961620469083,0.0,0.0,0.03411513859275053,0.014925373134328358,0.0255863539445629,0.0,0.01279317697228145,0.03837953091684435,0.014925373134328358,0.023454157782515993,0.0,0.017057569296375266,0.023454157782515993,0.017057569296375266,0.04051172707889126,0.014925373134328358,0.0,0.0,0.03837953091684435,0.0,0.0,0.0,0.006396588486140725,0.029850746268656716,0.0,0.010660980810234541,0.029850746268656716,0.029850746268656716,0.0021321961620469083,0.0,0.0,0.017057569296375266,0.014925373134328358,0.03624733475479744,0.01279317697228145,0.029850746268656716,0.0,0.014925373134328358,0.03837953091684435,0.04051172707889126,0.03624733475479744,0.019189765458422176,0.017057569296375266,0.014925373134328358,0.006396588486140725,0.006396588486140725,0.017057569296375266,0.0,0.01279317697228145
TP8,0.0,0.021517553793884484,0.053227633069082674,0.011325028312570781,0.01925254813137033,0.006795016987542469,0.004530011325028313,0.031710079275198186,0.009060022650056626,0.0,0.03284258210645526,0.039637599093997736,0.028312570781426953,0.0,0.0,0.04303510758776897,0.013590033975084938,0.03737259343148358,0.0,0.011325028312570781,0.045300113250283124,0.009060022650056626,0.031710079275198186,0.0011325028312570782,0.011325028312570781,0.031710079275198186,0.014722536806342015,0.0464326160815402,0.01245753114382786,0.0011325028312570782,0.0,0.02491506228765572,0.0,0.0,0.0,0.004530011325028313,0.03850509626274066,0.0,0.006795016987542469,0.020385050962627407,0.03397508493771234,0.0056625141562853904,0.0,0.0,0.013590033975084938,0.01698754246885617,0.02378255945639864,0.011325028312570781,0.020385050962627407,0.0033975084937712344,0.01245753114382786,0.021517553793884484,0.05096262740656852,0.0464326160815402,0.014722536806342015,0.01812004530011325,0.01245753114382786,0.004530011325028313,0.004530011325028313,0.013590033975084938,0.0,0.007927519818799546
C6,0.0,0.014314928425357873,0.05930470347648262,0.005112474437627812,0.012269938650306749,0.014314928425357873,0.0,0.03680981595092025,0.003067484662576687,0.0,0.03374233128834356,0.053169734151329244,0.03374233128834356,0.0,0.0,0.04703476482617587,0.02044989775051125,0.05112474437627812,0.0,0.005112474437627812,0.04805725971370143,0.0081799591002045,0.03680981595092025,0.0010224948875255625,0.016359918200409,0.03680981595092025,0.02147239263803681,0.046012269938650305,0.006134969325153374,0.0010224948875255625,0.0,0.017382413087934562,0.0,0.0,0.0,0.012269938650306749,0.04294478527607362,0.0,0.006134969325153374,0.013292433537832311,0.03783231083844581,0.0,0.0,0.0,0.007157464212678937,0.023517382413087935,0.016359918200409,0.005112474437627812,0.018404907975460124,0.0,0.006134969325153374,0.019427402862985686,0.04294478527607362,0.05828220858895705,0.0081799591002045,0.024539877300613498,0.006134969325153374,0.00408997955010225,0.00408997955010225,0.007157464212678937,0.0,0.007157464212678937
C2,0.023972602739726026,0.0273972602739726,0.023972602739726026,0.046232876712328765,0.02910958904109589,0.0,0.03595890410958904,0.0017123287671232876,0.04280821917808219,0.0,0.00684931506849315,0.005136986301369863,0.0,0.005136986301369863,0.018835616438356163,0.008561643835616438,0.0,0.0017123287671232876,0.02054794520547945,0.046232876712328765,0.011986301369863013,0.0,0.0,0.0,0.0,0.0,0.0,0.0136986301369863,0.03595890410958904,0.0,0.0,0.02054794520547945,0.02054794520547945,0.02226027397260274,0.02226027397260274,0.0,0.005136986301369863,0.025684931506849314,0.0,0.0273972602739726,0.005136986301369863,0.03767123287671233,0.023972602739726026,0.0,0.04794520547945205,0.0,0.02226027397260274,0.046232876712328765,0.005136986301369863,0.03424657534246575,0.0410958904109589,0.011986301369863013,0.018835616438356163,0.010273972602739725,0.04794520547945205,0.0,0.04794520547945205,0.0,0.0,0.04965753424657534,0.0,0.0
FC4,0.0,0.007621951219512195,0.036585365853658534,0.0,0.004573170731707317,0.028963414634146343,0.0,0.04420731707317073,0.0,0.0,0.03353658536585366,0.04573170731707317,0.04725609756097561,0.0,0.0,0.041158536585365856,0.038109756097560975,0.04725609756097561,0.0,0.0,0.038109756097560975,0.012195121951219513,0.04725609756097561,0.009146341463414634,0.024390243902439025,0.04725609756097561,0.0350609756097561,0.0350609756097561,0.0,0.001524390243902439,0.0,0.012195121951219513,0.004573170731707317,0.0,0.006097560975609756,0.025914634146341462,0.042682926829268296,0.004573170731707317,0.009146341463414634,0.006097560975609756,0.038109756097560975,0.0,0.0,0.0,0.0,0.042682926829268296,0.010670731707317074,0.0,0.019817073170731708,0.0,0.0,0.01524390243902439,0.028963414634146343,0.041158536585365856,0.0,0.04420731707317073,0.0,0.006097560975609756,0.006097560975609756,0.0,0.0,0.010670731707317074
FT8,0.032305433186490456,0.020558002936857563,0.01762114537444934,0.0513950073421439,0.022026431718061675,0.0,0.041116005873715125,0.0,0.041116005873715125,0.0,0.002936857562408223,0.0014684287812041115,0.0,0.010279001468428781,0.027900146842878122,0.004405286343612335,0.0,0.0,0.024963289280469897,0.04552129221732746,0.007342143906020558,0.0,0.0,0.011747430249632892,0.0,0.0,0.0,0.00881057268722467,0.02936857562408223,0.0,0.0,0.014684287812041116,0.02936857562408223,0.030837004405286344,0.030837004405286344,0.010279001468428781,0.0014684287812041115,0.033773861967694566,0.0,0.020558002936857563,0.0014684287812041115,0.04405286343612335,0.032305433186490456,0.0,0.0381791483113069,0.0,0.016152716593245228,0.0513950073421439,0.0014684287812041115,0.041116005873715125,0.033773861967694566,0.007342143906020558,0.013215859030837005,0.005873715124816446,0.0381791483113069,0.0,0.049926578560939794,0.0,0.0,0.04552129221732746,0.007342143906020558,0.0
F6,0.0,0.0,0.03355704697986577,0.0,0.0,0.03355704697986577,0.0,0.03355704697986577,0.0,0.0,0.03355704697986577,0.03355704697986577,0.03355704697986577,0.0,0.0,0.03355704697986577,0.03355704697986577,0.03355704697986577,0.0,0.0,0.03355704697986577,0.03355704697986577,0.03355704697986577,0.006711409395973154,0.03355704697986577,0.03355704697986577,0.03355704697986577,0.03355704697986577,0.0,0.006711409395973154,0.0,0.020134228187919462,0.0,0.0,0.0,0.026845637583892617,0.03355704697986577,0.0,0.03355704697986577,0.0,0.03355704697986577,0.0,0.0,0.0,0.0,0.03355704697986577,0.013422818791946308,0.0,0.03355704697986577,0.0,0.0,0.03355704697986577,0.03355704697986577,0.03355704697986577,0.0,0.03355704697986577,0.0,0.026845637583892617,0.026845637583892617,0.0,0.0,0.03355704697986577
AF8,0.0,0.0,0.03355704697986577,0.0,0.0,0.03355704697986577,0.0,0.03355704697986577,0.0,0.0,0.03355704697986577,0.03355704697986577,0.03355704697986577,0.0,0.0,0.03355704697986577,0.03355704697986577,0.03355704697986577,0.0,0.0,0.03355704697986577,0.03355704697986577,0.03355704697986577,0.006711409395973154,0.03355704697986577,0.03355704697986577,0.03355704697986577,0.03355704697986577,0.0,0.006711409395973154,0.0,0.020134228187919462,0.0,0.0,0.0,0.026845637583892617,0.03355704697986577,0.0,0.03355704697986577,0.0,0.03355704697986577,0.0,0.0,0.0,0.0,0.03355704697986577,0.013422818791946308,0.0,0.03355704697986577,0.0,0.0,0.03355704697986577,0.03355704697986577,0.03355704697986577,0.0,0.03355704697986577,0.0,0.026845637583892617,0.026845637583892617,0.0,0.0,0.03355704697986577
AF4,0.028875379939209727,0.022796352583586626,0.019756838905775075,0.0486322188449848,0.0243161094224924,0.0,0.03951367781155015,0.0,0.0425531914893617,0.0,0.004559270516717325,0.00303951367781155,0.0,0.010638297872340425,0.0243161094224924,0.0060790273556231,0.0,0.0,0.025835866261398176,0.04711246200607903,0.00911854103343465,0.0,0.0,0.007598784194528876,0.0,0.0,0.0,0.010638297872340425,0.031914893617021274,0.0,0.0,0.016717325227963525,0.025835866261398176,0.02735562310030395,0.02735562310030395,0.0060790273556231,0.00303951367781155,0.030395136778115502,0.0,0.022796352583586626,0.00303951367781155,0.041033434650455926,0.028875379939209727,0.0,0.041033434650455926,0.0,0.0182370820668693,0.0486322188449848,0.00303951367781155,0.037993920972644375,0.0364741641337386,0.00911854103343465,0.015197568389057751,0.007598784194528876,0.041033434650455926,0.0,0.05015197568389058,0.0,0.0,0.0486322188449848,0.00303951367781155,0.0
F2,0.057692307692307696,0.0,0.0,0.038461538461538464,0.0,0.019230769230769232,0.019230769230769232,0.0,0.0,0.0,0.0,0.0,0.0,0.0,0.07051282051282051,0.0,0.0,0.0,0.00641025641025641,0.0,0.0,0.0,0.0,0.07692307692307693,0.0,0.0,0.0,0.0,0.0,0.0,0.0,0.0,0.07692307692307693,0.057692307692307696,0.07692307692307693,0.07692307692307693,0.0,0.07692307692307693,0.0,0.0,0.0,0.05128205128205128,0.07692307692307693,0.0,0.0,0.01282051282051282,0.0,0.038461538461538464,0.0,0.07692307692307693,0.0,0.0,0.0,0.0,0.0,0.0,0.019230769230769232,0.0,0.0,0.0,0.07051282051282051,0.0
FCz,0.0,0.01282051282051282,0.03418803418803419,0.0,0.004273504273504274,0.02564102564102564,0.0,0.03418803418803419,0.0,0.0,0.03418803418803419,0.03418803418803419,0.03418803418803419,0.0,0.0,0.03418803418803419,0.03418803418803419,0.03418803418803419,0.0,0.0,0.03418803418803419,0.03418803418803419,0.03418803418803419,0.004273504273504274,0.03418803418803419,0.03418803418803419,0.03418803418803419,0.03418803418803419,0.0,0.004273504273504274,0.0,0.02564102564102564,0.0,0.0,0.0,0.017094017094017096,0.03418803418803419,0.0,0.02564102564102564,0.008547008547008548,0.03418803418803419,0.0,0.0,0.0,0.0,0.03418803418803419,0.021367521367521368,0.0,0.03418803418803419,0.0,0.0,0.03418803418803419,0.03418803418803419,0.03418803418803419,0.0,0.03418803418803419,0.0,0.017094017094017096,0.017094017094017096,0.0,0.0,0.029914529914529916
