,bankssts-lh,bankssts-rh,caudalanteriorcingulate-lh,caudalanteriorcingulate-rh,caudalmiddlefrontal-lh,caudalmiddlefrontal-rh,cuneus-lh,cuneus-rh,entorhinal-lh,entorhinal-rh,frontalpole-lh,frontalpole-rh,fusiform-lh,fusiform-rh,inferiorparietal-lh,inferiorparietal-rh,inferiortemporal-lh,inferiortemporal-rh,insula-lh,insula-rh,isthmuscingulate-lh,isthmuscingulate-rh,lateraloccipital-lh,lateraloccipital-rh,lateralorbitofrontal-lh,lateralorbitofrontal-rh,lingual-lh,lingual-rh,medialorbitofrontal-lh,medialorbitofrontal-rh,middletemporal-lh,middletemporal-rh,paracentral-lh,paracentral-rh,parahippocampal-lh,parahippocampal-rh,parsopercularis-lh,parsopercularis-rh,parsorbitalis-lh,parsorbitalis-rh,parstriangularis-lh,parstriangularis-rh,pericalcarine-lh,pericalcarine-rh,postcentral-lh,postcentral-rh,posteriorcingulate-lh,posteriorcingulate-rh,precentral-lh,precentral-rh,precuneus-lh,precuneus-rh,rostralanteriorcingulate-lh,rostralanteriorcingulate-rh,rostralmiddlefrontal-lh,rostralmiddlefrontal-rh,superiorfrontal-lh,superiorfrontal-rh,superiorparietal-lh,superiorparietal-rh,superiortemporal-lh,superiortemporal-rh,supramarginal-lh,supramarginal-rh,temporalpole-lh,temporalpole-rh,transversetemporal-lh,transversetemporal-rh
bankssts-lh,0.09139879035146271,-0.00471001362584851,-0.03529903238721172,-0.006564022518227964,-0.04350235178388722,-0.009531756919129336,0.0033117023508524835,-0.022200766207700718,-0.08042089052140883,0.00731667875493571,-0.016788350114131188,0.017941712199676527,0.014299379398360493,0.03380513531141519,0.00896609696278239,-0.02945308577606578,0.02640037588247145,0.005453258846192635,0.07935259509526982,0.02021449960696208,-0.03216630646837539,-0.054814717886955244,0.0047526530437297316,0.02742485227166367,-0.010201138685513096,-0.043556800376321744,-0.002140338838446224,-0.010857084715552514,-0.009057951244539593,-0.014434114695501061,0.05658797980530684,-0.004110457468952549,0.01819471984997999,0.02626643526206588,0.001977798405481486,0.008210780042899015,0.029834022481181516,0.03371279589972261,-0.026193980070652132,-0.08735726148710773,0.012848553943600025,-0.0457525716326802,-0.038820322300473505,-0.017590160133456302,0.014303779089010473,-0.006393361219806575,-0.009905111219713374,0.014493832593919592,0.0016727146308123777,0.016322146479845447,0.017885311727468992,-0.037494803643570176,-0.01341129591662664,-0.010819057233217206,-0.018865488494494587,0.0,-0.004927981304607157,-0.014875076708799291,0.03345610316169282,-0.02115073922540122,0.12113416141029189,-0.028132378308677142,0.07885937020072628,0.002472500207811636,-0.036195982385852636,-0.04163503542475207,0.040813537472574005,0.019645514203490786
bankssts-rh,-0.0188409014515716,-0.13777196035238,0.022991743544608735,0.01066453308519874,-0.01178361522232494,0.03785427399566896,0.011649240844036908,-0.03579753137066974,0.03139038318879608,0.07250200361906284,-0.027328699586045894,0.007505414060189729,-0.005538787083038511,0.0012654394269388427,-0.06448687900855944,-0.027998554775801047,0.011244962436296187,-0.0059288280609605115,0.006389599338835836,0.0714063308921306,0.008248491004326106,-0.002075151902265422,0.0005617583559565813,-0.008024651023893003,0.018595113900158288,0.025506052334613692,0.016870682301166354,-0.021809212368656607,0.04771160530799079,0.0008537731674263687,-0.060663023515063925,-0.05257521231086466,-0.06075529743649537,-0.06165502142233605,0.0015914136597417572,0.021155602423098618,-0.009024675679206114,0.011034146672954725,-0.011296961591145191,0.01199981229050354,0.024409779145261927,0.034532991754374805,-0.06041352047183658,-0.04709930007918371,-0.03367623662911435,-0.05305129974851058,0.03388138822676196,0.036164595759932534,-0.03786291095912987,0.01016137775290578,-0.027707378965282758,0.06869106740642689,-0.012574965803735396,0.0063924648092541884,-0.006457010831370457,0.07768352393912421,0.019416055701507794,-0.001517408917086728,0.03678583244121626,0.08006120396153653,-0.027159267731475718,0.029058196892460284,0.012793692693395935,-0.04162820855018471,0.0397583431153106,0.0342528342737425,-0.004603889133499945,-0.015929361741223634
caudalanteriorcingulate-lh,-0.030602979071496,0.0469490279165613,0.34485074356709705,0.12357426304786795,-0.036850183551477504,0.02432568736304672,0.0034754766542638197,-0.0013432336331915715,-0.03033337127606932,-0.02102035925770242,-0.05399819235407983,-0.020083087875051867,-0.0054094928730271845,0.01984041277401476,-0.025515997503631174,-0.04452488812660214,-0.04037966519748595,0.0194467122213449,0.05666063674540683,-0.028366081172352276,0.051274913996554546,0.010515290792430297,-0.07113396936740703,0.0031522232720418543,-0.03978796656615219,-0.037515167799303535,-0.031394913753253845,0.06250323629969451,-0.09609853368882203,-0.07971278264736935,0.0650160420817252,0.005150500208747126,-0.00999252778519517,-0.003384403001765686,-0.029899317363819435,0.10444849473824647,-0.029467003175490225,-0.014267498520701215,-0.04166030691350895,-0.006708877228038389,0.00912234409898632,-0.021180939948615238,0.0008476284649954161,-0.08810903855799511,-0.004152436634524976,0.00794821808045519,0.036144543293874606,0.00587358638727591,0.044608603437994075,-0.013563900637215826,-0.026648349832654253,-0.020427061686113048,-0.06031106147020725,-0.014777877066827318,-0.05780779967391382,-0.005304646765901488,0.05129262501405158,-0.002969908307706537,-0.055816262554085866,-0.02038096867288274,-0.023866490106606776,0.017426394479470423,0.07938207312521985,0.026368606343900407,-0.040834654853900525,0.05729419367075229,0.03462755805205648,-0.026517839655930922
caudalanteriorcingulate-rh,-0.016793485263676477,0.006612082677094522,-0.0863643584903943,-0.19894836294606993,-0.025123700223276035,0.027422360812329665,0.022922732921588192,-0.0014778647190162376,0.011809877166524261,0.022555549717846603,0.08689120961953525,0.06424133478054832,0.0015264537810846612,0.014686141329168149,0.013846369367358656,0.0,-0.011546511113900175,0.03864942549917831,0.02825169997227838,0.035409721197349406,0.031610578320898204,0.0393795234837649,-0.010402265493326962,-0.03901770330121893,0.01861479128316306,0.06464832338176037,-0.015768348449956053,0.024644081482137283,-0.05564453133893781,-0.01689413861392685,0.021610143111626845,0.03881469231865634,0.0028184643491643057,-0.030688676149594002,-0.029429783008533963,0.05194066198501188,-0.022297700462847528,0.006702999917593701,-0.037467808896984346,0.0403166404475827,-0.026510799711369125,0.06403214968398599,-0.008891160568324862,-0.07027231974383506,0.012196656290925863,0.02359120125850071,-0.005634087029920825,-0.019111190768133054,0.007305010800406795,0.012820299821345452,-0.06181901413361221,-0.032306868459093085,0.0682297379217239,0.036554930547678506,0.0034507640420452456,0.018908490583441087,-0.16569884940420693,0.03571161003024054,-0.14955183120424284,-0.002463148791349151,0.005643399080584445,0.036556054593873545,0.02177966024069418,0.03303215168871034,-0.012874081781726181,0.06192161066245255,0.0007786870466550119,-0.00543968314903521
caudalmiddlefrontal-lh,-0.029621335710593,0.002015043988059702,-0.03822976403211936,-0.017650756006401636,1.0,0.011428307264383259,-0.023778863183848812,-0.03274466405644755,-0.008448298838114723,-0.005293351942908835,-0.0466672521431194,-0.07998474189734275,-0.09113562749494382,0.009049377529039471,-0.039122129876900925,0.04743987800810268,-0.04538703232297634,0.012890150984893272,0.06381765428391638,-0.03453848688112644,-0.005293351942908835,-0.04815272472760364,-0.01116518049964395,0.010034147775222638,-0.12890948711350084,-0.05462606456443851,0.003064222753241462,0.0,-0.1260403781562383,-0.04067455144984737,-0.021455714128562856,-0.03999421467975564,-0.029780707317643308,-0.02728722004703962,0.015586096268812891,0.0,0.01982452247623339,-0.028231210362180452,-0.02082777978549958,-0.020185167910472285,-0.0497770518128362,0.0050526679928950494,-0.007477407051851116,-0.026794943847542354,-0.008465646913014175,-0.02963460099657585,0.021479376804739315,-0.027831120716896158,0.06768623986320475,0.10386569267627035,-0.006434058269382626,-0.04093551644178801,-0.11406979845204691,-0.06402499857448099,0.07445571952595638,-0.03156858147187866,-0.11826756707339352,-0.022349708203392857,0.0437399144333533,0.11810434660266245,-0.015880055828726505,-0.07092649108037617,-0.0049102915717601356,0.03939894458015092,0.07602483853042513,-0.02882561010809807,0.030793517678110345,-0.012351154533453949
caudalmiddlefrontal-rh,-0.0022415115424418487,0.07017792981932265,0.0085370507866345,0.018821858857195384,-0.0190393531825512,-0.11179824871746417,0.01212013840084154,0.06893083618462603,-0.007013138164024388,0.09140971457846832,-0.03733568457750445,-0.00208275125527472,0.007524457562443586,0.05038385899156683,0.023519183797737292,-0.10669156827330331,0.017203819728563132,0.02916694586986179,-0.015226945153547207,0.025202301358119038,0.01877001533032489,0.034633693458155555,0.016025520366056166,-0.038578823649797374,-0.012650876405206818,-0.022839498356664246,0.05602961568148485,0.00939128994269371,-0.000756071367589117,-0.01803432784247111,-0.011564234883292288,-0.02920751728182383,-0.0010824010870243894,0.00879951676016133,-0.010063148202318658,0.029078130453561397,0.003976847193359215,0.009073879801243566,-0.007265733142327558,-0.023681776358004093,0.010186199602751508,-0.0074627105511800036,0.04471677691833983,-0.06233611526572723,0.043326120880727244,-0.06014944337234486,-0.048792713690547565,-0.2103643435195945,0.0203509879359489,-0.0043373349815916794,0.023475154762095843,-0.048016393508501336,-0.030154164543141057,0.025696755593311065,0.0029794942562537782,-0.009489391643869057,-0.010063148202318658,-0.04325477886144094,0.06579782772420864,0.10665354944188166,0.05260130130287181,0.0019093678805402624,0.04344023687548981,-0.07385198487857791,0.043912074206773045,0.015325070539182988,-0.007633723807952592,-0.016087666573378977
cuneus-lh,0.004325695935058078,0.02066165749618804,0.008373488963967113,0.04222477156713722,-0.016430623420541662,0.006849539563283126,0.14080482816168752,0.026655255564833585,-0.007476547199774375,-0.006074913405151782,-0.012587781999376744,-0.00645336259611077,-0.02086724738528749,-0.04739417240024155,0.015936904609698387,-0.062060651268561216,0.014203171272209837,0.008598135162729307,-0.021314017539715943,0.062371570671765034,0.05396104900892564,0.020249188997763803,0.03477665888514115,0.005934127444400947,-0.012081963037930573,0.0007992441912387878,-0.002351042358644294,-0.007035591130838031,-0.04275989088673437,-0.021910491109024318,0.0023982869393818405,0.029670637222004734,0.024061535288505423,0.012146180657276661,0.017407908779316843,0.0037161070971089933,-0.016137707894388828,0.014093552680452249,0.008835992182515597,-0.01729015283201082,-0.07935640313859071,-0.01057333987819257,-0.057161243881348835,-0.08291405277808532,0.003916840172636649,0.0953731135934445,-0.016621963631789017,0.017558202792441063,-0.023909314813991053,0.030753842170693317,-0.005761027751847376,-0.11385011444361551,-0.019920318230052324,-0.043451664782971064,0.021038716354612356,0.018934552767004165,-0.051049115810601425,-0.009846089563325703,0.04274724334613324,-0.07629259980565979,-0.021284090145211217,0.018773180155177507,0.005987500216345359,-0.0037429527171460573,0.010952773642752042,0.05618492325493377,0.01681180007533758,0.017872270952659315
cuneus-rh,-0.02310647823474305,-0.044715539309598505,0.0035765494104765734,-0.005886473842776425,-0.02167126106640408,0.061739446796387765,-0.006528286866339238,0.024692127838538958,-0.0007046458347884379,0.037198224669195624,0.00593423805129667,0.00638944792639143,-0.029805388692016366,-0.007549714431663887,-0.013883017373909066,0.05210845713192935,-0.021305268850950337,0.04028981670318484,-0.04940562935056799,0.0415654447931862,0.010133680298921794,0.0076363784689138505,-0.0025032576232639327,0.023334536003700924,0.007613771258737495,-0.042376446049585986,-0.04374485949896381,-0.056727820632969946,0.009423474993360999,-0.008026392987557068,-0.004585286840214505,0.054841825171497806,0.052714726249426976,-0.040442086581868125,-0.02709307075190763,0.0018669307150291615,0.021942919144383205,0.029596589873990508,-0.023343187437051462,-0.02637522617574236,-0.017313203442821525,0.0027461710484871925,-0.04477472801435147,-0.021314118600746442,0.00013452370675091547,0.02989139780405291,-0.019887721758214003,-0.014593056405370043,-0.01875562048678818,0.04408865835092338,0.1015972458471815,0.03944293668645661,-0.04093460423654104,-0.029513639154026532,0.015239879527485572,-0.031118990560313215,-0.008683354308116951,-0.00412891617500167,0.0925298929447578,-0.051060164793044566,-0.035971247755082834,0.013468307512638878,-0.030060264953659495,-0.017137120887159813,0.030541668556647986,0.012651794437412692,-0.008220854534828166,0.018315882577602607
entorhinal-lh,-0.06125655025965274,0.049361105190686635,-0.0277184732681008,0.016877531519860316,-0.058613115121414885,0.00026384209851492476,-0.005013006197185003,0.0005697306911954322,0.14175331723853504,0.010110018442203477,-0.0011802013611987173,-0.023942143538618187,0.1682606924930242,0.0035446390438406425,-0.07859929242039995,-0.051072746147124294,-0.08996805094963344,-0.002028404546017062,0.03269470688374437,0.0268786446840103,-0.0273501639016214,-0.045610514070711365,-0.05955736807512012,0.004512505544326407,-0.0077979829386218185,-0.01868880379690977,0.04179809277024974,-0.016782956519050415,-0.027201981321114906,0.018099862838970106,0.03206651562093401,-0.023370717672385435,-0.003528103019751646,-0.006213213071552298,0.02700006019108462,-0.006689581838840693,0.0028625187141631033,-0.005226937807125733,-0.006844916631076942,0.00923791861561314,0.006767181581265734,0.01142852927833253,0.029531017902354347,-0.03764765424948418,-0.04368958625003542,0.04796474008152975,0.027470253056327,-0.011059975927858812,0.06124031308440374,-0.0010396024942474315,0.024148393009194174,0.03105672532625148,0.04388227000839073,-0.007957287907751399,-0.01980877305207819,-0.027559369475330824,0.007100249337173078,0.010215665897941616,0.0014180416139185361,0.06007923731338323,-0.030864317502316312,-0.005082850255005298,-0.06858262103075449,0.02333854419308098,-0.024634808637827913,0.007894734515478204,-0.020826962312362883,-0.026418565211700842
entorhinal-rh,0.0007330363329759066,0.06416951264526065,-0.04324482703481632,0.015725510380226754,-0.010409115928257865,0.0613965217505392,-0.005337814081957075,0.02739759339110931,-0.03300286004432744,-0.3069467813653894,0.00317157759826927,0.036515449153041085,-0.0568271433598791,0.05323017993249407,0.03086948721577016,-0.0008444947184187597,-0.002763361192298602,0.03701673994016268,-0.012001153325941006,0.13105547919400534,-0.029950648395995177,-0.08389300500275582,0.0017273563647257583,0.04829768097147402,-0.00775222131530127,0.023646952402313633,-0.0480478252298336,-0.024472802491504426,0.01422411032195795,0.020934674044967353,-0.06267214413716496,0.014503914141545723,-0.001882532216257892,0.020521967526997007,-0.04327424006533924,-0.04466002017931751,-0.01673064683182403,0.012251203280070842,-0.02515536349328984,0.002711346881850916,0.0329096661689533,-0.012574111135348873,-0.009758497797505249,0.020523426537158045,0.032376871099005444,0.07093561846473043,0.0021236355448782922,-0.01793924479328943,0.0030800798326535653,0.0017439146236644231,0.0016511483956687069,0.03640643422204149,0.0028361183555379106,0.025954426065020412,-0.031862241568549124,-0.028793983373101708,-0.050755629052855716,0.028117568827044432,0.03988724058338854,0.050524353549022606,-0.0007276474272607101,0.08853943346300051,-0.0047870650342780995,0.02785387686270253,-0.003830694729269062,0.02235401372066674,-0.08951851189795433,0.0024985074343865403
frontalpole-lh,-0.001648857157124413,-0.021210274296147802,-0.09859035737021467,0.1402517704827935,-0.050606868321444086,-0.011052486225136805,-0.010723049724008648,-0.0040971676180038726,0.0073772608318431075,0.03303719712321447,0.22586898931041116,-0.12432361645787811,-0.023687020848248946,0.01396197845840318,-0.07466487179576856,-0.007617741633699708,0.003262127469131033,0.04185563114053818,-0.0033083252077824882,0.028803143524079526,-0.017276408039683503,0.05256288371993364,-0.031245542641819734,0.008255961936172684,-0.0367778812884474,-0.028401702186472363,-0.002673326940818455,0.0264903708537336,0.042025910299975495,-0.049546514872139465,-0.014176907746697678,0.0017681668243699484,0.0018347368805196396,0.02603216671239451,-0.03500698345278261,0.03081534301415675,-0.008617908141837665,0.052669943028204505,0.031422294663649666,-0.037997450795807027,-0.01921570069744633,-0.012897252891562799,-0.0006965253261622457,-0.020039409938937925,-0.005537097356444628,0.03372584553711292,-0.010698699709503795,0.02562237879891689,-0.006715985647632457,-0.012733620216693964,-0.044781496990891304,0.01239746558114441,-0.01641796656816207,-0.00853976175629528,0.08197758882792448,-0.009977869622797939,-0.030767642763859855,-0.031063457833182345,-0.00954434980364682,-0.01834919693718896,-0.00189097414282218,-0.03532921359088882,-0.017906653429725885,0.015098938936213101,-0.004943113727218765,0.013426352867769038,0.04050604679689074,0.020246758093532283
frontalpole-rh,0.013306889882249097,0.01640196204146687,-0.07771613471264749,0.08121316945770335,-0.0648365177844938,0.013594915193172118,-0.017104284275725964,-8.459522272413244e-05,-0.02125980392323371,0.05722829632490243,-0.11876876209873213,0.11600505204703827,0.016931967954989073,0.02145245857520929,-0.06182837145436102,-0.009349227852182429,-0.01229957873146925,-0.001660990621728444,0.05090725654181906,0.06557310719804572,0.0020853276522795057,0.0017472833058096698,-0.010519571107509125,0.011749306341653769,-0.004271789070681132,0.0055714590654361825,-0.011036583342881446,0.025511691639901853,0.02239720153829517,0.008279101463159428,-0.0034318523233706076,-0.026971449918548256,-0.01792921335208954,-0.037236630807497915,-0.022692082108871123,0.03761433620981171,-0.002782643838884486,0.06594267991907882,-0.03126135288757547,0.055305208357661194,0.019747711341222458,0.02900409919948073,-0.045893504878694216,-0.015541486338462194,-0.01875444627822451,0.01544344128799133,-0.04043491333088702,-0.028596656777459623,-0.06328746056010615,-0.003827036679223554,0.012721408451530596,0.014809351596725457,-0.010750536763654409,0.04377886164438687,-0.012020455449775352,-0.03746738630652104,-0.013040093680554242,-0.025423453402602977,-0.007692670089633089,0.012034747804546917,-0.014172735914726385,-0.020618702199048943,-0.031079575646519687,0.032870417605311175,0.003432933036341242,-0.010732194585431084,0.032108949860227214,0.04760415177928537
fusiform-lh,0.022377861093621772,0.004314911696971502,-0.012432081372795648,0.002395326757569792,-0.0835741113192323,0.015996525667680176,-0.01971840230068818,-0.015003743973463766,0.09549677261605412,-0.01491963475934685,-0.02435119975058017,0.017532741734815113,0.13326744334201812,0.008309015790945182,-0.021504814954655907,-0.0024453365292287973,-0.009350280666205142,-0.010389053310651599,-0.004633961523785032,0.002913466139642694,0.042802391906992206,-0.06949903890227514,0.007587632138619058,0.019994373418988784,-0.029265692780113473,-0.01011606324458912,-0.04947143464984697,-0.0008693780499799362,-0.018316930242378942,-0.007124535987009772,-0.01333192855457284,0.014806065704598198,0.02235202228284828,0.011729039916273238,0.055974237463871014,-0.01691697690550057,0.026215584430680575,0.01567954742515852,-0.015469776641157928,-0.03611464499754085,0.0010166298547546557,0.00782325471091859,-0.002756898187382672,0.011273795315734338,-0.04792026340016301,0.012192959852185015,-0.010108873640903963,-0.01663190755919529,0.09858581904788812,0.02207694288588387,-0.009482889665423098,0.08354924654427351,-0.04128672634801008,-0.04107830569069507,0.013355352679926701,-0.03541178453616362,0.02291278702573208,-0.004335959511854039,0.0009262884492123073,0.006437360592600488,-0.01839553575736899,-0.013791983874657627,-0.04663950432158175,0.01999459782723213,-0.035283478526406835,-0.04819000430408308,0.0352026974002481,0.001040445025549751
fusiform-rh,0.023722066850107186,-0.00150318068465414,-0.0070625046011292434,0.011699121976631277,-0.01362004153183471,0.03592074275697787,-0.04081671508158944,-0.018310501035763895,-0.006894182044321319,0.10467237160766199,-0.004329199818821447,0.02914602328999719,-0.0075969899328232685,-0.2649274810030629,0.04841543313253179,-0.047763364558840546,0.019286132263442828,0.0712099092275857,0.043423901776525865,0.04432867360473172,0.07240354383086339,0.06922362943838932,-0.0003529666487956373,0.023755078758905073,-0.004803852830257274,-0.015416299707139106,0.01616700273800496,-0.01825769383095606,-0.01726620519507579,-0.012010479866825775,-0.018885144410522473,-0.04402646505078384,-0.0014062059564309932,0.017168389496385824,-0.019022249821910323,-0.032568446622553496,0.026836187720015538,0.01633824987754734,-0.009895268993146923,-0.031233498391333388,-0.02157944623887114,-0.05603406478677594,-0.006894680299428798,-0.04005139851183179,0.03888894557473896,0.04619024240489844,0.008127093120980292,0.021532114778676822,0.01826644202158104,0.01496604508343619,0.0338974851678913,0.0021828846128545526,-0.032989781893060774,-0.004767083468969202,-0.00401283412642764,-0.0342764487915845,-0.00017994315173399766,0.054725357946066686,0.018244832807977687,-0.06987718207014064,0.014284610102947501,-0.032763222180526325,-0.0014081793248693479,0.05761979470832711,-0.013934668445407692,-0.0630519856120452,-0.00038442696369603107,0.0175319768072596
inferiorparietal-lh,0.012575575397554068,-0.04214050127723709,-0.023957870067217054,0.015460085442397064,-0.03700145942304528,0.024716111149019785,0.05703557717641378,0.00032733242583400895,-0.08551905640443644,0.035499594994480216,-0.07790148981294105,-0.05856413734471646,-0.016059497749411705,0.05726076326016118,0.02524480220849219,-0.02225656854079601,-0.013174963109919714,0.06861265316286234,-0.006138240671248978,0.04569029195298832,-0.06853728604918655,-0.005727739653019095,-0.034745709653044084,0.00927867485582679,-0.0849750554212052,-0.004127954081904705,0.039628318062070074,0.014918077676788483,-0.02432924905695835,-0.059473673566022574,-0.0473145404761181,0.031126688648964767,-0.028433150237804825,0.030785935778026335,-0.004212060248947279,0.021532280582153215,0.05627651266436102,0.1337292038067817,-0.08219147186590037,0.005856059361315321,-0.037739065173912754,-0.010315371263344485,-0.0831613107331219,-0.005928293845438413,0.058462046147897,0.015241585844913124,-0.040714698428348614,-0.005302187340231129,0.04671062153250715,0.06417964877648873,0.0979180274373283,0.00017212481020788237,-0.09038002488571019,-0.075154426088176,-0.005896352858861927,-0.024542840059999793,-0.013497520600265578,0.00011095511532731772,0.10427627400568978,-0.00958481233487295,0.027561420021054946,0.04580055953926714,0.018382092902525016,0.04193883916945389,-0.020884816286954978,-0.010297099015714996,-0.007368405349604467,0.06124016506648819
inferiorparietal-rh,-0.011527943087152048,0.008055684703384686,-0.03615774814430397,0.0,0.02107617410519739,-0.0453768539082524,-0.03668972425033137,0.10371955222948326,-0.021196137805615675,0.011746458296800067,-0.016039795888995994,-0.018153541595423647,0.009329498374673575,-0.026621770271181667,-0.017882269735236288,0.6224447931667916,-0.083865613423415,-0.008695723786405563,-0.03389085093573716,0.02959942832538584,-0.02479677375510868,-0.004099390902782788,0.020804019747295784,0.00020335586830427284,-0.02734931375834969,-0.06940346288101298,-0.03939411860611021,0.1017774850739564,-0.0285430058972167,-0.02448394755279953,-0.09182380947162055,0.026529777267344096,0.08524289536360449,-0.0252492896663341,-0.008602511607271235,0.021794972359553598,0.009065736828085542,-0.017285531637390536,-0.04817685528838251,-0.05069676122857186,-0.021098242044449954,-0.0382145825764657,-0.013323255614607727,-0.04541176208211397,-0.01563584604510718,0.014195650765547487,0.01883245529431803,-0.04319230585644432,-0.0504752457316458,0.07490376100666535,0.07927063619341174,-0.01347565168826965,0.009376336523969044,-0.0051147253441090786,0.030520116587016692,-0.026812640934834594,-0.013426154028286333,-0.008073689501308575,0.0890103594337239,-0.014928841287862123,-0.01784201552381225,-0.012582606854722707,-0.02749688753583513,-0.03269161367795908,-0.048363432241526706,0.01743237774785963,-0.08717666677977158,-0.053592614828237836
inferiortemporal-lh,0.03481477483897447,0.00755828352677769,-0.04156679215702051,-0.008249455138804478,-0.06083746047354368,0.02355976867612442,0.010129363667056938,-0.016031336618067053,-0.09195675839041871,0.02761837585738903,-0.013672666382219553,-0.0001620051037952307,-0.000448209305291591,0.027038219016492036,-0.014004398079821278,-0.08235518287283729,0.16970725944817244,-0.005068839798021897,-0.058422598691501064,0.023301096543442906,0.013491063642347227,-0.012863207549197257,-0.00974184541781322,0.03785540959224506,-0.04103311168232844,-0.00519190997661487,-0.03909525760033335,0.012751400639236934,-0.04062518284812702,0.009330118993035302,0.007203235624387279,0.023819738869618606,0.05927648587241714,0.024858394132625687,0.062054088552043335,-0.008954831728598843,-0.05347527566082162,-0.003917765027900397,-0.008757568123363231,-0.036374517647106315,0.03261656779115763,-0.0038780044631028946,0.00417213158433359,0.03915147173998912,-0.010008033121600944,-0.0022255401406982883,-0.011335519520240468,-0.04116793161727925,0.060120602512829115,0.012150571770916253,0.02095055147969899,-0.020093181727775706,-0.00552728200867451,-0.016094550404386197,-0.018698426881724416,-0.009348985761585733,0.05583218108153223,-0.0026711398649035727,0.01922411414119946,-0.03116370877696944,0.07400109840215495,0.041914795008879444,-0.05863574820735919,-0.015498076888131773,-0.04432109708783306,0.0021013341997401873,0.04121197466763851,-0.034341069126643496
inferiortemporal-rh,-0.005482992836581751,0.007633135786826522,-0.01454651648703225,0.0351527120497938,-0.012686369535948948,0.019007427652458764,0.01048183835283824,0.02856941411162091,-0.013805738637733093,0.06870469359457622,0.017331762767296376,-0.006383889521521907,-0.019693915715331876,0.010976433584546018,0.04602765511853947,-0.036401765850124265,-0.012429958436504558,-0.17561642353622256,0.016853246958612747,0.04775198363962763,0.026212238069941225,0.014960626581620876,-0.006495842652131291,-0.006055788584810227,0.024806900218659087,-0.010868150820363458,0.013936003858534326,-0.04058564921024443,-0.011180808403687017,0.006963193427281713,-0.029619455832566106,-0.07317876126891149,0.013226589192412153,-0.0034360857911972698,-0.004671544680249798,0.06466247845396976,0.03708759417491511,-0.001831995667396089,0.011515974341810701,-0.04556957113576584,-0.024501230942642227,-0.04417627871670555,-0.004027053654188379,0.010025999377785404,0.03217856372055791,0.04648122641022925,0.016333531533251747,0.0034977756205850385,0.027305241654434848,0.02253912987602511,0.01043515424885651,0.04611314933879058,-0.006374137287724704,-0.0073853391678502245,0.001400946828322583,-0.012069751828324236,-0.012630593015676584,0.04019636135891497,0.04477863273052606,-0.035903295148621193,-0.0035898894703952143,-0.04064370912003839,0.020563679219986628,0.012727905345828606,-0.014148277495414531,-0.0810660157212168,-0.01503456103941543,-0.024347841987439195
insula-lh,0.06467955966007857,0.004613844423355456,0.03043891756701802,0.019711933470475097,-0.019894105774124295,-0.01759281327143753,-0.023268610893823854,-0.051904491222522296,0.0017863077661265008,0.006787637893836626,-0.015905292548198405,0.05167517296408128,-0.054484316693052495,0.03559020362983324,-0.019817087831591345,-0.043322644602767794,-0.1081608978008374,0.018898951168362158,0.04942022882022699,-0.007343267373885457,0.03179730966094577,-0.028119572483630322,0.02608440853452982,0.05305870585824557,-0.02568467100700437,-0.003198305157910723,-0.06442207084551417,0.023272880830895078,-0.04075170854985973,0.020890609731218174,-0.06151483409793682,0.03619258073141082,0.04265574994510831,0.03346179625943948,-0.02802770816647041,0.03498027112084783,0.005889343757784199,0.01129291228852921,-0.059665147495594956,-0.016822521286262646,0.0007731127060349547,0.02081952274342541,-0.008848668814914154,0.0028758663711338107,-0.08280300830871394,-0.00027090744835777265,0.04552959537824356,0.03514428913098448,0.01514934713213505,0.0062738273705621956,-0.03187148282669675,0.025124697289889173,-0.0354195268421049,0.01657911173577947,0.055409451748818006,-0.01657589389538691,0.007692652106343541,0.003426888879711124,0.04874131678622448,0.01782377555531903,0.008628527103392134,-0.008659532934208338,-0.035124178708313886,0.017979796830291623,-0.0011808063579545095,-0.026055232528347225,-0.0355724814134815,0.0411306822302688
insula-rh,-0.029282023643618763,0.020428040374811263,-0.04399309818500343,0.003608409707385469,-0.07172690823222468,0.008666268028817327,0.050580149076508436,0.023191755000878944,0.01989123585109075,0.12693803230538395,0.0026316714873024847,0.036265006193052174,-0.018966501045935648,0.010707886574139912,0.0338780711546677,-0.02793482085429845,0.007101113364372884,0.017269370068892002,-0.0024570171680360336,-0.1623077805462269,0.026777919665248985,0.028550500647858634,-0.003450147232611393,-0.06733428523686585,-0.022038701189672064,0.023274549934958033,0.0034279652038008666,-0.0020034645673867096,0.002702565830742887,0.04877944177348619,0.02304747834527443,-0.06685260034338976,-0.061448486839279025,0.00017974891864244372,0.006465685706106711,0.04724085163612676,-0.04743423235808905,-0.057476659435534476,-0.051203665852974346,0.060311075288168425,-0.010503844799782216,0.054759096167355095,-0.003020759168744679,-0.01006944649783447,0.02256415708155109,0.0009847342637171813,-0.021239998210679338,-0.033086059443801684,-0.019710896988427595,0.0024649862143719444,0.008063253460063273,-0.0025690968415049685,0.01905282859608579,-0.003152634983844366,-0.03157814641980608,0.02213441373028143,-0.057317536402583226,0.0009778639866963603,0.023143942688481807,0.054747258463550115,0.025708717505509297,0.038930903925948834,0.0038615009193469193,-0.013116475380058256,-0.011168669697514927,0.04496069242361394,-0.0015666954954941042,-0.0002584885030682378
isthmuscingulate-lh,-0.03616499056333826,0.01609010760123507,0.016105720513482916,0.02540047154937383,-0.005007453419945718,0.0063673011275458885,0.03529242482201199,0.002298586112073438,-0.027335282951522797,0.0023454832350619462,-0.03716137650498956,-0.009150957834722926,0.018015043542671232,0.04635265265990413,-0.05747614331898003,-0.039238962130194815,0.000776016605794434,0.03553425875172359,0.020375603125964824,0.028592705539106613,0.031569364023408784,-0.014971042458371666,0.02490780052078767,0.02215744020825945,0.002974926456372782,-0.016040340826026674,-0.016214748801006536,0.007481648845545109,-0.02259742233625595,-0.04959558452299913,-0.007172472010309377,0.08421082315644166,0.006224766337612279,0.013073546415854412,-0.03302098438981989,0.020769017804610414,-0.00150962048756808,-0.0014732273762096378,0.024893353335046154,-0.027928752202458277,-0.012317466451673845,-0.033853431671622344,-0.054419884115105656,0.018650043770859444,-0.024547245139882427,0.03862172782204229,0.026044438202989587,0.026705026884377873,-0.008055528780461878,-0.006464203239356925,-0.017242776805633513,0.036386571475481716,-0.04229149835737251,-0.024320288532736867,-0.03962585409044666,-0.010859099970777263,-0.019551423423643525,0.011794880555732206,-0.007628891278294382,0.012076630101258213,-0.023211492234322548,0.05291940478926278,-0.018212331840901715,0.02434639560493941,-0.0049216983915110896,0.02006127880438281,-0.0047820961314918335,-0.005050887711260616
isthmuscingulate-rh,-0.03650553306868844,0.0023113696061012956,0.00642342195937224,0.04999000141546156,-0.029985289592604478,0.02947267996964446,0.021162086255113507,0.005346327467784792,-0.041396141656670146,-0.0463020842683855,0.016302490161128072,-0.0034064220975886126,-0.08328527698431651,0.07845823832516953,-0.00657266834669741,-0.02264882885115034,-0.024276486067624545,0.044732221984309685,-0.024406280563715833,0.0460819444707772,0.015982761706370596,0.05065742032700738,0.0641056033344029,0.03578242756336211,-0.02337300159353279,-0.026463505203552843,-0.08251725048608664,-0.0380929445323358,-0.007652250712037666,0.01831176151803456,-0.030893419670693492,0.061916928606044266,0.03306355394484296,0.0,-0.04894862246456394,0.04384802550952443,-0.0035307089034582314,0.040008538658105504,-0.034472284985905426,-0.09372895858878773,-0.028666354059290484,0.0022930893857665492,-0.034733392128007044,0.05043706882593564,-0.00675478917014161,0.0470181629140154,0.03215111481379757,0.04447109024597793,-0.002031007311159344,-0.0045765197091577935,-0.00020927249053081945,0.0032864187288895413,-0.03474643333201805,0.004874210362135672,-0.0027295864656631252,-0.015655144002253027,-0.014995553518161706,-0.017129784614197046,0.03193511040757934,0.018215964808199293,-0.034447955215136335,-0.019007426826418285,0.012839636493963996,0.0014391169386209768,0.05265098679457903,-0.029209611508529305,-0.05016197587578994,0.0379429913628324
lateraloccipital-lh,0.010751674234803534,0.01930509193613776,-0.08395318245942883,-0.014095683823471835,-0.016153374275785042,0.016499626959448614,0.03658931126071567,0.029354668511150418,-0.050797283102993335,0.01824598396268174,-0.03911942382542829,0.008509297859372782,0.0001138455385362121,0.005126458121467075,-0.03071370903187968,-0.02553747333331475,-0.017456137141440595,0.0026325279992622723,0.03027213881033154,0.015969527421163292,0.06598018310870113,0.06691607276861927,0.1095413208705524,0.013520359915618438,-0.046552027377774884,-0.01605122156728419,0.00913131082822098,0.04428633130630889,-0.06252805164674523,-0.01198416751410254,0.01224870747137137,0.09471279873707694,0.007421368357825906,-0.008349120597217576,0.03310230835166242,0.03628092850782491,-0.01644663364605921,0.02843240971283117,0.01506774853416069,-0.037474433376577444,-0.05230992187230638,-0.03725695979589108,0.006020694156146933,-0.061465595696906954,-0.0070701322655583685,0.02336959904894472,-0.017920893902817866,-0.03287961418075156,-0.03901983152596899,-0.011120744002661699,-0.013090637461863674,0.04565598888877982,-0.007847441160545999,-0.02541757233154983,-0.04418204796579947,-0.0009322321489303295,-0.05266361860147409,0.042230159375915025,0.10895942945322551,-0.01953226132398893,-0.022713946801480433,0.01534722438520806,-0.003997883882824766,0.004955684741104857,-0.06811773175673391,0.013821138524432649,-0.0203535452682958,0.024732615006250527
lateraloccipital-rh,0.029059566932852172,-0.02654386719309204,-0.024411624576146863,-0.06038140145110421,0.005637100827850387,-0.02698483402201574,0.005597828421225491,0.02536886283007215,0.004697584023208656,0.05950486285900671,-0.008261962732071138,0.004418878739835873,0.02051490275548697,0.016599258306637703,-0.011860266800718442,-0.07922529910703612,0.03411562482872327,-0.026774743876887237,0.06075843463241043,-0.056858892406959294,0.024305696979574642,0.04011777035211602,0.01588015006345134,-0.21004814906105626,0.020602641071485163,0.015999216481141675,0.028067661497601464,0.0007800022231964582,-0.017091826750361704,0.013735501973003396,0.03476212177174405,-0.08521114468210796,-0.012367962260275069,-0.02250510932107958,0.05495125223831354,0.03763958079560659,0.05893428804936725,0.004184130178356563,-0.012056628833842923,-0.07258398905753538,0.005597828421225491,-0.020906030192984548,-0.022193727875737625,0.024055869421172524,0.00016236040801229724,-0.010764323101148629,-0.022660213577506416,0.015598822100210089,-0.013476996762053177,-0.04202617211479466,0.029932355106860983,-0.012305892523134928,-0.017091826750361704,0.02251175358464512,-0.0016309965206730737,0.01160460741633525,0.005175248597798597,-0.05267491193461571,0.08457791084444244,-0.04946050174901454,0.08439942279125622,0.043612259303142775,0.04193147423459516,0.007729583434387907,-0.02075436105401064,0.02799316368982453,0.01970367129305976,-0.0017055931909113957
lateralorbitofrontal-lh,-0.007877597295471902,0.0323888168608252,-0.05474072132375253,0.03874854277380344,-0.0783213185240072,-0.002182474975896481,-0.011172949449000557,0.016364599702401634,0.007490912133203118,0.03220235809120365,-0.04212311725331155,-0.004783721250664634,-0.023893777316309883,-0.004777490792206536,-0.06558222715600179,-0.01977186540076161,-0.0327074629273152,0.038106000391119714,0.011384775118154743,0.006650409016571332,0.01740778954393529,-0.0018952745982635842,-0.023843197893691482,0.01808134252851885,0.22319502128106802,0.058587083957946116,-0.05117304702796958,0.01303453169116427,0.030940287431181934,-0.009021527145314082,-0.04666960761533496,-0.007082678496302488,-0.010581735090266808,0.00168124059777994,-0.04879696517114506,0.010450469796454526,-0.029294289740189782,0.033496880648912576,0.003407304362237263,0.06724121452733302,0.036267421248475144,0.03874915182880882,-0.038348046367983384,0.0019379409097526384,-0.02890466675106454,0.029005142437983574,0.023841973784282683,0.008231413864407802,0.009387435290442985,0.003454075332109286,-0.015708551152935776,-0.016132576435908017,0.036717046703259246,-0.026461300835500072,-0.01776017313097042,-0.011636673875250327,-0.009980411337064942,-0.033333090823789234,-0.007588597460360977,0.012958123846256674,-0.02017888175678539,-0.011547863204776616,-0.03502748894683975,0.04029703383305219,-0.044350594797008036,0.009465394079155998,-0.0250789435310176,0.007159173238631153
lateralorbitofrontal-rh,-0.029710344559775878,0.0636134063063162,-0.04162684626870488,0.07553934849543549,-0.05169166460300115,-0.01131940597529992,0.009068025164320152,-0.03315171245406061,-0.02064528466348724,0.03733111353625967,-0.051320280693770974,0.030406594481418265,-0.014248168544385766,-0.006352722227426471,-0.0011008129846898616,-0.06909004297439197,-0.022592059390861292,0.004192772287346829,0.0006483976166873103,0.07886369822862895,0.015018209342031665,-0.016316236693480164,-0.013732799100816652,0.012707215209126618,0.07406833964439313,0.09773217120221572,-0.07803105377148227,0.012970835934498631,0.013818676457468275,0.13979984664017098,-0.04072034772249381,-0.029001873070274225,-0.027078901027567562,-0.006791643585179953,-0.03154833469040203,0.0007129093525803145,-0.08349750379296375,0.046226594336162406,-0.0247282145719608,0.06522328964440874,-0.0014926573037976217,0.0734580499667056,-0.04539220684512143,-0.027357721978983753,-0.012671969856162925,0.0017434569979897414,-0.05116066803455757,-0.03470415095708498,-0.03803546101378195,-0.003700937400256942,-0.01687540333668879,0.006392784104058576,0.0914761721604331,0.027466719133301155,-0.018394431845843162,-0.004731142808420546,-0.039066697742767754,-0.05693075089865412,-0.003415295034945724,-0.012440633375944338,-0.03732255166120164,0.020103324133553358,0.005011023129452106,0.03198553505327088,-0.027303539369028733,0.06337117851556433,0.0006397569482057959,0.03570302880771513
lingual-lh,0.032203356719598876,0.025601832926487173,-0.027415875763267875,-0.012650310568935329,-0.035707008193892165,0.07452482151794647,0.008232278870964862,-0.032333482265567676,0.026256077592922783,-0.009078765576947798,-0.03119943175870849,-0.016784570358798826,-0.011438350555605749,0.028853823154183444,0.046191067209086806,-0.03404981525654995,-0.0008565203119788191,0.035923045836949594,0.009558751373997552,0.0329463753406884,0.00782881171358098,-0.06635617226558072,0.019380171710861725,0.041152285230573626,-0.06234113465860633,-0.07145585317102844,0.21764650440570288,-0.03404413374499388,-0.07993224656453478,-0.0490427130990483,-0.01595618101131184,0.0016604601491800287,0.02963082507951039,0.04938793302130859,0.05702541676934367,-0.0168022700335912,-0.06534080592137817,0.028557972979513423,-0.006116418272878945,-0.06919771174657216,0.047708329371133354,-0.047088084986501334,-0.006216914128698272,0.044550749013422354,-0.02563594668991734,-0.0010775146758032436,-0.05283835584983503,-0.026023000044963034,0.07502299339547744,0.044898120928462355,-0.01791651861441982,0.00890955748678798,-0.042542594120035554,-0.01792059464221172,0.045681976756173,-0.029772899424350203,0.03308706596265211,-0.05504609946251458,0.08118416373116397,-0.009133057342780056,-0.015817224920395962,0.016857984502743298,0.006441293684657865,-0.015009748308983844,-0.08166956679277476,-0.023557530676089372,0.045056971878258405,-0.006595596533281761
lingual-rh,-0.011225940484666777,-0.015244490535483591,0.031669870833659075,0.02805200834327989,-0.0017791769432816843,0.006667266460223038,-0.0054031827219243826,-0.05929277800040596,-0.031640850051553246,-0.0010166271506367405,0.014910018086312765,0.021735918941537404,-0.017494340066157504,-0.051035681598268226,-0.0009969381321856278,0.011503390531062007,0.004722525490459232,-0.055561324111281694,0.02277722655777008,0.017941132070484818,-0.01531107750996067,-0.07243166301163424,0.034896685528847754,0.019067676644103852,0.01615115631885812,0.007671052665034975,-0.05367033001192689,-0.15475789901638648,0.0,0.008568431473334514,0.009025431151520732,0.05630138600867699,0.03791196530053469,-0.010939474717402104,0.014851362174456017,0.035397888247034756,0.06427629694610963,0.031812573415624726,-0.006268129169041922,-0.07049005686861992,0.0009391589748328818,-0.015347051981005827,-0.021509985603518227,-0.0023970179449989224,0.055287429726778956,0.07983379033993532,-0.0036560126330588494,-0.0021986095873399005,0.020947767984512606,0.005710296657668998,0.03167371844781816,0.031391263417507156,-0.007680616397522795,0.01218362225576131,0.004052666230668484,-0.0015398187116723626,-0.008495557143035981,0.04564952421532008,-0.00569693175768461,-0.04035907769271298,-0.013512399567694925,-0.07471367533025501,0.058327771513832435,0.03670768214120607,-0.007596300149092629,-0.06630634038533126,-0.0042617910011477095,0.03121519089212222
medialorbitofrontal-lh,-0.004267803899975802,0.05809053153131768,-0.06589225524895186,0.014445575889674054,-0.06745709209477031,0.006766246560887009,-0.025068189608635966,0.010526010607000027,-0.011745602501630368,0.061607738207391,0.002508118389803922,0.027579143255265875,-0.021815644786287395,-0.010898322037237161,-0.014388268362929814,-0.029366310352727017,-0.03175230455821784,0.011393475236879795,-0.014002279340007962,0.06271742545469929,0.01576901864505646,0.015005464937056037,-0.03757500588079175,-0.006648375599022311,0.023577872569910622,0.01775947941083462,-0.06305081179996966,0.0,0.23938526845891872,0.026133624591572407,-0.020064975963600726,0.001896554351978675,0.021048657649795174,0.003408219751076948,-0.0317504748530085,0.003618450292064667,-0.08930961083121543,0.012425226518542878,-0.017374522080141497,0.05049350945865402,-0.025039161609902456,0.026008646242619282,-0.06434313916147386,-0.010660287712238625,-0.006421178634323068,0.002743164137798356,0.045858754805129145,-0.0014065410153477225,-0.03519764327306632,0.002215277393249031,-0.027915434494548946,-0.059562236736394374,0.06685643248751032,-0.008106779165511484,-0.04894222432317827,-0.015764665233559478,-0.06639854058498382,-0.045305511305563005,-0.01985489679523467,0.02874476152669131,0.008678671746603797,0.024698006076524302,0.004677144751119083,0.0008250627815694828,0.027492099493654942,0.0522410338516469,0.017255458405107834,0.00289596437684377
medialorbitofrontal-rh,-0.02460844303560235,0.04322759436887694,-0.06720444725125034,0.008961954041914482,-0.02584345232511351,-0.007257390209064257,-0.004914370676939582,-0.0040330300517400644,0.018788850437647425,0.052643996484961715,-0.07137640580103373,0.009059561345034975,-0.009929035968009689,-0.00973254874699295,-0.05609206809020763,-0.018733332512020917,-0.006938154086839364,0.018297899233631575,0.021452587613615414,0.09132122009036131,-0.037121418544136114,0.025244793924782225,-0.029759403852601007,0.008529191431899398,-0.008323242734913914,0.1280719851731335,-0.04318652952743315,0.005048519001086014,0.00480687970782972,0.16510792830365106,-0.047641954448678164,0.010893135311851983,-0.019873811015937142,-0.0031541485631372793,-0.03299153733078816,-0.008889742455267639,-0.006287253943111087,0.0142027454647074,-0.05996056494406357,0.09413043513499093,0.01134590575375775,0.044982142920571656,-0.024198180310440385,-0.02067057674550242,-0.028676079075105398,0.02951420192712627,-0.02051229265918427,-0.00932172674610251,-0.025561400260044338,-0.01145516893075602,-0.01777865873755056,-0.007898253811058027,-0.009809474347771324,-0.02414214709912439,-0.07729094086114807,0.001938848920567345,-0.11484551132288486,-0.06913663509130587,-0.006684265798488145,0.07236665086213179,-0.06102494891847632,0.06866781732444831,0.007982192642955507,0.032317578879076776,-0.02262097530949728,0.12710584757674503,0.02983914734407058,0.009629910917894655
middletemporal-lh,0.059067031403906504,-0.027174388997107255,0.03873056595198805,0.03993071707546012,-0.03608449944918488,-0.006565365368024289,0.007292324839114238,0.007129507817274779,0.021163772593783547,-0.007679543801968096,0.0002437850599374933,0.006959771039342311,0.02393923788584066,-0.012682767791511394,-0.04155012716806563,-0.09319951692365956,0.01925250283679951,-0.018899474543429193,-0.006424515086943473,0.0338654307614886,-0.004181741281305503,-0.025761305144583208,0.009566501446654475,0.04494089418441756,-0.04727425622615065,-0.042593367155349365,-0.007072905261513859,0.015064004370502435,-0.017591118703791583,-0.048045681006550205,0.27450889648997334,0.0020149590729179718,0.03861369856461334,0.023052048500992784,0.04186455584994043,0.014021611273224295,0.003963182801175992,0.00321006387031554,-0.030423454484124906,-0.028910176302799996,0.04125321269188906,0.018131705423999396,-0.03739387008235328,0.006150643005503998,-0.0414653555669061,-0.025996726131424307,0.00026220011053860955,-0.030866356253892627,0.09446711820257625,0.0040299181458359435,0.012126002191179468,0.0627760090694952,-0.050579508850747947,-0.040643358037555435,-0.0038576190810477055,-0.05450430528981398,-0.00022894685895069968,0.054823153245602024,0.018930823924205042,-0.04122954845410104,-0.05844255867357447,-0.056013589767622995,-0.006378106975019856,-0.027177977823975945,-0.049952012664345895,-0.04184973536908922,0.028279296380852595,-0.0009313655048571083
middletemporal-rh,-0.008060971624565452,-0.06199463256007307,-0.021348613631313317,0.038301894535037705,-0.045635289864004065,-0.020254474597118224,0.028069685425606453,0.04400301797996999,-0.033218964845661975,0.033906162522441614,-0.035420202117010385,-0.04306871209388818,-0.001617900104591286,-0.07240255487083866,0.016169141956799287,-0.017073356693017485,-0.006805463065454514,-0.0953168473733262,0.026865846250355915,-0.048061088743488196,0.10922554873644862,0.05249604518188524,0.07117730582469989,-0.058155854311334736,-0.017846687441104923,-0.04846402379655313,-0.001404469016638715,0.04666437613320959,-0.013206714768439171,-0.0029674898313541316,0.0017017836158368797,-0.15867789154038203,0.0036274909723457292,-0.015660197520911148,0.0016789965147129102,0.024030107909287605,0.0013914657240395576,0.023561997353998863,0.0013427995055886126,0.0029630002892885965,-0.0038430565840436213,0.03220155666294743,0.015266932903376709,-0.050865952328570774,0.02443205577997326,0.033640909231900745,-0.02956597676202022,-0.004938428956902723,0.005483123201271342,0.04924296661562718,-0.003817752358056881,0.07155821303831532,-0.04635542076193411,0.022468184145547517,0.014043783920065132,-0.006831459477507455,0.025528268767897478,0.057283532052668,0.05346582420158543,-0.02124066333222976,0.01120261741034712,0.002598000092409447,-0.03204418428165661,0.03851853267551017,-0.015323204657874385,0.005545487929636337,-0.01287122434510039,0.06470306919633427
paracentral-lh,0.02895151730053924,-0.05415457832162121,-0.056971953304186335,0.006251892656422634,-0.04029550430285631,-0.000449312863848692,0.019149721942241252,0.05255719494219623,-0.015808314927784846,-0.0018608110147672657,0.001109799558597606,-0.02511347733925899,0.020281083638810066,0.0012321478627786541,-0.045744740985951174,0.031111198319903857,0.05720953147279006,0.024055995950730262,0.06212450667398199,-0.020236666577468473,0.010953196705830396,0.035099021328315654,-0.014910217033919902,-0.011221651066607915,-0.036674432571037814,-0.04722536047334363,0.030809461149848155,0.046046881858963225,-0.0008003042732299996,-0.023298948878574956,0.023278963946325837,0.008402559131939028,-0.11030248821979347,-0.0268785580423662,0.015161143301993047,-0.007911535463097355,0.04861257136740309,-0.004075713225834311,-0.07348714419667274,-0.012849388024414673,0.059703192850614636,0.009307167229226683,0.006586387954769009,-0.022106447262573957,-0.0379609902240197,0.002590241668718571,-0.008033344090448223,0.008669003851507848,0.007937166977036428,-0.0014500216428449686,-0.014587385492080647,-0.012968912564328281,-0.06291551325706782,-0.010698737164403862,0.025082450306258594,0.0011843325551125499,0.00843672663148925,-0.017193859092180852,-0.001272037850247868,0.05244807312987587,0.02055014853611199,-0.04574092414493105,0.03175867500327246,-0.032824040834074565,0.08256605158469374,-0.0034885205140707067,0.04336678048577064,0.01892704736584028
paracentral-rh,0.028656879538721123,-0.05223435771789726,-0.024852675829379486,-0.020164592797005495,-0.016902180961175996,0.04272684127419305,0.014287490527187523,-0.031774894494492494,-0.016081984424737978,0.03850637292346587,0.030038217333414635,-0.01992487000226942,0.011843024755109713,0.01592867666091779,0.04274412090011685,-0.04211329949506941,0.04125102522986578,0.009153045543960221,0.05297544058367733,0.02468298550847061,0.02946516196094911,0.0,-0.023797483660936498,-0.007611226034965181,0.004737209902043885,-0.017024312332726783,0.06198746820685834,-0.016142106238086866,0.007256160989630398,-0.0034949814816804,0.000518232765742593,-0.02803024575500394,-0.00867271458655083,-0.02735173539062249,0.0020080703859925273,0.0091785587016706,0.01725313379096665,-0.048374270520427684,0.03229915842302649,-0.006083762227531384,0.02456565280513777,-0.06890626500940034,-0.02673796609404048,0.0012321682484126655,-0.015472586063552724,-0.05506354511095864,-0.019754343717214212,0.03147451424530601,-0.061318757994475316,-0.05037932077467536,-0.04672918148721482,0.016068456886724498,0.03109403745004221,0.0025011813240528144,-0.00923870911721423,-0.01366049401563702,0.027553847599371656,0.11686121825420358,0.015715461600209278,-0.1129013861029683,0.053432846882000555,0.022044225027506498,0.0358048540268375,0.034233684765737314,-0.01596317090777733,0.00791329381364149,-0.04825590683798436,0.01702060834850762
parahippocampal-lh,0.008965677989010788,0.011372950547936888,-0.040346534348567525,-0.015293309701842263,-0.022773382990737456,-0.011079282810783589,0.01982845449565555,-0.03181340485464552,-0.0009809765595795586,-0.00900760718833997,-0.05626969755735329,-0.03235094229586464,0.06924075246255895,-0.0041853921647383024,-0.007567224576756188,-0.0057144567923869795,0.09198487027126566,-0.0006516013765264605,-0.0019178070428510416,0.022901048874739878,-0.04314706009545906,-0.05385661384692119,0.044251681141306703,0.08201116058990762,-0.07883198791282031,-0.036219498935840706,0.04310629904298509,0.016259262024780247,-0.04292831633740563,-0.04062946419057118,0.02340081281981307,0.004243968221304113,0.005632759082529201,-0.010268396132640523,0.3211433114191246,-0.06186013728156318,-0.024269546190583184,-0.010312187085249816,-0.010647979281782998,-0.02809741164991357,-0.01937122530407541,0.008324966137290661,0.0017235385325565678,0.0175555529662482,-0.027041705876171124,0.020824114934343753,-0.034111122845569726,-0.0020581422589901065,0.0497091227093629,0.016649608023919932,0.03096367770423021,0.05180100211247735,-0.040760119946703206,-0.06735969226409261,-0.012555258643822348,-0.03376019224206911,0.006304772499374145,-0.04880866075849866,0.04400674446111458,-0.026518010921789785,0.03471098547368393,0.05763947633415269,-0.09609365524281854,0.03561566854094648,-0.016517810842349163,0.012977012198540258,-0.0014729553301120947,-0.04570047993237417
parahippocampal-rh,0.0008414827383703038,0.022826099399308096,0.06675518511403494,0.05184911149463529,-0.0031453019674817125,0.01913855518734468,-0.020394981260608663,-0.015477179660713141,-0.017964102652449524,-0.0015464090633318455,0.01168506235417983,0.042741318932516065,-0.03770478046935502,-0.11267530386514887,-0.0028002855356942234,-0.020887173489781696,-0.01940033322054043,0.09046668856091619,0.034554698959049425,0.06648640223394696,0.002428744119998172,0.03393073960926262,0.030937032779013468,0.035765507310857494,0.0013709203645410925,0.0,-0.037161730207046814,0.012097154236125063,0.0003396857674347773,-0.0165013056299847,0.0038137237608974303,0.022177104164141835,-0.015097292335921832,0.004989945457830111,-0.092864004183961,-0.4753375396838493,0.025868877271663603,0.05322422045889824,0.0015484360812230069,0.006087149087416531,-0.011158838280987538,-0.026741751189083125,-0.009951473510888166,-0.007619756255980542,0.06627950796828196,0.06842521045999848,0.00809001749682455,0.016968389461125482,0.004827617416736538,0.0037235034454925647,0.04225807261617522,0.048665364166799466,0.005075606983433493,0.004627633492729099,0.0018167769699735333,-0.0011790289165562828,-0.0021936177817325933,0.11243180686234666,-0.03229233131851727,-0.08454379372947424,0.033762638901449475,-0.005126081161088344,-0.030246566703486757,0.046987340623945696,-0.012252842034025534,0.0010816232970732545,-0.011528827598341155,0.016847676100039694
parsopercularis-lh,0.04444846300143324,-0.0021125367977518,-0.03773166184800078,-0.01913933816782844,-0.018892423538581133,0.0034899497369270094,-0.00448056527804109,0.027106972488319017,0.0032077821266696966,0.0039025452469109837,-0.016140846069098012,-0.01456114647553286,0.013230242017250541,0.02872891882689381,0.05647181713424952,0.0008748147014874354,-0.06287825658996578,0.04848243883830942,0.014818736800884092,-0.0242447260929543,0.001211321067938733,-0.00484806380086956,-0.002786127164000548,0.055878081065651806,-0.06569443914492955,-0.08818632770330948,-0.07395915163406182,0.06647183754993714,-0.12488194832673634,0.007464849988902391,-0.007620943355629648,0.026085180304041694,0.04377282548630259,0.013922414353187881,-0.029701629705891307,0.03244904271132963,0.2893914652487014,0.041577013855115495,0.018728393462505755,-0.049591540193509344,-0.025777172366115608,-0.014653106966738147,-0.027920090036906278,0.004733225937532091,0.015154486547841926,0.022552733294517076,-0.03191644677311322,0.02854985265526492,-0.04245763868917042,0.037588656207488774,0.05286529380078621,0.009276949881573732,-0.06644879138109401,-0.0006958977761063304,0.002648290848204661,-0.023856662305356286,-0.06373066901214461,-0.0326238904066171,0.066437663936745,0.036697980679128835,0.03749578686826824,-0.02407858329110441,0.004559857383898235,-0.006554340880141684,-0.076076092438737,-0.05843771728999842,-0.02795154731205716,0.010354434757893317
parsopercularis-rh,0.02135835021965463,-0.012976855230607095,-0.021450516697309734,0.012268518052472381,-0.03411862357841407,0.016097618073536164,0.015642557538593643,0.03245632537052935,-0.010225297129534676,0.010632647882281835,0.03598646308793544,0.07125071221091148,0.01414264314977354,0.010128350180715602,0.11536320804543569,-0.02219330911146703,-0.0010814703879057778,-0.02781028227520088,0.02621605059617361,-0.0762673032835905,0.0032439489507999656,0.03485166269999237,0.03397877805002312,-0.026134524009358593,0.028706983387197023,0.040346773983263196,0.012904417624292066,0.022353739307372222,0.0013483557263743952,0.012286741152922982,-0.00011361016226373127,0.026165739069490837,-0.020694475371649736,-0.13717933297326293,-0.015521137946357889,0.04505049307093897,0.027928411438981855,-0.2827441723705121,-0.026700836944067677,-0.019410947436402703,-0.007407612095074597,-0.11721961338984739,0.0,0.006842801067702982,0.05109930156609234,0.04775346253030083,-0.06783591696833603,-0.05948258089138926,-0.006583939122996299,-0.1208402051853899,0.02970583566188814,0.006851037057721972,0.018550426467207937,0.013194956830406477,0.014004098856076848,-0.010857974346078285,-0.008771140670868567,0.009577008317580344,0.00030047501776459315,0.015113098830959253,0.03202635461818347,0.027458128848272294,0.05006359435106732,0.012797748114353528,0.00731695348074293,0.005144282154377516,0.005226449989930505,0.10988617494759383
parsorbitalis-lh,-0.0224606296580323,-0.013702355373885962,-0.03383673143811677,-0.0058554164819653665,-0.02966022889164462,-0.005000638411862726,0.023411235763000752,-0.01941487961692771,0.006049235776983725,-0.021753060698178873,0.05275912485072546,-0.021957400688451326,-0.014201292793145127,-0.015056355006809565,-0.08085768520538764,-0.041615715593154565,0.004676645416070846,0.019187239903259372,-0.023671201030641215,-0.04554547083681201,0.07184423819851614,-0.026115710649594708,0.013428147589165097,0.0007074096955580373,0.04034796756010304,-0.021138455510636558,0.0039484547361248595,0.00021889799049792404,0.008330876471014933,-0.06597624851708266,-0.03447664202015446,0.008408280502138259,-0.029930053154278366,0.03144576939785939,-0.003844940370348277,0.003147229621529223,0.046568533777056643,-0.005503095490977261,0.4708828812012686,-0.019919843219544917,0.11250040919888335,0.003176763067064972,-0.02878159581048666,-0.02282183942098095,-0.022149070272869796,-0.006239346249639959,-0.018122650163226745,-0.02357236113305194,0.019917599454039234,0.060347564331465355,-0.013884505326088096,-0.0008691599072855278,-0.039717316219805836,-0.08771399611728245,0.023479614747506764,-0.010971062545412667,0.03715154856096101,0.012185537173667004,0.011229511456776108,0.02793524773750205,-0.030841401545968292,-0.05531161132984375,-0.02776704932012414,-0.03140006819832835,-0.03336850680977016,0.011250532245678407,-0.037148339664852814,-0.032362565731765304
parsorbitalis-rh,-0.056516865714896565,0.07106555320724411,-0.01040866268719942,0.05501918858516664,-0.021761757729514015,-0.01066489959869886,0.019598883971580307,-0.018490147414938197,0.01185823978055079,0.04501908932851388,-0.04669311456619294,0.0659177214289392,-0.03421315458490018,-0.01901519250945021,-0.0009442069054342077,-0.05497113857709069,-0.04110104448404688,-0.0066027886561574895,-0.0007942102624560351,0.10646105330746299,0.01774143183480812,-0.06208629556005082,-0.027444082317260664,-0.027575348507163516,0.07123355031162999,0.03221514028688007,-0.07379588032096261,-0.03957901405176603,0.04537746420220854,0.10257552318016848,-0.029329698135776835,0.005489113110208975,-0.010399367483626189,-0.0011158991870220177,-0.02434593469369623,0.009681167857068743,-0.0414819179842883,0.028749933363029875,-0.01707767467015073,0.06671789687294924,-0.010202602750786249,0.005655458136194807,-0.062398335483089575,-0.004470229963571077,-0.016927366007595476,-0.0062328881365164785,0.007802514179079325,-0.01565340748684288,-0.04384754350914074,-0.02508946545991278,0.008307406146546197,0.031134337464316902,0.09283632144184265,-0.005326356599084861,-0.004217058982308542,-0.01482689395592397,-0.039769431151273606,-0.03331595684244126,-0.0007301219860061759,-0.023679854454269372,-0.042462485955474284,0.03414353247704894,-0.01695098208983454,0.009488201066966727,-0.015314122043015854,0.06809546147326785,-0.007467562010524755,0.05310677845667874
parstriangularis-lh,0.011524309046994516,0.04666755214920599,0.01121186067384706,0.014078801046492385,-0.04382856955468487,0.02514097313963675,-0.06650387140548657,-0.007084109597405498,0.0035997972304275794,0.03595041264603978,-0.020732661719196875,0.02573828571207155,-0.0013785602345031552,-0.02048146634118974,-0.03903321234581057,-0.032002291158108966,0.023457535367293808,-0.02051562891259871,0.021814014001193663,-0.00013999955734264605,-0.0010984162864467642,-0.03986276193714185,-0.03962499491680325,0.005703274820642516,0.05422769941242001,-0.005695636506150582,0.041021749843551246,-0.0037323609108310804,-0.052927097385746934,0.016157525296918773,0.056208858637403235,0.006861452976840749,0.07823431290206996,0.014995359285513918,-0.019842425299539595,-0.006644285211874053,-0.03485361750584908,0.0005579886663465134,0.09162329893533795,-0.03214215575708308,0.3431732701807774,-0.0016251653821465755,-0.06387396071965422,-0.00429684568303833,-0.055591211788832307,0.041932248122659124,-0.03902022013408911,-0.04526138799083757,-0.06202023511123668,0.002841558324359481,-0.038819227623340634,0.05165391659539146,-0.0008976048174121631,0.007173641308253722,-0.013833458253344828,-0.0003368643170146798,-0.033155707917232186,-0.011757953253757966,-0.07414115066798188,0.02023763936093748,0.052664991775727935,0.019970471166264932,-0.09012273304401797,-0.09765806442576047,-0.00680762598363699,0.06161836365226932,-0.003720869699501053,-0.0549767529202594
parstriangularis-rh,-0.02912673752218992,0.05252437535502904,-0.04068754406349867,0.08964492210302263,-0.008040904772716443,0.0011102822954386514,0.003337527372660608,0.0037753148838806793,0.015284169990220494,0.00787014229772533,-0.0333265358405389,0.032024073031449156,-0.00010447667546421143,-0.04649475178447821,-0.009112667556281945,-0.04102965433341808,-0.015093218210420974,-0.03124483874829061,0.036900408809511946,0.10397011216358128,-0.0009465174813364297,0.0061266839342427395,-0.031390153706532475,0.024627325064702662,0.03379710402718633,0.07466622159932003,-0.05706433063819714,0.002128578648758357,0.02337723553575115,0.05461761435951049,0.015478285661322618,0.03340290544614989,0.007862240305166385,-0.04095631763490389,0.0032399008031869505,-0.009000901927029003,-0.006776018883901916,-0.04986571830247747,-0.012333339846926897,0.01477305075553667,-0.0017149985402755907,0.12010624631454443,-0.052088121524709874,-0.04550659829914134,-0.0008728294313158786,0.016482927124358945,-0.027661412343865054,-0.05318423458854643,0.01992321943896383,-0.057301383940784795,0.0057853281753749725,-0.007746150763657661,0.004992197805864905,-0.015825911800500216,-0.00899205974284269,-0.029964995424815743,-0.023954032074305735,-0.0481171518288202,-0.006293297633054045,-0.03094657460572377,-0.03238212327395476,0.0440003315974732,0.016140940207283745,-0.014683639404450954,-0.014006802482500963,0.062863263297664,-0.027404288953328276,0.030408306180314988
pericalcarine-lh,-0.025065044413572126,-0.03559873184622565,0.035132747166847146,-0.006858602318937969,-0.003614095223948391,0.07416360827810385,0.05308620039925367,0.0010211573382418158,0.0650084824736991,0.003845725341652553,-0.009504938439560972,-0.0430483142728719,0.011846101488020068,0.005186464713331267,-0.09602010597385156,-0.029336790143713497,0.03061391518029299,0.014276666554563009,-0.005762487271389223,-0.002538796193271845,-0.04529393527697827,-0.007437403715829697,0.14365306666051386,-0.008885786676451457,-0.05585451117127568,-0.03853609226955622,0.02939938159897047,-0.003463662168916611,-0.0880386185201772,-0.022101582331069007,-0.04756045538595835,0.029228499432936494,0.03644542446649181,-0.015969275309943798,0.02473067173907868,0.018194775159509482,-0.018649717986825378,0.0,-0.014332572325536787,-0.07165602069520982,-0.06132551010476301,-0.05440389496878525,0.40003520764446937,0.04981315401040207,0.0007303837647203077,-0.03192611159515594,-0.03997665341973159,-0.029148894412074095,-0.020224466320489562,0.004415975450853173,-0.0653188212874764,0.017444597464119246,-0.032869019876974416,-0.04460131931291522,0.055189438116598016,-0.0306021909199417,0.0002977600473590443,-0.0030628470537618596,0.00825506065094783,-0.022773369030577043,0.009149121734770237,0.002582890159299058,-0.023386407140684882,0.0013625797335746815,-0.019713118461600072,0.02604714782703633,0.03517925965915492,-0.011875300418808075
pericalcarine-rh,-0.005317873872880029,-0.020008200105332656,-0.07410536129213158,-0.0429400009585881,-0.030682037003262382,-0.009661242382980755,-0.06271389617070709,0.037804902834682325,-0.03936724943476611,0.04008881937475951,-0.04239298404777633,-0.02201844148310134,0.005785890714154224,-0.03748604421710021,-0.0047486381268009885,-0.05432034440096631,0.04131869449118598,0.025136961072128077,0.00966873551695909,0.025852459708225257,0.03423754881236894,0.06999739151759539,-0.0677150349679186,0.0750474981940486,0.009255397539709243,-0.04399526712733353,0.02847275570148556,0.013557646062513435,-0.026595148013662313,-0.023589390291724778,-0.0006794247789610293,-0.044717690028165134,0.0064936341611325585,-0.004678618891724139,0.017444058446261696,-0.0015747062898620137,0.010670868754539452,0.029671888664766447,-0.0233818245634669,-0.007377126063589736,-0.004741581747232262,-0.05122956493964929,-0.015327801931233143,0.24489744829255938,-0.0213236174084187,-0.0005376489559957497,0.01781561686617898,-0.0205740772010475,-0.011735690984316833,0.040758275549260904,0.02985184454864847,-0.0016373548347311559,-0.03305432857989146,-0.014458068029946617,-0.024460788736106565,-0.011249755407820541,-0.021153999218926408,-0.01232929048915952,-0.004669019450076849,-0.027064679044817287,0.015066485111539664,0.10333218084441319,0.04910903546884497,-0.050731985270253466,-0.007496354543758215,0.004421578549497759,0.03767427473324565,0.00041025975547904396
postcentral-lh,0.010144286234552281,-0.009647852155998823,-0.006869669603506776,0.007039156630635403,-0.004593870294463036,0.031041789032901498,0.020946151525988953,0.004332568128534232,-0.04715972166474688,0.04384752910364104,-0.00020120849690339956,0.0017794499636952534,-0.05482634295961069,0.07394116564662225,0.09663364252460632,-0.019700328579589747,-0.02129023936018654,0.09020199659544596,-0.08917418421937959,0.04071744631545342,-0.0378396016015992,-0.001687645138436066,-0.020151535016102215,0.013327317084919042,-0.0287892949170047,-0.010131270334206815,-0.03314212167009551,0.07299050992680998,-0.0019678498733043436,-0.03827197521362795,-0.04588403496550337,0.025552135395721043,-0.026326322086159034,-0.01409655578138565,-0.03393705725701082,0.09621890345587823,0.012691601277401144,0.08252316027487668,-0.035059172168555704,-0.026234356571382518,-0.061149787870934856,-0.015412169314623985,-0.025585904333781582,-0.028955320175916777,-0.015131952504112154,0.016776374064903378,-0.1256133183322701,0.006291205294391783,-0.05218375308036396,-0.01466959148551893,0.07043437655722468,-0.012683374752128608,-0.030165670753151838,0.008371717396190106,-0.01806802734187232,-0.018437144619236283,-0.005232979312342807,0.04126705248646862,0.07396338018132578,-0.009097209348531742,0.07845046969879946,0.003347984851762973,0.05453214186163986,0.024139671925887313,-0.05425601718534333,-0.022534057360149424,-0.0013642443570455471,0.016019548619806864
postcentral-rh,-0.024219148804294256,-0.07799597433803127,-0.0018576790685257386,0.04320465921757522,-0.04179214474855102,-0.04952850225650016,0.06987469354553992,0.007984819666106207,0.02485009654051569,0.07113366534731243,0.028773018874738134,0.010432735257417952,0.009279621547494614,0.032888414200188634,-0.009425508802112254,-0.03759069921937038,-0.004239410697037776,0.056009203806295954,-0.007204083757354434,0.02258692403287335,0.0444682933687789,0.043943200322811904,0.015811104113452004,-0.00032930717978429225,0.032570498064370804,0.003724801891729409,-0.001646125450131924,0.06165921628656487,0.0018307834320859162,0.029205159231872616,-0.05559655789578792,0.03730571621047852,-0.025222210130547505,-0.09183294606569076,0.0062170013295742435,0.062294990205389124,-0.0035972514592044424,0.05053214207032261,-0.01024050016135587,-0.01151955126758324,0.013221882349763346,-0.010289854455916977,-0.05765024715020701,-0.01691957745879097,-0.0022679275969152957,-0.35421125066533315,-0.09253629628188487,-0.07327362423924533,-0.01140959765567925,-0.11004523592992194,0.04159684781522535,0.026359918976570258,-0.015832148574026112,0.034794176820255145,-0.0032823177797986322,0.020176312988798593,0.004031486580220791,0.06770039666805759,0.030445508786830996,-0.028897225879803066,0.054140544761065064,-0.008189526832939923,0.05333376058404429,0.006799928752993303,0.04392961435346057,0.04398056173852805,-0.03511143870571206,0.06666217076873554
posteriorcingulate-lh,0.04579251589096738,0.06177761698873126,0.013334563068458571,-0.007913452207032065,-0.0013835814913154163,-0.003558233640907416,-0.01790572664056331,0.015814248797826357,0.02568238764917554,0.05096576916071281,-0.023085232264325586,-0.04327282995013951,-0.016411582753300968,0.02634152369534085,-0.03452602009711292,0.009663481727481821,-0.02107368887909304,0.05451854361356294,0.09128362154565862,-0.0059230710610408315,0.09097483032009608,0.01911459619638132,-0.021003350659680085,-0.0034777858606548084,0.04159030380884563,-0.0841042795477685,-0.0725371293245803,0.02897746546728238,0.03937570394059227,-0.015755843467795287,0.0024413756897935473,-0.026951865783348076,0.02371495515301849,-0.0005476669350718964,-0.040455056388476136,0.008876058871920368,0.012139979011948512,-0.03427956593740953,-0.022132730497559986,0.001701871244126905,-0.0267576791054475,-0.040101288303047496,-0.040781600061071156,0.046930303747416385,-0.11225547861688219,-0.0538934912779372,0.20977737559242987,0.05486758513603944,-0.05651650429809738,-0.023012365552033173,-0.002607456214463303,0.03461815719420405,-0.0159157172345501,-0.035471604322307754,-0.05843761570287713,-0.04429368688967166,0.014822980251438626,-0.03347910020806445,-0.022662996545292628,0.023286242158293162,0.03481024408568979,0.015908628604490438,0.01144666640187534,0.013828878909744623,-0.01302710036781031,-0.009290654322526666,-0.0008444916183507235,-0.03873094989593703
posteriorcingulate-rh,0.013689801577829062,0.05341713092286239,0.00639698413586154,-0.012212582131357695,-0.04402545617599783,-0.0380628060641366,0.023240746605092424,-0.01007390725636096,-0.008930051422484405,-0.014077681770046379,0.02322170611596375,-0.00662993552728594,-0.0212339906889774,0.06214369099410521,-0.005866889475982839,-0.07283148346673846,-0.04758615168533396,0.03461610540502359,0.050618551147770974,-0.013032873692321268,0.09486691129096243,0.06519643338955267,-0.026138994347707552,0.027485845363727886,0.013557138365300633,-0.040670732863392386,-0.03449417184923542,0.009224403739763493,-0.002156785047067004,-0.003763256543519329,-0.038224123042063886,0.03184264419050908,0.019439533125590207,0.04769276602022708,-0.00355064808510536,0.02708599509202577,0.037894542718839894,-0.033046350421809624,-0.02857332398386514,-0.012027200952186363,-0.03131955791913702,-0.06041751870280488,-0.022127033043908183,-0.024981928011601675,-0.0030034976124892567,-0.03001357883254925,0.0764016061889331,0.18647126267923864,-0.029105651404683998,-0.0188445023350349,-0.012799364110661819,0.03176530383238707,-0.009005159019666246,-0.003297043654984386,-0.021466321869029536,-0.07258184838940002,-0.014098706935566311,0.033536007300216344,0.0171031968862512,-0.043801994018569164,0.03143702595304486,-0.04760903748497071,0.0036294769505208074,-0.037308753077731405,-0.005988016756987067,-0.002396496742449146,-0.03207280463075827,0.01747340105435883
precentral-lh,0.01702503044085567,-0.03675182773638846,0.02510813536496797,0.025674481514257073,0.0064133363824103295,0.030773247395259155,-0.013343260791053174,-0.00579578184885307,0.03558067377324561,0.009061248751430807,-0.02355810041006574,-0.04888738088193753,0.10559984442885957,0.0206215000266521,0.03549589069504592,-0.056546711442147,0.04554795829821818,0.028149449999284152,0.05820485730423182,0.001839273237517299,-0.0055601024772134145,-0.009487258869850308,-0.06302873325013601,0.00318605477090805,0.004976764080028663,-0.049872593845052805,0.05052218482857545,0.028073347369138933,-0.05949591916892603,-0.03004306224860745,0.08607724791670747,0.025987592234336925,0.012876909738565095,-0.04822694704188181,0.04638181861467216,0.010058861188238321,-0.057842055864406404,0.008535323647733834,-0.001173717757238264,-0.062299889807738304,-0.058967684969914835,0.004567637925053239,-0.02931997952540854,-0.019619337075033196,-0.028094058920418857,0.004398414172443117,-0.06255283615000533,-0.03188784772701586,0.07534858808346347,-0.022263744230816063,0.011159355985805017,0.0267986406018689,-0.03420771097958184,-0.03227214081895177,-0.04435232290958608,-0.033697777445064296,0.021704069851170446,0.040535593017665975,0.035276310071291755,0.02659062658962237,0.016783617694946247,0.005653659095709645,0.009661114076794382,-0.0589244310777166,-0.011994901783313241,-0.01992388806721668,0.057995454769104234,0.0017478911854596965
precentral-rh,-0.005043601929919626,0.0194934972563324,-0.030956176777166416,0.032005354253941964,0.031210740457763345,0.008094972454996137,0.0492686914262124,0.045377195077883146,-0.014563812702838448,0.004818332626818415,-0.031765189785416155,-0.005164436413027934,0.015819018718805082,0.003999196576940452,0.043272619795592035,0.02223449250069403,0.007453880659256672,0.017588039315426886,0.007643969377758096,0.01971298577473971,-0.014656192954528614,-0.022792910898278913,-0.038052650205507785,-0.035260125440348185,0.0017545575155465385,-0.01790546153496832,0.03413577723531623,0.004245920551207832,-0.013696917051676803,-0.03058637832862963,0.002013793683055093,0.06447799477787589,-0.009332451571731988,-0.0752656852340229,0.014986438786236393,-6.179281549690196e-05,0.03509412642037555,-0.07366358601268637,0.025629557872451796,-0.05228363774785011,-0.007347005760464797,-0.10359535764438041,-0.012410718375667013,0.028948733772251028,-0.03406950276332579,-0.03171927856435183,-0.030779239146638875,-0.02648184797198017,-0.03185610507560305,-0.025367070767167012,0.05866948606875455,0.03268725899547455,-0.003179964781836375,0.009513258248194241,-0.015227692191384902,0.007665268126083807,-0.041519608958166865,0.026986613244258918,0.004388967048151881,0.033588424920164506,0.003134475884228756,0.06932464499072298,0.03015492868164245,-0.015373342576420885,-0.01673027611909682,-0.001338052984306802,-0.002517226747561389,0.055170084737294234
precuneus-lh,0.014290185606528446,-0.003386915313187271,-0.03161112054873615,-0.04393926392284541,-0.015125646289116884,0.032277790720729546,-0.02680654466638449,0.08063899726684606,0.02894110822746266,0.0057052200069521745,-0.0424055283927395,0.001390380425055506,-0.04099735470414552,0.01779854972497635,0.07233553912648151,0.011237874860961825,-0.009666750737937218,0.007101352844760811,-0.030795484552286718,0.01823152562140357,-0.032127890541256594,-0.005153482731166327,-0.017847187658571993,0.034831728944470335,-0.040372087125852926,-0.023585610574129907,-0.05165385268681964,0.023210023419276454,-0.045694693211182656,-0.02469081455832589,-0.011734743150195579,0.008860362278467775,0.009005418808795615,-0.030619643076249498,0.018483145011100197,0.03117879481066117,0.027135127275118784,0.04116939434045807,-0.019063995199891097,0.005038269492024284,-0.048135839649510785,0.001500688617326207,-0.05898052728695973,0.024216126044538037,0.03789862780267916,0.05599020818094168,-0.008311469302662982,-0.018620770531688622,0.0038583816778927447,0.04913033506704,-0.012700520071699884,0.02484592346286909,-0.02410942667087746,-0.01624416234371657,0.0006564097400080474,-0.0307673526880542,-0.06624737052203977,-0.025647750077146935,0.03164270304701843,0.07105018683750773,0.05412430202196849,0.026537859203493518,0.005238765015711288,0.04180513969084914,-0.03928991961876694,-0.02914292464000083,-0.00659540235015539,0.014715600171926644
precuneus-rh,-0.03891233530216586,0.06734128787866568,-0.024636859695808054,-0.025904664983059978,-0.027036048139582665,-0.012722845399610702,-0.09544907194371834,0.03095275728573814,0.025186017465226626,0.04030135532564175,0.01308989332984162,0.008656929278687032,0.06330373499693055,-0.027026688516886485,-5.037087885368182e-05,-0.06192619150155175,-0.02344640113661602,0.04832284047795986,0.019601692903149878,-0.018282157640212786,0.019520438069545686,0.00911064982806586,0.03083034902454011,-0.009616513214841022,-0.0307971718191167,-0.009442966687760452,-0.01771716131414794,-0.0006354342938638947,-0.09055434428820756,-0.02168581383427955,0.035579767978321956,0.06449169545061763,0.003448357961020912,0.0047219612930110375,0.034375882103216904,0.02942020661617002,-0.014021122033947545,0.005830848073209519,-0.03342808002031617,0.017295564330244536,0.02228086731903566,-0.021522697948442946,-0.03533582289814433,0.0007592152950822069,-0.017016324348878557,0.03038192163723216,0.020457261120876542,0.012770409018301294,0.027262163425595596,0.027571026138294295,0.002643538839568643,-0.026880308137973097,-0.0346251325114262,-0.018151907038867342,0.01398936871638876,-0.02026894224764958,-0.02596061954863314,0.0202716101967414,0.0217576266967818,-0.02484479339097634,0.0016172365299271356,-0.021813345545688943,0.005081151489813949,0.011380969208019806,-0.012119485602788044,0.039789990271234504,0.026090888488306152,-0.01365585219698968
rostralanteriorcingulate-lh,-0.01635082522434494,0.021004344082998193,-0.052887503946207566,0.10568335501699903,-0.07310508965023219,-0.012474818138122007,-0.0021464680559611883,-0.03809285755728725,0.05056581173832634,0.043128638315944635,-0.01695414761350621,0.010473863775384926,-0.041094355818395115,-0.02509229353995718,-0.08668925469642168,0.0049847956297969865,-0.010671797578844181,0.0075372912025910765,-0.020701859796930868,0.08298171035663081,-0.030730296062022853,-0.015610894688376568,-0.017020212951128346,-0.005709509611372926,0.012970560711155222,0.08264600497101152,-0.03448344282288572,-0.00486291798603667,0.08560281748802273,-0.01654332050608303,-0.0582776892370672,-0.027593155044530266,-0.043431575185185235,0.024989348885183654,-0.02602419323845962,0.014207179593983103,-0.04990238987146895,0.0303901191600868,-0.047258796491791315,0.09968386885224102,0.0029554271497465624,0.018461283867767138,-0.045387234536342254,-0.026399744601026214,-0.01936871484606895,-0.011001673306527937,-0.006435785230062363,-0.004723869651914985,-0.023662100885761508,0.008843194975040419,-0.01310094146800859,-0.014881666253703149,0.2646475280443792,-0.043990084526188925,-0.003576180866398228,-0.006399016900218741,-0.02762116429051801,-0.06106173253394788,0.002013793683055093,0.03659325116430628,-0.03252327755551918,0.00883042405852676,-0.028931430350598558,0.002755912053756029,0.02156512942665733,0.09542065973316911,0.0031742263030798707,0.0006637428755847061
rostralanteriorcingulate-rh,-0.012614251162604846,0.03571753381142053,-0.03210556383010487,0.04992522082174285,-0.047586617954553524,0.023231849201975956,-0.01847912920388113,-0.02236772372292691,-0.0021431750682960452,0.05331788186537006,-0.018136233724223544,0.03906476683956339,-0.03270652461901694,-0.0021499488189407018,-0.05823897040651152,-0.006412245447517967,-0.01914570620013818,0.0018572801974738658,0.02396677953855622,0.034111100905706605,0.0011237088807224246,0.01625931472968191,-0.031141045689462056,0.02429935970686097,-0.026153198521135602,0.01569392784480028,-0.01900306990512502,0.015237582608758802,-0.00678231872170949,-0.010493611377147475,-0.03867455488463033,0.0407545080885452,-0.004605484895645834,2.3041372773727998e-05,-0.04076268380966876,0.00979834324325844,-0.002207104017689713,0.012821497981160468,-0.06360386494000399,-0.0034983763781887035,0.0031109068117271543,-0.009612996391111196,-0.048051728840979115,-0.016679943361181823,0.00020428601442774923,0.033661985128576974,-0.043142735316222924,-0.01594717725966517,-0.028948345951221574,0.01542569033766393,-0.0038673363058182265,0.000849536335943473,-0.03324277874213384,0.22825043791844735,-0.024026454930775005,-0.0301176952986111,-0.03514645030344734,-0.023888788465317477,0.019165648310291508,0.0051273296758945685,-0.06158500710971195,0.047407081184948345,-0.00400749741998636,0.030443507626512052,-0.023033304075304403,0.02952184122273749,0.06603907344609387,0.04389862141897455
rostralmiddlefrontal-lh,-0.024617168505370563,0.006892972378838803,-0.06582099796204831,0.026678529241599948,0.013888330534590885,-0.0006677685284639909,0.019455272336938893,0.02084920025204669,-0.026766039772717156,-0.017231421924377783,0.051557928325074644,-0.0015097303573766378,0.014575642606387891,-0.004186977492795595,-0.0075980922402944535,0.004098497765066078,-0.02042510096505993,0.010030664722653142,0.06743168415102548,-0.025022762265930604,-0.033417510306618686,-0.005774384032375695,-0.0616867556477933,0.017545242018079506,-0.03639781915606195,-0.023915458329946414,0.03744225352291302,-0.0014221935399034334,-0.07859992739414849,-0.09295807666291618,-0.0025146161731244496,0.016928565669382615,0.028548275796741518,-0.004564409813812893,-0.015161400123841217,0.00537105760682425,-0.013032772077480926,0.021767480860928,0.010035272644339578,-0.009299625880046814,-0.016196819235825284,-0.01915502425681812,0.008609968574344288,-0.021142755747633944,-0.019546474165842195,0.017547771295181414,-0.05327394665622875,-0.02717040295429917,-0.033512431203835354,0.00039417323236901243,-0.008886150778344652,0.016698201554437922,-0.018601911023508656,-0.03550732089840839,0.3537374034514336,-0.00779852516809801,-0.015311165628902937,0.00016401342871414257,0.04412134770919226,0.008911939698750334,-0.036361572549383,0.008940735225995132,0.022500265311391626,0.016766316444879612,-0.012492934333723367,-0.00012909265652689814,0.030879063537974594,-0.00469053348821087
rostralmiddlefrontal-rh,-0.0018599622211550512,0.12761030883194968,-0.003286426830539773,0.08301028750379952,-0.03409612973099539,0.01455517497163161,0.05050317656107359,-0.02568194548535141,-0.024702993180861922,0.017579530747327453,0.003674946665281372,-0.011160664797104522,-0.01798224209356375,-0.012726163575902968,-0.015839798220273614,-0.038524431234959855,-0.0005261629574534963,0.017727432705115925,-0.01643527615732344,0.0638151490401951,0.0028992114488478973,0.017634770496673436,-0.009319501619187867,0.02597234207615436,-0.005574888080482069,0.020946639390417382,-0.015916484873029057,0.006330734788758638,-0.006252532587324546,0.02307758245895783,-0.046214295397610086,0.019108058655394215,0.01269716135456129,-0.006878022995307711,-0.024050302576766217,0.0028593922831247785,-0.02064122816912414,0.04222466202661668,-0.007325880919549699,-0.01883084387841626,-0.006562621085869287,-0.0330000748351361,-0.054868885524074006,0.01466974793032583,-0.023617830958887937,0.025476250180508503,-0.04868023119446482,-0.07323040604188004,-0.019229548009720078,0.01824096777506175,-0.012851091375047868,0.0017281026306604165,-0.007761055502650388,-0.02357321538791356,0.00043753561813896587,-0.065179989644526,-0.02516481403375782,0.03219359361442382,-0.0003985633331046524,-0.06374923453899604,-0.002712925061019271,0.1141824663194095,-0.027271705533873928,-0.046426157820438775,0.019618416601049106,0.08214259616141317,-0.022354906812946773,0.05954319543971833
superiorfrontal-lh,0.004858359719322411,0.020827354176066994,0.02866242304313104,-0.07299697937995817,-0.07562522935049559,-0.0068338553052056045,-0.038601760482742165,0.010209635919285653,0.01267275524305492,-0.026363060598303168,-0.03200799901735161,-0.02009940850098607,0.02017503730838154,0.005818721938891427,-0.011944000360130817,-0.018763480176675697,0.07540729683716807,-0.007462449903570208,0.023553130068457318,-0.03852159046903308,0.010126987765501064,-0.010040292707394068,-0.055234662050045916,0.01499245027144228,2.0850392337624244e-05,-0.04892940029496713,0.037200742397346005,0.0012215375627921059,-0.08581730277846318,-0.1298312419154039,-0.008896392559073147,0.044513156663218895,0.022790547997355852,0.021638641557965962,0.020894571921832535,0.0020522766442077067,-0.05531680079083993,-0.006385395278312652,0.036266732732458305,-0.045744239038055044,-0.014237104610456531,-0.007229281624091955,0.00011732119628316145,-0.023217207709534327,-0.0007317966966035657,0.01177830282751906,0.024550462876075922,-0.012923478348440482,0.04903340821153371,-0.020227290279057588,-0.05518108655846588,-0.02829072182998023,-0.035461145700289756,-0.04983278331112401,0.0041130113210729215,-0.03466134750689947,0.4238470995987006,-0.019874741325122666,0.010299687009093497,0.01051629381055047,0.0007436253614066202,0.09502597904464408,0.022503703171932544,-0.010743883777041134,0.00046352942313895813,0.038997580914361216,0.009242174479889325,-0.007107979172304827
superiorfrontal-rh,-0.02563482776283941,-0.011156881195836672,-0.03521893355209891,0.06257752063710259,-0.017159212155741895,-0.01956891642409361,-0.0092554146312916,-0.00018265702525339022,0.004697405586821039,0.043508009027449224,-0.06531786965867124,-0.05200709114471885,-0.0030230448783312145,0.03853049001311329,-0.021936279079819185,-0.042476718931267234,0.0030555939254078594,0.042279886938894326,0.01681716805961415,0.05328194838757045,0.04556844775875455,-0.0059096442539752604,0.03972195692869025,-0.0393034550556665,-0.03017822145368391,-0.06024072442546389,-0.03285011774193868,0.057457258385040365,-0.046495194133631526,-0.07300329835633754,0.04566895007955262,0.08820938687236758,-0.01878313854436305,0.053008022657223854,-0.04560525302931088,0.10627474456029358,-0.021088766922752616,0.021148389146310186,0.0005487398484585532,-0.06564586398454791,-0.012266246498703346,-0.04893541626089531,-0.015942533324186152,-0.031245311596739437,0.0292078966976233,0.0704405825095824,-0.02905783148779672,0.009719819470773775,0.043851977963735266,0.013750416495048831,-0.022111741292284593,0.0551548145536327,-0.0882860746312339,-0.03372555934732876,0.002324435230100969,0.011955116898422099,-0.020840036151459594,-0.0222627044024413,0.02414302338390507,-0.010190038073732702,0.02324014793540319,0.0324055125274957,0.00848480449200834,0.019227382927658895,-0.021083800835144235,0.03496361148414029,-0.00992872780806468,0.0066940846694504225
superiorparietal-lh,0.022523551147074675,0.03453892919035379,-0.06724588881041099,-0.08962164083469232,0.006181537002184887,0.03880618308689067,-0.01565905873948306,0.08138242697608739,-0.006726941887190437,0.03857099275293524,-0.04108663990289863,-0.020324898310146035,-0.012044175553170751,-0.007335663993649251,0.05329774420086445,0.00881031387408587,0.0032173175073935568,0.03985616285633411,0.03708879833477427,0.03342615076408592,-0.09547915020387383,0.031054587685397456,0.046146168988967624,0.06631307196258505,-0.027245948608263248,-0.012712099100472546,0.04042795319231793,-0.014235722250416938,-0.04322308951721194,-0.011758341717290755,0.012829393694670652,0.06753865373309272,-0.021721843636883766,-0.01654988249625316,0.025671040727541616,-0.03379660058823002,0.03621287717787196,0.041995619963769874,-0.01463662509716261,-0.02038016143760288,-0.10630733004635624,-0.020771935392144433,-0.033668894644122455,-0.039967768738142374,0.019005780201331018,0.04869681191748461,-0.05867929543126889,-0.012601572845558871,0.016651274147612617,-0.010254347984403618,-0.018622385082960713,-0.007465856451907003,0.0,0.009803268694368547,0.03566452531409438,-0.010750862180831771,-0.023254242276264204,0.03039082000199943,-0.17142125151001616,0.028803833835958192,0.04973076607986555,0.031956037928251205,-0.025169817730637513,0.06007652946675442,0.03077214252333806,0.021748566888260067,-0.0062120415307801175,-0.03225785728790021
superiorparietal-rh,-0.021529558435408404,0.0989511356991464,-0.01921683439544245,-0.0047258536154877176,0.017815574424309828,0.1066363148745834,-0.05121949015944567,-0.027476671547379174,0.030533665795627288,0.05458599388165906,-0.009658288093411632,0.008236762470197846,-0.02411263271357678,-0.06207900074476059,-0.01669284962555225,-0.05549137810259337,-0.038755449600175844,-0.02844105226478032,0.004010448315839836,0.08146843899344884,0.0210647044079073,0.019971070840829438,-0.020080648983384086,-0.022579626081690188,-0.00671889591159925,-0.02135059775521404,-0.021934360120764496,-0.03722370714865971,0.0014812147865219125,0.04400088364582567,-0.06269859338536644,-0.008007705357443865,0.03760632032268894,-0.06302688128799029,-0.037727759762322996,-0.04477117809863637,0.027111423039713065,0.026548923445210204,0.013228910630707658,-0.044129599312168886,0.012176521173070765,-0.056664846606967356,-0.061569195901716715,-0.033419188777428256,-0.004125136722034078,0.02333284593158467,0.003646835512674186,-0.04993093047762521,0.013727303829881823,0.04766465002595638,0.08555861994045695,-0.013570866456334483,0.017447783263930757,-0.0016887573594297535,0.011356382033950913,-0.06320337996592724,0.00787729261575085,0.0001011200259272322,0.07337523652082788,0.13164877251507318,-0.032120257246193294,0.04158740231983353,0.00033763339072403147,-0.006443561970598742,0.02998413472944164,0.015399178040095536,-0.022598408452253336,-0.013490355003633702
superiortemporal-lh,0.08084581764399278,-0.013181784247844847,-0.024841341468071883,0.0018156031711829093,-0.026501194738893046,0.04429666193423389,-0.017282940344728076,-0.019651827261292967,-0.05081516459380873,0.0017306885612972498,-0.025519942746530976,-0.016697324450450107,-0.029202005030861587,0.02674164235782627,0.022748018077281218,-0.04165121105643556,0.039679906203598264,0.007240658657586532,0.026949692419949614,0.03967891115594781,-0.0190305648137778,-0.05079307873026988,-0.01954796383635193,0.08855510099144054,-0.0202604745098951,-0.05993557476697448,-0.037792240393757164,-0.015770345251558376,0.005111617201619072,-0.06539814377451547,-0.0948331205265772,0.0203598959770824,0.017729167509742114,0.04039108660056476,0.009435401033349429,0.034196216919591224,0.023913074803802583,0.05447367689410395,-0.029816316815310336,-0.06682885430853792,0.04110868887298842,-0.04730284243270654,-0.01087884911414899,-0.003915149126498584,0.06402414714049812,0.06868699703563601,-0.03022600804324528,0.02430468127261657,0.012854719709259275,0.015315045538631878,0.0613167127902369,0.003844942218592261,-0.03842952674876868,-0.07917770604994274,-0.04071129751574,-0.006070943919225301,-0.00526268288560647,0.013681864631249834,0.07109843568098984,-0.03617892708675162,0.10582945156490729,-0.0026105952954114885,0.04483305591649656,0.03738592578113256,-0.152414287170967,-0.007167639231896294,0.020796242163962732,0.0347241198559616
superiortemporal-rh,-0.025672056165284292,0.02637324094833063,-0.008659133128529608,0.034746975713327716,-0.06530476490642781,0.0025624586663809856,-0.005472020995029131,0.01104227402683906,-0.023958757088277074,0.09345417624788506,-0.04358456643045545,-0.027889064538626922,-0.03215440272713441,-0.042570268908352776,0.01374704944770079,-0.03424866248949082,0.028137813449173134,-0.031376169542626564,-0.00638383798915533,0.042924377904824625,0.033372825630032105,-0.038984010495171036,0.0062436779647811625,0.03887844991961423,-0.04041807644774223,0.008947864538871537,0.005069792647066987,-0.06548391833836081,0.0010112630083496776,0.055194211319820795,-0.06679901539641546,0.010942129175635166,-0.028827966569005197,0.0014902734933790267,0.034395775711706565,0.007814518326043157,-0.028707404395652968,0.033992489877151214,-0.07806996982225639,-0.012299308155494721,0.011119943516753217,0.04340608848768381,-0.03075759628820168,0.07250627615731005,-0.013793258249113578,0.004938182308862251,0.011821069344236415,-0.052170617369159164,0.0036035493220135132,0.04099249885363886,0.008017233097614035,-0.02691319645935883,-0.011061826830506185,0.03555166422158107,0.007965404418547697,0.05100662694531022,0.05894570250416131,0.023059246635443387,0.03217054934509798,0.010736354981283358,0.003662035173038036,-0.08729605834289228,0.003022482090340532,0.012099952928768476,-0.02041758809466787,-0.0038335155999132398,-0.007804236420399953,0.035944769835103925
supramarginal-lh,0.06643232077076659,0.02498219407753952,0.03987694456839939,0.03439627539280499,-0.025851175372806897,0.05505281595797253,0.0232164717730516,-0.01717377263141924,-0.0672566306352329,0.0023748449411431596,-0.025368665049196763,-0.025755566055654048,-0.055357029878549464,0.00982620119546885,0.04776929510370175,-0.02738166209450972,-0.05502610600232673,0.047069199787406146,-0.022714115343222985,0.026249346934177107,-0.017746362782999268,0.015367648646416437,-0.004679588961521732,0.03784388863892504,-0.07996016071887976,0.002739938296381097,-0.006726232458479275,0.056770499100452156,0.0032525350393493905,0.010874436295134175,-0.01685498179627655,-0.02029421709169399,0.025490685942871093,0.01835381058419923,-0.09687337905983291,-0.011292048743980616,-0.016221423610776033,0.0753610497457371,-0.04881605870786152,-0.024592201085329904,-0.07603875869711822,0.022048222993500982,-0.01751640078517798,0.04773575344507107,0.06894265088485341,0.06605778651084243,-0.0028783206518276263,0.011295854406140412,0.010341395921206208,0.04456224557126375,0.019299265459771838,0.007767108488594984,-0.04652341494649262,-0.01996772326503406,0.02381566478581795,-0.0395561777055805,0.012077096680731838,0.006560272050769727,0.017921473952868,0.005625316895397464,0.07086573099810196,0.02123188037648984,-0.09571269622902907,0.0072954230571112945,-0.057279906201201845,-0.020081790562495677,-0.052560086822532576,0.00731310867660996
supramarginal-rh,-0.00045475165406130624,-0.03907858809742394,0.0028697811349327846,0.0349758784611195,-0.0031935493443555527,-0.005339400599881384,-0.015520829765552503,-0.010390151586562592,0.008819633424046961,0.045616809277039164,0.017808200663152234,0.052769541761451856,0.02057911740123933,0.05932911800084107,0.02777043660535307,-0.11284871321926507,-0.027151472928439502,0.006384336509978071,-0.0009117335784441381,0.03467710658923638,0.03596312136387432,-0.002895127948437843,0.0013097229131716832,0.003325174839825241,0.02778108232682882,0.010650278288564498,-0.02085185432774062,0.04235995840048366,-0.011269812668971252,0.03409140636210238,-0.037122417056315075,0.046107799925936194,-0.026476613732653972,0.029252360453504996,0.030597073131415898,0.05716872111070441,-0.02747087925306735,0.0077758673758493504,-0.0292744513565679,-0.014134478566203524,-0.11377631532906406,-0.04224625679416135,-0.0004417930792860597,-0.060864103648173955,-0.0013178920782987349,0.027651734445645032,-0.0028258075348556876,-0.05919293461620248,-0.1066715762991767,-0.04331126721843783,0.05531118000827313,0.007407032753338261,0.0027948015735518197,0.04029581303340872,0.027092360120379327,-0.031158344786814632,-0.012852067414112057,0.054082816063655025,0.062266110012554644,-0.028269315880163418,0.025525359441364113,-0.0007286110984972956,-0.016429804102952427,-0.06891241747645299,-0.012967226456579571,0.03689171343022881,-0.03448267248127656,0.04353178477539864
temporalpole-lh,0.016079906661039332,0.038365210991377595,-0.03239099837693269,-0.006138475709086562,0.0485280379568023,0.04572046915950716,0.011594008587078678,0.03436323328133292,-0.03147666213287702,0.036959488900492554,-0.008678868520146089,0.002587544630180808,-0.03792979332248415,-0.00370567686073286,-0.0029362102059142105,-0.04674764343512688,-0.021571350340174742,-0.0056322066269692585,0.08041528583551173,-0.004888621976582859,0.014461789307497834,0.057006363973003224,-0.05706409295910851,-0.010370877515892343,-0.06533091951759633,-0.04014271301312393,-0.07477609255965985,-0.007646529043745289,0.011862266852711127,-0.025184256081004566,-0.026721917986479764,0.014064325793908126,0.0975911425829034,-0.010924960820605085,-7.657980662715797e-05,-0.007711737049838883,-0.06993983996929787,0.013108109122545893,-0.022461255283356116,-0.036056256332700105,0.006479176206797743,-0.023462788777786358,-0.02815896836065539,-0.010537437063582074,-0.042301264262746316,0.06358842614770738,-0.008791591463006853,-0.011867272470549126,0.004093038888912238,-0.013780494103840194,-0.021241099593259333,-0.014849110455251797,0.017408693032620087,-0.0035622588071284435,0.02420691181173722,0.007618061257234033,-0.009101352196916325,-0.030110256066462025,0.053534032765405894,0.05236656290912435,-0.08778766603953751,-0.013338264652713754,-0.023654272211366328,-0.010210984341766228,0.2505806809984985,0.006999068390664121,0.02720240088825543,-0.027524620620218376
temporalpole-rh,-0.032973842826406086,0.036076749398172785,0.00691961857715555,0.05458583557872783,-0.04082894696154514,0.017016262785897615,0.05993529867297949,0.016913283266198495,-0.007890840740196333,0.03735632170406686,-0.017470154841498376,-0.02834143051493028,-0.0720832171117527,-0.05433727210114526,-0.020601021482245158,-0.004210755621266892,-0.04246986304525622,-0.07599983600271745,-0.0377476614620756,0.05063861990288984,0.010322493472911736,-0.04022278520198856,0.0016337060258144612,0.029098501571836285,-0.04810412480424885,0.03451614427571303,-0.05705525393083829,-0.04900545634657981,0.007736461695099664,0.10150343766160615,-0.0760390658483069,-0.005676778802945819,-0.00996790210953815,0.005140525508861598,-0.009440168325125552,0.0011164932822217352,-0.08022381008812843,0.012647691930089047,-0.008623872222448816,0.04043460746230806,0.046543744418671915,0.058395550507548424,-0.00822301727340114,-0.006235020843321716,-0.048086414473678556,0.04808115150630909,-0.014280033274165627,-0.005007527113830336,-0.02164203095525134,0.004596850345469643,-0.039276859751749424,0.041939792952929385,0.0627219389044725,0.009030646981176137,-0.012275477786835121,0.0521580557077908,0.015985314270346277,0.012289682154375115,0.023235278213478025,0.01378473298698092,-0.015710864841956818,0.016824426414345426,-0.02742319618237204,0.041008426469341844,-0.04224700555842008,0.1157401691014335,-0.0448930969009205,0.01868679163986814
transversetemporal-lh,0.07631437572138597,0.0058644890389050255,0.006371585208623111,0.006103650573972374,-0.008553468390996804,0.004429716427800039,0.017243866681522755,-0.0001838883982731826,-0.04350015017929272,-0.05916485250660011,0.043729583613766596,0.050324269202921136,-0.008350712509218094,-0.011172419108752118,-0.00616958392968531,-0.08537909846529863,0.022812908094082287,-0.01548872038949189,-0.013293112739673079,-0.00012990349098896686,0.00564771411479732,-0.053047547679218036,-0.021868345321211145,0.015481506707516784,-0.05759976772281294,-0.012894563543894415,0.013771967636116947,0.008428868292126565,0.027144942899866634,0.04275096069646108,-0.005483423714055401,-0.004792198726005491,0.04189401477771424,-0.027548697584193673,-9.945994549270541e-05,-0.005468037046345659,-0.048601662939461915,0.016989958686719712,-0.048392421153186774,-0.0278644347623083,-0.014344757821705233,-0.03932315070021221,0.017300036937646108,0.04184054477335626,-0.011482790350245705,-0.017916933455846218,-0.0060146381888891865,-0.028879693202852167,0.07483556807192047,0.009205054423438835,-0.011991823491153606,0.028959013566553914,0.004113215753066664,0.1163742257277126,0.03728153787710707,-0.0340132135171543,-0.004919534651752373,-0.013009107192535901,-0.0006842774712797441,-0.013715415883734589,0.03019265483261608,-0.0028327675425553335,-0.0515704098995503,-0.02798597849822849,-0.04516302388654454,-0.0572195812256361,0.14872892287662304,0.03197841401199371
transversetemporal-rh,-0.000650281815029379,-0.03179962734598097,-0.07640943533524236,0.009977315710888422,-0.014249262813201337,-0.009959908052007325,0.03457099172484414,0.015363924006628818,-0.030220494552590977,0.021806914231303636,0.005170997535317812,0.044506081529466245,0.0013313237755514702,0.029900447902067792,0.06110358782233952,-0.058394037803119206,-0.027197609444533113,-0.05207586924710752,0.05124445868891928,0.024092145734970476,-0.0203476010711497,0.04191077370771942,0.024120358630431375,-0.006589511573967623,-0.005082389238053807,0.04115574793297761,-0.017935015719259685,0.02554870629776099,-0.01261402571608271,0.010810415717577631,0.0003957394076283401,0.09861363121819613,0.01722691307376592,0.002895948711902991,-0.06336730992223653,0.01987940643266996,0.0022131410754613677,0.11869364196470641,-0.06364767791652522,0.06511090113488972,-0.10515860813823516,0.03579623581073921,-0.014178664313087683,-0.0020234024745456754,0.021760024257093502,0.0915424137444248,-0.03854064747726884,-0.008712104150459369,-0.0013830796647984322,0.051896221104879424,0.020297863020845235,-0.02819330389619845,-0.00955390856996222,0.05363698115925824,-0.014045823840848034,0.04754153779309557,-0.010022678268476425,-0.0007496156212160229,-0.018500015484604636,-0.012038904913576783,0.04140442408631659,0.0203573424782651,-0.0029339734081668314,0.044660483811825975,-0.037024550480952254,0.03735987406871895,0.023268419513114074,-0.4635659965480778
