,Fp1,Fz,F3,F7,FT9,FC5,FC1,C3,T7,TP9,CP5,CP1,Pz,P3,P7,O1,Oz,O2,P4,P8,TP10,CP6,CP2,Cz,C4,T8,FT10,FC6,FC2,F4,F8,Fp2,AF7,AF3,AFz,F1,F5,FT7,FC3,C1,C5,TP7,CP3,P1,P5,PO7,PO3,POz,PO4,PO8,P6,P2,CPz,CP4,TP8,C6,C2,FC4,FT8,F6,AF8,AF4,F2,FCz
Fp1,0.06282722513089005,0.0,0.002617801047120419,0.0,0.005235602094240838,0.041884816753926704,0.0,0.0,0.06544502617801047,0.007853403141361256,0.034031413612565446,0.034031413612565446,0.013089005235602094,0.028795811518324606,0.031413612565445025,0.007853403141361256,0.0,0.0,0.007853403141361256,0.02356020942408377,0.0,0.02617801047120419,0.02356020942408377,0.007853403141361256,0.020942408376963352,0.007853403141361256,0.0,0.007853403141361256,0.01832460732984293,0.0,0.0,0.04450261780104712,0.005235602094240838,0.0,0.04712041884816754,0.007853403141361256,0.005235602094240838,0.007853403141361256,0.020942408376963352,0.013089005235602094,0.0,0.007853403141361256,0.0,0.02617801047120419,0.01832460732984293,0.007853403141361256,0.028795811518324606,0.041884816753926704,0.020942408376963352,0.0,0.01832460732984293,0.03664921465968586,0.028795811518324606,0.01832460732984293,0.0,0.034031413612565446,0.007853403141361256,0.002617801047120419,0.031413612565445025,0.0,0.031413612565445025,0.0,0.0,0.007853403141361256
Fz,0.0,0.03201970443349754,0.019704433497536946,0.0332512315270936,0.0332512315270936,0.0,0.029556650246305417,0.0,0.0,0.020935960591133004,0.01600985221674877,0.020935960591133004,0.02586206896551724,0.012315270935960592,0.017241379310344827,0.01847290640394089,0.0332512315270936,0.03078817733990148,0.017241379310344827,0.0,0.023399014778325122,0.024630541871921183,0.0049261083743842365,0.0,0.008620689655172414,0.003694581280788177,0.020935960591133004,0.008620689655172414,0.011083743842364532,0.011083743842364532,0.014778325123152709,0.0,0.0,0.024630541871921183,0.006157635467980296,0.020935960591133004,0.019704433497536946,0.014778325123152709,0.006157635467980296,0.008620689655172414,0.019704433497536946,0.013546798029556651,0.019704433497536946,0.0049261083743842365,0.007389162561576354,0.017241379310344827,0.020935960591133004,0.007389162561576354,0.0,0.0332512315270936,0.0049261083743842365,0.019704433497536946,0.013546798029556651,0.027093596059113302,0.022167487684729065,0.014778325123152709,0.01600985221674877,0.03078817733990148,0.023399014778325122,0.02586206896551724,0.0,0.02586206896551724,0.022167487684729065,0.01600985221674877
F3,0.0,0.018018018018018018,0.03303303303303303,0.018018018018018018,0.01701701701701702,0.0,0.014014014014014014,0.0,0.0,0.035035035035035036,0.003003003003003003,0.007007007007007007,0.011011011011011011,0.0,0.004004004004004004,0.03303303303303303,0.01901901901901902,0.022022022022022022,0.03203203203203203,0.008008008008008008,0.022022022022022022,0.01001001001001001,0.01901901901901902,0.007007007007007007,0.025025025025025027,0.011011011011011011,0.024024024024024024,0.018018018018018018,0.02702702702702703,0.009009009009009009,0.02002002002002002,0.0,0.0,0.02002002002002002,0.0,0.035035035035035036,0.03403403403403404,0.02002002002002002,0.021021021021021023,0.023023023023023025,0.023023023023023025,0.02902902902902903,0.024024024024024024,0.01901901901901902,0.022022022022022022,0.03203203203203203,0.007007007007007007,0.0,0.006006006006006006,0.018018018018018018,0.016016016016016016,0.006006006006006006,0.001001001001001001,0.012012012012012012,0.021021021021021023,0.002002002002002002,0.021021021021021023,0.015015015015015015,0.009009009009009009,0.02002002002002002,0.002002002002002002,0.021021021021021023,0.023023023023023025,0.031031031031031032
F7,0.0,0.028047464940668825,0.017259978425026967,0.03559870550161812,0.037756202804746494,0.0,0.03128371089536138,0.0,0.0,0.018338727076591153,0.019417475728155338,0.02696871628910464,0.028047464940668825,0.016181229773462782,0.020496224379719527,0.016181229773462782,0.03559870550161812,0.02696871628910464,0.015102481121898598,0.0,0.020496224379719527,0.030204962243797196,0.004314994606256742,0.0,0.007551240560949299,0.003236245954692557,0.018338727076591153,0.007551240560949299,0.009708737864077669,0.009708737864077669,0.012944983818770227,0.0,0.0,0.021574973031283712,0.010787486515641856,0.018338727076591153,0.017259978425026967,0.012944983818770227,0.005393743257820928,0.007551240560949299,0.017259978425026967,0.011866235167206042,0.017259978425026967,0.004314994606256742,0.006472491909385114,0.015102481121898598,0.023732470334412083,0.011866235167206042,0.0,0.032362459546925564,0.004314994606256742,0.025889967637540454,0.017259978425026967,0.02912621359223301,0.019417475728155338,0.018338727076591153,0.014023732470334413,0.032362459546925564,0.02912621359223301,0.022653721682847898,0.0,0.022653721682847898,0.019417475728155338,0.014023732470334413
FT9,0.0038204393505253103,0.02387774594078319,0.014326647564469915,0.03151862464183381,0.045845272206303724,0.0028653295128939827,0.027698185291308502,0.0,0.0028653295128939827,0.015281757402101241,0.029608404966571154,0.03724928366762178,0.02865329512893983,0.018147086914995225,0.02865329512893983,0.013371537726838587,0.03724928366762178,0.02387774594078319,0.012416427889207259,0.0,0.017191977077363897,0.039159503342884434,0.0028653295128939827,0.0,0.0057306590257879654,0.0019102196752626551,0.015281757402101241,0.0057306590257879654,0.007640878701050621,0.008595988538681949,0.010506208213944603,0.0,0.0,0.018147086914995225,0.013371537726838587,0.015281757402101241,0.014326647564469915,0.010506208213944603,0.0038204393505253103,0.0057306590257879654,0.014326647564469915,0.009551098376313277,0.014326647564469915,0.0028653295128939827,0.004775549188156638,0.012416427889207259,0.033428844317096466,0.014326647564469915,0.0,0.027698185291308502,0.0028653295128939827,0.03533906399235912,0.019102196752626553,0.029608404966571154,0.01623686723973257,0.02387774594078319,0.011461318051575931,0.030563514804202482,0.038204393505253106,0.019102196752626553,0.0,0.019102196752626553,0.01623686723973257,0.011461318051575931
FC5,0.07024793388429752,0.0,0.0,0.0,0.004132231404958678,0.06198347107438017,0.0,0.0,0.07024793388429752,0.004132231404958678,0.049586776859504134,0.049586776859504134,0.01652892561983471,0.04132231404958678,0.045454545454545456,0.004132231404958678,0.0,0.0,0.004132231404958678,0.004132231404958678,0.0,0.0371900826446281,0.004132231404958678,0.004132231404958678,0.004132231404958678,0.004132231404958678,0.0,0.004132231404958678,0.004132231404958678,0.0,0.0,0.049586776859504134,0.004132231404958678,0.0,0.06611570247933884,0.004132231404958678,0.0,0.004132231404958678,0.004132231404958678,0.004132231404958678,0.0,0.004132231404958678,0.0,0.008264462809917356,0.004132231404958678,0.004132231404958678,0.04132231404958678,0.06198347107438017,0.004132231404958678,0.0,0.004132231404958678,0.05371900826446281,0.04132231404958678,0.024793388429752067,0.0,0.049586776859504134,0.004132231404958678,0.0,0.045454545454545456,0.0,0.02066115702479339,0.0,0.0,0.004132231404958678
FC1,0.0012919896640826874,0.028423772609819122,0.015503875968992248,0.03488372093023256,0.037467700258397935,0.0,0.03617571059431524,0.0,0.0,0.016795865633074936,0.02454780361757106,0.029715762273901807,0.03488372093023256,0.020671834625323,0.025839793281653745,0.014211886304909561,0.03359173126614987,0.027131782945736434,0.012919896640826873,0.0,0.01937984496124031,0.03359173126614987,0.0,0.0,0.003875968992248062,0.0,0.016795865633074936,0.003875968992248062,0.006459948320413436,0.011627906976744186,0.0103359173126615,0.0,0.0,0.020671834625323,0.014211886304909561,0.016795865633074936,0.015503875968992248,0.0103359173126615,0.0012919896640826874,0.003875968992248062,0.015503875968992248,0.00904392764857881,0.015503875968992248,0.0,0.002583979328165375,0.012919896640826873,0.029715762273901807,0.015503875968992248,0.0,0.03359173126614987,0.0,0.028423772609819122,0.021963824289405683,0.03617571059431524,0.01808785529715762,0.023255813953488372,0.011627906976744186,0.037467700258397935,0.03229974160206718,0.021963824289405683,0.0,0.021963824289405683,0.01808785529715762,0.011627906976744186
C3,0.0,0.0,0.0,0.0,0.0,0.0,0.0,0.0,0.0,0.0,0.0,0.0,0.0,0.0,0.0,0.0,0.0,0.0,0.0,0.0,0.0,0.0,0.0,0.0,0.0,0.0,0.0,0.0,0.0,0.0,0.0,0.0,0.0,0.0,0.0,0.0,0.0,0.0,0.0,0.0,0.0,0.0,0.0,0.0,0.0,0.0,0.0,0.0,0.0,0.0,0.0,0.0,0.0,0.0,0.0,0.0,0.0,0.0,0.0,0.0,0.0,0.0,0.0,0.0
T7,0.05897435897435897,0.0,0.005128205128205128,0.0,0.002564102564102564,0.038461538461538464,0.0,0.0,0.06153846153846154,0.010256410256410256,0.03076923076923077,0.03076923076923077,0.010256410256410256,0.02564102564102564,0.028205128205128206,0.010256410256410256,0.0,0.0,0.010256410256410256,0.02564102564102564,0.0,0.023076923076923078,0.02564102564102564,0.010256410256410256,0.023076923076923078,0.010256410256410256,0.0,0.010256410256410256,0.020512820512820513,0.0,0.002564102564102564,0.04358974358974359,0.005128205128205128,0.0,0.04358974358974359,0.010256410256410256,0.007692307692307693,0.010256410256410256,0.023076923076923078,0.015384615384615385,0.0,0.010256410256410256,0.002564102564102564,0.028205128205128206,0.020512820512820513,0.010256410256410256,0.02564102564102564,0.038461538461538464,0.023076923076923078,0.0,0.020512820512820513,0.03333333333333333,0.02564102564102564,0.015384615384615385,0.0,0.03076923076923077,0.010256410256410256,0.0,0.028205128205128206,0.0,0.03333333333333333,0.0,0.0,0.010256410256410256
TP9,0.0015885623510722795,0.015091342335186657,0.02779984114376489,0.015091342335186657,0.014297061159650517,0.0,0.011914217633042097,0.0,0.0023828435266084196,0.03891977760127085,0.003177124702144559,0.006354249404289118,0.009531374106433678,0.0007942811755361397,0.003971405877680699,0.03812549642573471,0.018268467037331215,0.022239872915011914,0.03335980937251787,0.013502779984114376,0.018268467037331215,0.008737092930897538,0.023034154090548053,0.007942811755361398,0.028594122319301033,0.011119936457505957,0.019062748212867357,0.022239872915011914,0.03177124702144559,0.007148530579825258,0.015885623510722795,0.0023828435266084196,0.0015885623510722795,0.016679904686258934,0.0,0.03971405877680699,0.03177124702144559,0.018268467037331215,0.024622716441620333,0.026211278792692614,0.018268467037331215,0.030976965845909452,0.019062748212867357,0.023034154090548053,0.025416997617156472,0.03494837172359015,0.006354249404289118,0.0,0.007148530579825258,0.015091342335186657,0.020651310563939634,0.005559968228752979,0.0015885623510722795,0.010325655281969817,0.017474185861795076,0.0023828435266084196,0.019062748212867357,0.012708498808578236,0.007942811755361398,0.016679904686258934,0.003971405877680699,0.017474185861795076,0.019062748212867357,0.03335980937251787
CP5,0.01953125,0.014322916666666666,0.0013020833333333333,0.020833333333333332,0.03515625,0.018229166666666668,0.022135416666666668,0.0,0.018229166666666668,0.0026041666666666665,0.06770833333333333,0.06901041666666667,0.029947916666666668,0.03515625,0.061197916666666664,0.0,0.0234375,0.013020833333333334,0.0,0.0,0.005208333333333333,0.059895833333333336,0.0,0.0,0.0,0.0,0.0026041666666666665,0.0,0.0,0.0,0.0,0.010416666666666666,0.0,0.006510416666666667,0.032552083333333336,0.0026041666666666665,0.0013020833333333333,0.0,0.0,0.0,0.0013020833333333333,0.0,0.0013020833333333333,0.0,0.0,0.0,0.061197916666666664,0.033854166666666664,0.0,0.01953125,0.0,0.0703125,0.036458333333333336,0.032552083333333336,0.00390625,0.055989583333333336,0.0,0.024739583333333332,0.06510416666666667,0.0078125,0.0013020833333333333,0.0078125,0.00390625,0.0
CP1,0.016042780748663103,0.016042780748663103,0.0053475935828877,0.023529411764705882,0.0374331550802139,0.014973262032085561,0.022459893048128343,0.0,0.014973262032085561,0.006417112299465241,0.057754010695187166,0.06737967914438503,0.028877005347593583,0.028877005347593583,0.052406417112299465,0.0042780748663101605,0.027807486631016044,0.014973262032085561,0.0032085561497326204,0.0,0.008556149732620321,0.057754010695187166,0.0,0.0,0.0,0.0,0.006417112299465241,0.0,0.0,0.0042780748663101605,0.0010695187165775401,0.008556149732620321,0.0,0.009625668449197862,0.026737967914438502,0.006417112299465241,0.0053475935828877,0.0010695187165775401,0.0,0.0,0.0053475935828877,0.0,0.0053475935828877,0.0,0.0,0.0032085561497326204,0.05561497326203209,0.027807486631016044,0.0,0.020320855614973262,0.0,0.06844919786096257,0.029946524064171122,0.031016042780748664,0.0074866310160427805,0.045989304812834225,0.0021390374331550803,0.02459893048128342,0.06203208556149733,0.0106951871657754,0.0010695187165775401,0.0106951871657754,0.0074866310160427805,0.0021390374331550803
Pz,0.009067357512953367,0.02461139896373057,0.011658031088082901,0.031088082901554404,0.03626943005181347,0.007772020725388601,0.03238341968911917,0.0,0.007772020725388601,0.012953367875647668,0.03238341968911917,0.03756476683937824,0.04015544041450777,0.02849740932642487,0.03367875647668394,0.010362694300518135,0.029792746113989636,0.023316062176165803,0.009067357512953367,0.0,0.015544041450777202,0.04145077720207254,0.0,0.0,0.0,0.0,0.012953367875647668,0.0,0.0025906735751295338,0.010362694300518135,0.006476683937823834,0.0,0.0,0.01683937823834197,0.022020725388601035,0.012953367875647668,0.011658031088082901,0.006476683937823834,0.0,0.0,0.011658031088082901,0.0051813471502590676,0.011658031088082901,0.0,0.0,0.009067357512953367,0.03756476683937824,0.023316062176165803,0.0,0.029792746113989636,0.0,0.03626943005181347,0.029792746113989636,0.04145077720207254,0.014248704663212436,0.031088082901554404,0.007772020725388601,0.034974093264248704,0.04015544041450777,0.018134715025906734,0.0,0.018134715025906734,0.014248704663212436,0.007772020725388601
P3,0.02574257425742574,0.015841584158415842,0.0,0.02574257425742574,0.033663366336633666,0.023762376237623763,0.027722772277227723,0.0,0.023762376237623763,0.0,0.053465346534653464,0.053465346534653464,0.039603960396039604,0.05148514851485148,0.053465346534653464,0.0,0.023762376237623763,0.013861386138613862,0.0,0.0,0.0019801980198019802,0.04950495049504951,0.0,0.0,0.0,0.0,0.0,0.0,0.0,0.0,0.0,0.011881188118811881,0.0,0.0039603960396039604,0.04554455445544554,0.0,0.0,0.0,0.0,0.0,0.0,0.0,0.0,0.0,0.0,0.0,0.05148514851485148,0.047524752475247525,0.0,0.023762376237623763,0.0,0.053465346534653464,0.05148514851485148,0.04356435643564356,0.0,0.053465346534653464,0.0,0.031683168316831684,0.053465346534653464,0.005940594059405941,0.0,0.005940594059405941,0.0,0.0
P7,0.018276762402088774,0.015665796344647518,0.0026109660574412533,0.022193211488250653,0.033942558746736295,0.016971279373368148,0.02349869451697128,0.0,0.016971279373368148,0.0039164490861618795,0.0639686684073107,0.0639686684073107,0.031331592689295036,0.03524804177545692,0.06135770234986945,0.0013054830287206266,0.022193211488250653,0.014360313315926894,0.0,0.0,0.006527415143603133,0.0587467362924282,0.0,0.0,0.0,0.0,0.0039164490861618795,0.0,0.0,0.0013054830287206266,0.0,0.009138381201044387,0.0,0.007832898172323759,0.031331592689295036,0.0039164490861618795,0.0026109660574412533,0.0,0.0,0.0,0.0026109660574412533,0.0,0.0026109660574412533,0.0,0.0,0.0,0.06005221932114883,0.03263707571801567,0.0,0.020887728459530026,0.0,0.0639686684073107,0.03655352480417755,0.033942558746736295,0.005221932114882507,0.05613577023498695,0.0,0.02610966057441253,0.06266318537859007,0.009138381201044387,0.0,0.009138381201044387,0.005221932114882507,0.0
O1,0.0015785319652722968,0.013417521704814523,0.027624309392265192,0.013417521704814523,0.012628255722178374,0.0,0.010260457774269928,0.0,0.0023677979479084454,0.03867403314917127,0.0015785319652722968,0.004735595895816891,0.007892659826361484,0.0,0.0023677979479084454,0.04104183109707971,0.017363851617995266,0.021310181531176007,0.03472770323599053,0.016574585635359115,0.016574585635359115,0.007103393843725336,0.026045777426992895,0.007892659826361484,0.03157063930544594,0.011049723756906077,0.018153117600631413,0.025256511444356748,0.03472770323599053,0.007103393843725336,0.01578531965272297,0.0023677979479084454,0.0015785319652722968,0.01499605367008682,0.0,0.03867403314917127,0.03157063930544594,0.018153117600631413,0.027624309392265192,0.02920284135753749,0.018153117600631413,0.03393843725335438,0.018942383583267563,0.026045777426992895,0.028413575374901343,0.037884767166535126,0.004735595895816891,0.0,0.007892659826361484,0.013417521704814523,0.02367797947908445,0.003946329913180742,0.0,0.008681925808997633,0.01578531965272297,0.0007892659826361484,0.018942383583267563,0.011049723756906077,0.006314127861089187,0.01499605367008682,0.003946329913180742,0.01578531965272297,0.017363851617995266,0.036306235201262825
Oz,0.0,0.026627218934911243,0.016765285996055226,0.03451676528599606,0.04240631163708087,0.0,0.027613412228796843,0.0,0.0,0.01873767258382643,0.021696252465483234,0.029585798816568046,0.02465483234714004,0.013806706114398421,0.020710059171597635,0.01775147928994083,0.045364891518737675,0.03155818540433925,0.014792899408284023,0.0009861932938856016,0.01972386587771203,0.03155818540433925,0.004930966469428008,0.0,0.007889546351084813,0.0039447731755424065,0.01775147928994083,0.007889546351084813,0.009861932938856016,0.008875739644970414,0.01282051282051282,0.0,0.0,0.020710059171597635,0.008875739644970414,0.01972386587771203,0.016765285996055226,0.01282051282051282,0.005917159763313609,0.007889546351084813,0.016765285996055226,0.011834319526627219,0.016765285996055226,0.004930966469428008,0.006903353057199211,0.014792899408284023,0.02564102564102564,0.009861932938856016,0.0,0.03057199211045365,0.004930966469428008,0.027613412228796843,0.014792899408284023,0.02564102564102564,0.01873767258382643,0.015779092702169626,0.013806706114398421,0.028599605522682446,0.03057199211045365,0.021696252465483234,0.0,0.021696252465483234,0.01873767258382643,0.013806706114398421
O2,0.0,0.02947598253275109,0.019650655021834062,0.02947598253275109,0.03165938864628821,0.0,0.025109170305676855,0.0,0.0,0.026200873362445413,0.013100436681222707,0.017467248908296942,0.021834061135371178,0.009825327510917031,0.014192139737991267,0.025109170305676855,0.039301310043668124,0.04039301310043668,0.018558951965065504,0.002183406113537118,0.02292576419213974,0.02074235807860262,0.006550218340611353,0.001091703056768559,0.012008733624454149,0.0054585152838427945,0.02074235807860262,0.009825327510917031,0.016375545851528384,0.009825327510917031,0.015283842794759825,0.0,0.0,0.024017467248908297,0.004366812227074236,0.027292576419213975,0.02074235807860262,0.015283842794759825,0.007641921397379912,0.009825327510917031,0.019650655021834062,0.015283842794759825,0.019650655021834062,0.006550218340611353,0.008733624454148471,0.02074235807860262,0.017467248908296942,0.0054585152838427945,0.0,0.02947598253275109,0.006550218340611353,0.016375545851528384,0.010917030567685589,0.02292576419213974,0.021834061135371178,0.012008733624454149,0.016375545851528384,0.026200873362445413,0.019650655021834062,0.025109170305676855,0.0,0.025109170305676855,0.021834061135371178,0.018558951965065504
P4,0.001710863986313088,0.013686911890504704,0.0290846877673225,0.013686911890504704,0.01283147989734816,0.0,0.010265183917878529,0.0,0.0025662959794696323,0.03849443969204448,0.000855431993156544,0.00427715996578272,0.007698887938408896,0.0,0.001710863986313088,0.03849443969204448,0.01454234388366125,0.017964071856287425,0.036783575705731396,0.015397775876817793,0.01710863986313088,0.006843455945252352,0.02566295979469632,0.00855431993156544,0.03165098374679213,0.011976047904191617,0.018819503849443968,0.02480752780153978,0.033361847733105215,0.007698887938408896,0.01710863986313088,0.0025662959794696323,0.001710863986313088,0.015397775876817793,0.0,0.037639007698887936,0.033361847733105215,0.019674935842600515,0.02737382378100941,0.0290846877673225,0.018819503849443968,0.03421727972626176,0.019674935842600515,0.02566295979469632,0.028229255774165955,0.037639007698887936,0.00427715996578272,0.0,0.007698887938408896,0.013686911890504704,0.023096663815226688,0.003421727972626176,0.0,0.00855431993156544,0.016253207869974338,0.0,0.020530367835757058,0.011120615911035072,0.005988023952095809,0.015397775876817793,0.00427715996578272,0.016253207869974338,0.017964071856287425,0.036783575705731396
P8,0.008955223880597015,0.0029850746268656717,0.016417910447761194,0.0029850746268656717,0.0014925373134328358,0.0,0.0,0.0,0.010447761194029851,0.029850746268656716,0.0,0.0,0.0,0.0,0.0,0.03582089552238806,0.004477611940298508,0.005970149253731343,0.03134328358208955,0.04626865671641791,0.008955223880597015,0.0,0.049253731343283584,0.014925373134328358,0.049253731343283584,0.01791044776119403,0.011940298507462687,0.03880597014925373,0.04776119402985075,0.0,0.013432835820895522,0.007462686567164179,0.0029850746268656717,0.005970149253731343,0.0,0.028358208955223882,0.022388059701492536,0.01791044776119403,0.049253731343283584,0.04477611940298507,0.011940298507462687,0.03731343283582089,0.013432835820895522,0.049253731343283584,0.04776119402985075,0.034328358208955224,0.0,0.0,0.029850746268656716,0.0029850746268656717,0.04776119402985075,0.0,0.0,0.0,0.007462686567164179,0.0,0.01791044776119403,0.0,0.0,0.005970149253731343,0.013432835820895522,0.007462686567164179,0.010447761194029851,0.034328358208955224
TP10,0.0,0.026217228464419477,0.024968789013732832,0.026217228464419477,0.024968789013732832,0.0,0.02122347066167291,0.0,0.0,0.026217228464419477,0.00749063670411985,0.012484394506866416,0.017478152309612985,0.003745318352059925,0.008739076154806492,0.02372034956304619,0.02746566791510612,0.02871410736579276,0.02247191011235955,0.004993757802746567,0.02871410736579276,0.016229712858926344,0.009987515605493134,0.003745318352059925,0.01373283395755306,0.008739076154806492,0.026217228464419477,0.01373283395755306,0.016229712858926344,0.011235955056179775,0.019975031210986267,0.0,0.0,0.02871410736579276,0.0,0.026217228464419477,0.024968789013732832,0.019975031210986267,0.011235955056179775,0.01373283395755306,0.024968789013732832,0.018726591760299626,0.024968789013732832,0.009987515605493134,0.012484394506866416,0.02247191011235955,0.012484394506866416,0.0,0.0024968789013732834,0.026217228464419477,0.009987515605493134,0.011235955056179775,0.004993757802746567,0.018726591760299626,0.02746566791510612,0.006242197253433208,0.02122347066167291,0.02247191011235955,0.0149812734082397,0.02871410736579276,0.0,0.0299625468164794,0.02746566791510612,0.02122347066167291
CP6,0.012121212121212121,0.01818181818181818,0.00808080808080808,0.024242424242424242,0.03737373737373737,0.011111111111111112,0.024242424242424242,0.0,0.011111111111111112,0.00909090909090909,0.050505050505050504,0.05656565656565657,0.030303030303030304,0.02727272727272727,0.048484848484848485,0.007070707070707071,0.028282828282828285,0.01717171717171717,0.006060606060606061,0.0,0.011111111111111112,0.05656565656565657,0.0,0.0,0.0,0.0,0.00909090909090909,0.0,0.00101010101010101,0.007070707070707071,0.00404040404040404,0.005050505050505051,0.0,0.012121212121212121,0.022222222222222223,0.00909090909090909,0.00808080808080808,0.00404040404040404,0.0,0.0,0.00808080808080808,0.0030303030303030303,0.00808080808080808,0.0,0.0,0.006060606060606061,0.05353535353535353,0.023232323232323233,0.0,0.022222222222222223,0.0,0.05555555555555555,0.028282828282828285,0.03232323232323232,0.010101010101010102,0.04141414141414142,0.005050505050505051,0.026262626262626262,0.05858585858585859,0.013131313131313131,0.0,0.013131313131313131,0.010101010101010102,0.005050505050505051
CP2,0.006309148264984227,0.006309148264984227,0.024185068349106203,0.006309148264984227,0.005257623554153523,0.0,0.002103049421661409,0.0,0.007360672975814932,0.033648790746582544,0.0,0.0,0.0,0.0,0.0,0.03785488958990536,0.007360672975814932,0.008412197686645636,0.03470031545741325,0.03259726603575184,0.010515247108307046,0.0,0.0452155625657203,0.010515247108307046,0.0473186119873817,0.014721345951629864,0.012618296529968454,0.03470031545741325,0.046267087276550996,0.0,0.013669821240799159,0.005257623554153523,0.002103049421661409,0.008412197686645636,0.0,0.03259726603575184,0.028391167192429023,0.016824395373291272,0.0473186119873817,0.04416403785488959,0.012618296529968454,0.03890641430073607,0.013669821240799159,0.0452155625657203,0.046267087276550996,0.03680336487907466,0.0,0.0,0.02103049421661409,0.006309148264984227,0.04100946372239748,0.0,0.0,0.0,0.00946372239747634,0.0,0.016824395373291272,0.0031545741324921135,0.0,0.008412197686645636,0.00946372239747634,0.00946372239747634,0.011566771819137749,0.03680336487907466
Cz,0.005952380952380952,0.002976190476190476,0.026785714285714284,0.002976190476190476,0.0,0.0,0.0,0.0,0.008928571428571428,0.03273809523809524,0.0,0.0,0.0,0.0,0.0,0.03273809523809524,0.005952380952380952,0.008928571428571428,0.03273809523809524,0.03273809523809524,0.01488095238095238,0.0,0.03273809523809524,0.02976190476190476,0.03273809523809524,0.03273809523809524,0.020833333333333332,0.03273809523809524,0.03273809523809524,0.0,0.023809523809523808,0.008928571428571428,0.005952380952380952,0.008928571428571428,0.0,0.03273809523809524,0.02976190476190476,0.03273809523809524,0.03273809523809524,0.03273809523809524,0.020833333333333332,0.03273809523809524,0.023809523809523808,0.03273809523809524,0.03273809523809524,0.03273809523809524,0.0,0.0,0.026785714285714284,0.002976190476190476,0.03273809523809524,0.0,0.0,0.0,0.011904761904761904,0.0,0.03273809523809524,0.0,0.0,0.008928571428571428,0.01488095238095238,0.011904761904761904,0.017857142857142856,0.03273809523809524
C4,0.004512635379061372,0.008122743682310469,0.024368231046931407,0.008122743682310469,0.007220216606498195,0.0,0.004512635379061372,0.0,0.005415162454873646,0.0351985559566787,0.0,0.0,0.0018050541516245488,0.0,0.0,0.0388086642599278,0.009025270758122744,0.013537906137184115,0.03429602888086643,0.02707581227436823,0.011732851985559567,0.0009025270758122744,0.03790613718411552,0.009025270758122744,0.055054151624548735,0.01263537906137184,0.013537906137184115,0.0315884476534296,0.05776173285198556,0.0018050541516245488,0.01444043321299639,0.0036101083032490976,0.0018050541516245488,0.009927797833935019,0.0,0.03429602888086643,0.02888086642599278,0.017148014440433214,0.039711191335740074,0.039711191335740074,0.013537906137184115,0.03790613718411552,0.01444043321299639,0.03790613718411552,0.04061371841155235,0.03790613718411552,0.0,0.0,0.017148014440433214,0.008122743682310469,0.0351985559566787,0.0,0.0,0.002707581227436823,0.010830324909747292,0.0,0.017148014440433214,0.005415162454873646,0.0,0.009927797833935019,0.007220216606498195,0.010830324909747292,0.01263537906137184,0.03700361010830325
T8,0.00411522633744856,0.0102880658436214,0.026748971193415638,0.0102880658436214,0.00823045267489712,0.0,0.00205761316872428,0.0,0.006172839506172839,0.030864197530864196,0.0,0.0,0.0,0.0,0.0,0.030864197530864196,0.012345679012345678,0.01440329218106996,0.030864197530864196,0.02263374485596708,0.018518518518518517,0.0,0.030864197530864196,0.0205761316872428,0.030864197530864196,0.02880658436213992,0.02263374485596708,0.030864197530864196,0.030864197530864196,0.0,0.024691358024691357,0.006172839506172839,0.00411522633744856,0.01440329218106996,0.0,0.030864197530864196,0.02880658436213992,0.030864197530864196,0.030864197530864196,0.030864197530864196,0.02263374485596708,0.030864197530864196,0.024691358024691357,0.030864197530864196,0.030864197530864196,0.030864197530864196,0.0,0.0,0.018518518518518517,0.0102880658436214,0.030864197530864196,0.0,0.0,0.0,0.01646090534979424,0.0,0.030864197530864196,0.00411522633744856,0.0,0.01440329218106996,0.0102880658436214,0.01646090534979424,0.0205761316872428,0.030864197530864196
FT10,0.0,0.023370233702337023,0.02706027060270603,0.023370233702337023,0.02214022140221402,0.0,0.01845018450184502,0.0,0.0,0.028290282902829027,0.004920049200492005,0.00984009840098401,0.014760147601476014,0.0012300123001230013,0.006150061500615006,0.025830258302583026,0.024600246002460024,0.025830258302583026,0.024600246002460024,0.007380073800738007,0.028290282902829027,0.013530135301353014,0.012300123001230012,0.006150061500615006,0.015990159901599015,0.01107011070110701,0.028290282902829027,0.015990159901599015,0.01845018450184502,0.01107011070110701,0.02214022140221402,0.0,0.0,0.025830258302583026,0.0,0.028290282902829027,0.02706027060270603,0.02214022140221402,0.013530135301353014,0.015990159901599015,0.02706027060270603,0.020910209102091022,0.02706027060270603,0.012300123001230012,0.014760147601476014,0.024600246002460024,0.00984009840098401,0.0,0.004920049200492005,0.023370233702337023,0.012300123001230012,0.008610086100861008,0.0024600246002460025,0.015990159901599015,0.02706027060270603,0.0036900369003690036,0.023370233702337023,0.01968019680196802,0.012300123001230012,0.025830258302583026,0.0,0.02706027060270603,0.02952029520295203,0.023370233702337023
FC6,0.0022099447513812156,0.009944751381215469,0.02430939226519337,0.009944751381215469,0.008839779005524863,0.0,0.0055248618784530384,0.0,0.0033149171270718232,0.03425414364640884,0.0,0.0,0.0022099447513812156,0.0,0.0,0.03867403314917127,0.011049723756906077,0.012154696132596685,0.03535911602209945,0.02541436464088398,0.014364640883977901,0.0011049723756906078,0.03535911602209945,0.011049723756906077,0.03867403314917127,0.015469613259668509,0.016574585635359115,0.03756906077348066,0.039779005524861875,0.0022099447513812156,0.017679558011049725,0.0033149171270718232,0.0022099447513812156,0.012154696132596685,0.0,0.03314917127071823,0.028729281767955802,0.020994475138121547,0.036464088397790057,0.03867403314917127,0.016574585635359115,0.039779005524861875,0.017679558011049725,0.03535911602209945,0.03756906077348066,0.03756906077348066,0.0,0.0,0.013259668508287293,0.009944751381215469,0.03535911602209945,0.0,0.0,0.0033149171270718232,0.013259668508287293,0.0,0.020994475138121547,0.0066298342541436465,0.0,0.012154696132596685,0.0055248618784530384,0.013259668508287293,0.015469613259668509,0.03756906077348066
FC2,0.003386960203217612,0.009314140558848433,0.024555461473327687,0.009314140558848433,0.00846740050804403,0.0,0.0059271803556308214,0.0,0.004233700254022015,0.03640982218458933,0.0,0.0,0.003386960203217612,0.0,0.0,0.03979678238780694,0.011854360711261643,0.016088060965283656,0.03386960203217612,0.024555461473327687,0.012701100762066046,0.002540220152413209,0.03471634208298052,0.00846740050804403,0.05165114309906858,0.011854360711261643,0.014394580863674851,0.029635901778154106,0.05927180355630821,0.003386960203217612,0.015241320914479255,0.002540220152413209,0.001693480101608806,0.01100762066045724,0.0,0.03556308213378493,0.028789161727349702,0.017781541066892465,0.03640982218458933,0.03725656223539373,0.014394580863674851,0.03725656223539373,0.015241320914479255,0.03471634208298052,0.03725656223539373,0.03725656223539373,0.0,0.0,0.015241320914479255,0.009314140558848433,0.03217612193056731,0.0,0.0,0.004233700254022015,0.011854360711261643,0.0,0.017781541066892465,0.006773920406435224,0.001693480101608806,0.01100762066045724,0.0059271803556308214,0.011854360711261643,0.013547840812870448,0.03640982218458933
F4,0.0,0.029508196721311476,0.029508196721311476,0.029508196721311476,0.029508196721311476,0.0,0.029508196721311476,0.0,0.0,0.029508196721311476,0.006557377049180328,0.019672131147540985,0.029508196721311476,0.0,0.009836065573770493,0.02622950819672131,0.029508196721311476,0.029508196721311476,0.022950819672131147,0.0,0.029508196721311476,0.029508196721311476,0.0,0.0,0.0,0.0,0.029508196721311476,0.0,0.006557377049180328,0.02622950819672131,0.01639344262295082,0.0,0.0,0.029508196721311476,0.0,0.029508196721311476,0.029508196721311476,0.01639344262295082,0.0,0.0,0.029508196721311476,0.013114754098360656,0.029508196721311476,0.0,0.0,0.022950819672131147,0.019672131147540985,0.0,0.0,0.029508196721311476,0.0,0.01639344262295082,0.0,0.029508196721311476,0.029508196721311476,0.003278688524590164,0.019672131147540985,0.029508196721311476,0.02622950819672131,0.029508196721311476,0.0,0.029508196721311476,0.029508196721311476,0.019672131147540985
F8,0.0,0.02023121387283237,0.028901734104046242,0.02023121387283237,0.01878612716763006,0.0,0.014450867052023121,0.0,0.0,0.028901734104046242,0.0,0.004335260115606936,0.010115606936416185,0.0,0.0,0.028901734104046242,0.02167630057803468,0.023121387283236993,0.028901734104046242,0.010115606936416185,0.02601156069364162,0.008670520231213872,0.015895953757225433,0.008670520231213872,0.02023121387283237,0.014450867052023121,0.028901734104046242,0.02023121387283237,0.023121387283236993,0.010115606936416185,0.02745664739884393,0.0,0.0,0.023121387283236993,0.0,0.028901734104046242,0.028901734104046242,0.02745664739884393,0.017341040462427744,0.02023121387283237,0.028901734104046242,0.02601156069364162,0.028901734104046242,0.015895953757225433,0.01878612716763006,0.028901734104046242,0.004335260115606936,0.0,0.0072254335260115606,0.02023121387283237,0.015895953757225433,0.002890173410404624,0.0,0.011560693641618497,0.024566473988439308,0.0,0.028901734104046242,0.015895953757225433,0.0072254335260115606,0.023121387283236993,0.001445086705202312,0.024566473988439308,0.02745664739884393,0.028901734104046242
Fp2,0.06037735849056604,0.0,0.007547169811320755,0.0,0.0,0.033962264150943396,0.0,0.0,0.06415094339622641,0.01509433962264151,0.022641509433962263,0.022641509433962263,0.0,0.01509433962264151,0.018867924528301886,0.01509433962264151,0.0,0.0,0.01509433962264151,0.03018867924528302,0.0,0.011320754716981131,0.03018867924528302,0.01509433962264151,0.026415094339622643,0.01509433962264151,0.0,0.01509433962264151,0.022641509433962263,0.0,0.0037735849056603774,0.06037735849056604,0.007547169811320755,0.0,0.04150943396226415,0.01509433962264151,0.011320754716981131,0.01509433962264151,0.026415094339622643,0.01509433962264151,0.0,0.01509433962264151,0.0037735849056603774,0.033962264150943396,0.022641509433962263,0.01509433962264151,0.01509433962264151,0.033962264150943396,0.026415094339622643,0.0,0.022641509433962263,0.026415094339622643,0.01509433962264151,0.0,0.0,0.022641509433962263,0.01509433962264151,0.0,0.018867924528301886,0.0,0.045283018867924525,0.0,0.0,0.01509433962264151
AF7,0.024390243902439025,0.0,0.012195121951219513,0.0,0.0,0.0,0.0,0.0,0.036585365853658534,0.036585365853658534,0.0,0.0,0.0,0.0,0.0,0.036585365853658534,0.0,0.0,0.036585365853658534,0.036585365853658534,0.0,0.0,0.036585365853658534,0.036585365853658534,0.036585365853658534,0.036585365853658534,0.0,0.036585365853658534,0.036585365853658534,0.0,0.0,0.036585365853658534,0.024390243902439025,0.0,0.0,0.036585365853658534,0.024390243902439025,0.036585365853658534,0.036585365853658534,0.036585365853658534,0.0,0.036585365853658534,0.0,0.036585365853658534,0.036585365853658534,0.036585365853658534,0.0,0.0,0.036585365853658534,0.0,0.036585365853658534,0.0,0.0,0.0,0.0,0.0,0.036585365853658534,0.0,0.0,0.0,0.036585365853658534,0.0,0.0,0.036585365853658534
AF3,0.0,0.0291005291005291,0.023809523809523808,0.0291005291005291,0.027777777777777776,0.0,0.023809523809523808,0.0,0.0,0.02513227513227513,0.009259259259259259,0.01455026455026455,0.01984126984126984,0.005291005291005291,0.010582010582010581,0.022486772486772486,0.03042328042328042,0.03042328042328042,0.021164021164021163,0.0026455026455026454,0.027777777777777776,0.018518518518518517,0.007936507936507936,0.0013227513227513227,0.011904761904761904,0.006613756613756613,0.02513227513227513,0.011904761904761904,0.01455026455026455,0.011904761904761904,0.018518518518518517,0.0,0.0,0.0291005291005291,0.0,0.02513227513227513,0.023809523809523808,0.018518518518518517,0.009259259259259259,0.011904761904761904,0.023809523809523808,0.017195767195767195,0.023809523809523808,0.007936507936507936,0.010582010582010581,0.021164021164021163,0.01455026455026455,0.0,0.0,0.0291005291005291,0.007936507936507936,0.013227513227513227,0.006613756613756613,0.021164021164021163,0.026455026455026454,0.007936507936507936,0.01984126984126984,0.02513227513227513,0.017195767195767195,0.03042328042328042,0.0,0.03042328042328042,0.026455026455026454,0.01984126984126984
AFz,0.044543429844097995,0.0066815144766146995,0.0,0.017817371937639197,0.026726057906458798,0.035634743875278395,0.0200445434298441,0.0,0.042316258351893093,0.0,0.051224944320712694,0.051224944320712694,0.0334075723830735,0.0467706013363029,0.04899777282850779,0.0,0.015590200445434299,0.004454342984409799,0.0,0.004454342984409799,0.0,0.044543429844097995,0.004454342984409799,0.0,0.0022271714922048997,0.0,0.0,0.0,0.0,0.0,0.0,0.028953229398663696,0.0,0.0,0.062360801781737196,0.0,0.0,0.0,0.0022271714922048997,0.0,0.0,0.0,0.0,0.0066815144766146995,0.0,0.0,0.0467706013363029,0.05790645879732739,0.0022271714922048997,0.015590200445434299,0.0,0.053452115812917596,0.0467706013363029,0.0378619153674833,0.0,0.051224944320712694,0.0,0.024498886414253896,0.04899777282850779,0.0,0.013363028953229399,0.0,0.0,0.0
F1,0.0008216926869350862,0.015612161051766639,0.02875924404272802,0.015612161051766639,0.014790468364831553,0.0,0.012325390304026294,0.0,0.0016433853738701725,0.038619556285949055,0.003286770747740345,0.00657354149548069,0.009860312243221035,0.0008216926869350862,0.004108463434675432,0.03779786359901397,0.01972062448644207,0.0238290879211175,0.03286770747740345,0.012325390304026294,0.018898931799506986,0.009038619556285949,0.02218570254724733,0.007395234182415777,0.027937551355792935,0.010682004930156122,0.01972062448644207,0.021364009860312245,0.031224322103533278,0.007395234182415777,0.016433853738701727,0.0016433853738701725,0.0008216926869350862,0.01725554642563681,0.0,0.03944124897288414,0.03286770747740345,0.018077239112571898,0.0238290879211175,0.025472473294987676,0.018898931799506986,0.030402629416598194,0.01972062448644207,0.02218570254724733,0.024650780608052588,0.03451109285127362,0.00657354149548069,0.0,0.00657354149548069,0.015612161051766639,0.01972062448644207,0.005751848808545604,0.0016433853738701725,0.010682004930156122,0.018077239112571898,0.0024650780608052587,0.018898931799506986,0.01314708299096138,0.008216926869350863,0.01725554642563681,0.003286770747740345,0.018077239112571898,0.01972062448644207,0.03286770747740345
F5,0.0,0.016544117647058824,0.03216911764705882,0.016544117647058824,0.015625,0.0,0.012867647058823529,0.0,0.0009191176470588235,0.03676470588235294,0.0027573529411764708,0.006433823529411764,0.01011029411764706,0.0,0.003676470588235294,0.034926470588235295,0.017463235294117647,0.021139705882352942,0.03308823529411765,0.01011029411764706,0.02022058823529412,0.009191176470588236,0.021139705882352942,0.007352941176470588,0.027573529411764705,0.011029411764705883,0.022058823529411766,0.02022058823529412,0.029411764705882353,0.008272058823529412,0.01838235294117647,0.0009191176470588235,0.0,0.01838235294117647,0.0,0.03676470588235294,0.034926470588235295,0.019301470588235295,0.02297794117647059,0.024816176470588234,0.021139705882352942,0.030330882352941176,0.022058823529411766,0.021139705882352942,0.02389705882352941,0.03400735294117647,0.006433823529411764,0.0,0.006433823529411764,0.016544117647058824,0.01838235294117647,0.0055147058823529415,0.0009191176470588235,0.011029411764705883,0.019301470588235295,0.001838235294117647,0.02022058823529412,0.013786764705882353,0.008272058823529412,0.01838235294117647,0.0027573529411764708,0.019301470588235295,0.021139705882352942,0.03308823529411765
FT7,0.0024968789013732834,0.017478152309612985,0.02746566791510612,0.017478152309612985,0.016229712858926344,0.0,0.012484394506866416,0.0,0.003745318352059925,0.0299625468164794,0.0,0.003745318352059925,0.008739076154806492,0.0,0.0,0.0299625468164794,0.018726591760299626,0.019975031210986267,0.0299625468164794,0.01373283395755306,0.02247191011235955,0.00749063670411985,0.018726591760299626,0.012484394506866416,0.02247191011235955,0.017478152309612985,0.024968789013732832,0.02247191011235955,0.024968789013732832,0.008739076154806492,0.024968789013732832,0.003745318352059925,0.0024968789013732834,0.019975031210986267,0.0,0.0299625468164794,0.02871410736579276,0.02871410736579276,0.019975031210986267,0.02247191011235955,0.024968789013732832,0.02746566791510612,0.026217228464419477,0.018726591760299626,0.02122347066167291,0.0299625468164794,0.003745318352059925,0.0,0.011235955056179775,0.017478152309612985,0.018726591760299626,0.0024968789013732834,0.0,0.009987515605493134,0.02122347066167291,0.0,0.0299625468164794,0.01373283395755306,0.006242197253433208,0.019975031210986267,0.006242197253433208,0.02122347066167291,0.02372034956304619,0.0299625468164794
FC3,0.005060728744939271,0.00708502024291498,0.025303643724696356,0.00708502024291498,0.006072874493927126,0.0,0.003036437246963563,0.0,0.006072874493927126,0.03441295546558704,0.0,0.0,0.0,0.0,0.0,0.038461538461538464,0.008097165991902834,0.010121457489878543,0.0354251012145749,0.030364372469635626,0.011133603238866396,0.0,0.04251012145748988,0.010121457489878543,0.0465587044534413,0.01417004048582996,0.013157894736842105,0.03441295546558704,0.0465587044534413,0.0,0.01417004048582996,0.004048582995951417,0.0020242914979757085,0.009109311740890687,0.0,0.03340080971659919,0.029352226720647773,0.01720647773279352,0.044534412955465584,0.043522267206477734,0.013157894736842105,0.039473684210526314,0.01417004048582996,0.04251012145748988,0.04554655870445344,0.03744939271255061,0.0,0.0,0.019230769230769232,0.00708502024291498,0.039473684210526314,0.0,0.0,0.0010121457489878543,0.010121457489878543,0.0,0.01720647773279352,0.004048582995951417,0.0,0.009109311740890687,0.008097165991902834,0.010121457489878543,0.012145748987854251,0.03744939271255061
C1,0.00196078431372549,0.008823529411764706,0.026470588235294117,0.008823529411764706,0.00784313725490196,0.0,0.004901960784313725,0.0,0.0029411764705882353,0.03529411764705882,0.0,0.0,0.00196078431372549,0.0,0.0,0.0392156862745098,0.00980392156862745,0.011764705882352941,0.03627450980392157,0.026470588235294117,0.012745098039215686,0.000980392156862745,0.03823529411764706,0.00980392156862745,0.043137254901960784,0.013725490196078431,0.014705882352941176,0.03431372549019608,0.04411764705882353,0.00196078431372549,0.01568627450980392,0.0029411764705882353,0.00196078431372549,0.010784313725490196,0.0,0.03431372549019608,0.030392156862745098,0.018627450980392157,0.04019607843137255,0.04215686274509804,0.014705882352941176,0.04019607843137255,0.01568627450980392,0.03823529411764706,0.041176470588235294,0.03823529411764706,0.0,0.0,0.01568627450980392,0.008823529411764706,0.03529411764705882,0.0,0.0,0.0029411764705882353,0.011764705882352941,0.0,0.018627450980392157,0.0058823529411764705,0.0,0.010784313725490196,0.004901960784313725,0.011764705882352941,0.013725490196078431,0.03823529411764706
C5,0.0,0.022871664548919948,0.02795425667090216,0.022871664548919948,0.021601016518424398,0.0,0.017789072426937738,0.0,0.0,0.029224904701397714,0.0038119440914866584,0.008894536213468869,0.01397712833545108,0.0,0.005082592121982211,0.026683608640406607,0.0241423125794155,0.025412960609911054,0.025412960609911054,0.007623888182973317,0.02795425667090216,0.012706480304955527,0.012706480304955527,0.0063532401524777635,0.016518424396442185,0.011435832274459974,0.029224904701397714,0.016518424396442185,0.01905972045743329,0.011435832274459974,0.022871664548919948,0.0,0.0,0.025412960609911054,0.0,0.029224904701397714,0.02795425667090216,0.022871664548919948,0.01397712833545108,0.016518424396442185,0.02795425667090216,0.021601016518424398,0.02795425667090216,0.012706480304955527,0.015247776365946633,0.025412960609911054,0.008894536213468869,0.0,0.005082592121982211,0.022871664548919948,0.012706480304955527,0.007623888182973317,0.0012706480304955528,0.015247776365946633,0.026683608640406607,0.0025412960609911056,0.0241423125794155,0.01905972045743329,0.011435832274459974,0.025412960609911054,0.0,0.026683608640406607,0.029224904701397714,0.0241423125794155
TP7,0.001774622892635315,0.011535048802129548,0.027506654835847383,0.011535048802129548,0.01064773735581189,0.0,0.007985803016858917,0.0,0.0026619343389529724,0.037267080745341616,0.0,0.001774622892635315,0.005323868677905945,0.0,0.0,0.04081632653061224,0.012422360248447204,0.015971606033717833,0.037267080745341616,0.019520851818988466,0.015084294587400177,0.0044365572315882874,0.030168589174800354,0.008873114463176575,0.03637976929902396,0.012422360248447204,0.01685891748003549,0.029281277728482696,0.038154392191659274,0.005323868677905945,0.01774622892635315,0.0026619343389529724,0.001774622892635315,0.013309671694764862,0.0,0.03637976929902396,0.03194321206743567,0.02040816326530612,0.03194321206743567,0.03371783496007098,0.01685891748003549,0.03904170363797693,0.01774622892635315,0.030168589174800354,0.032830523513753325,0.03992901508429459,0.001774622892635315,0.0,0.009760425909494233,0.011535048802129548,0.027506654835847383,0.0008873114463176575,0.0,0.006211180124223602,0.01419698314108252,0.0,0.02040816326530612,0.008873114463176575,0.00354924578527063,0.013309671694764862,0.0044365572315882874,0.01419698314108252,0.015971606033717833,0.03992901508429459
CP3,0.0,0.022058823529411766,0.028186274509803922,0.022058823529411766,0.020833333333333332,0.0,0.01715686274509804,0.0,0.0,0.029411764705882353,0.003676470588235294,0.00857843137254902,0.013480392156862746,0.0,0.004901960784313725,0.02696078431372549,0.023284313725490197,0.024509803921568627,0.025735294117647058,0.00857843137254902,0.02696078431372549,0.012254901960784314,0.013480392156862746,0.007352941176470588,0.01715686274509804,0.012254901960784314,0.029411764705882353,0.01715686274509804,0.0196078431372549,0.011029411764705883,0.023284313725490197,0.0,0.0,0.024509803921568627,0.0,0.029411764705882353,0.028186274509803922,0.023284313725490197,0.014705882352941176,0.01715686274509804,0.028186274509803922,0.022058823529411766,0.028186274509803922,0.013480392156862746,0.015931372549019607,0.025735294117647058,0.00857843137254902,0.0,0.006127450980392157,0.022058823529411766,0.013480392156862746,0.007352941176470588,0.0012254901960784314,0.014705882352941176,0.025735294117647058,0.0024509803921568627,0.024509803921568627,0.01838235294117647,0.011029411764705883,0.024509803921568627,0.0012254901960784314,0.025735294117647058,0.028186274509803922,0.024509803921568627
P1,0.0072992700729927005,0.006256517205422315,0.023983315954118872,0.006256517205422315,0.005213764337851929,0.0,0.0020855057351407717,0.0,0.008342022940563087,0.03336809176225235,0.0,0.0,0.0,0.0,0.0,0.03753910323253389,0.0072992700729927005,0.008342022940563087,0.03441084462982273,0.03336809176225235,0.010427528675703858,0.0,0.045881126173096975,0.010427528675703858,0.04692387904066736,0.014598540145985401,0.01251303441084463,0.03441084462982273,0.045881126173096975,0.0,0.013555787278415016,0.006256517205422315,0.0020855057351407717,0.008342022940563087,0.0010427528675703858,0.03232533889468196,0.028154327424400417,0.016684045881126174,0.04692387904066736,0.043795620437956206,0.01251303441084463,0.03858185610010428,0.013555787278415016,0.045881126173096975,0.045881126173096975,0.0364963503649635,0.0,0.0,0.020855057351407715,0.006256517205422315,0.040667361835245046,0.0,0.0,0.0,0.009384775808133473,0.0,0.016684045881126174,0.0031282586027111575,0.0,0.008342022940563087,0.010427528675703858,0.009384775808133473,0.011470281543274244,0.0364963503649635
P5,0.003956478733926805,0.00791295746785361,0.025717111770524232,0.00791295746785361,0.006923837784371909,0.0,0.003956478733926805,0.0,0.004945598417408506,0.03461918892185954,0.0,0.0,0.0009891196834817012,0.0,0.0,0.03857566765578635,0.008902077151335312,0.010880316518298714,0.03560830860534125,0.028684470820969338,0.011869436201780416,0.0,0.040553907022749754,0.009891196834817012,0.04549950544015826,0.013847675568743818,0.013847675568743818,0.03461918892185954,0.04549950544015826,0.0009891196834817012,0.01483679525222552,0.002967359050445104,0.0019782393669634025,0.009891196834817012,0.0,0.033630069238377844,0.02967359050445104,0.017804154302670624,0.04253214638971316,0.043521266073194856,0.013847675568743818,0.03956478733926805,0.01483679525222552,0.040553907022749754,0.043521266073194856,0.03758654797230465,0.0,0.0,0.017804154302670624,0.00791295746785361,0.03758654797230465,0.0,0.0,0.0019782393669634025,0.010880316518298714,0.0,0.017804154302670624,0.004945598417408506,0.0,0.009891196834817012,0.006923837784371909,0.010880316518298714,0.012858555885262116,0.03758654797230465
PO7,0.001652892561983471,0.013223140495867768,0.02809917355371901,0.013223140495867768,0.012396694214876033,0.0,0.009917355371900827,0.0,0.0024793388429752068,0.03884297520661157,0.0008264462809917355,0.004132231404958678,0.00743801652892562,0.0,0.001652892561983471,0.04049586776859504,0.01487603305785124,0.019008264462809916,0.03636363636363636,0.01652892561983471,0.01652892561983471,0.006611570247933884,0.026446280991735537,0.008264462809917356,0.032231404958677684,0.011570247933884297,0.01818181818181818,0.0256198347107438,0.03553719008264463,0.00743801652892562,0.01652892561983471,0.0024793388429752068,0.001652892561983471,0.01487603305785124,0.0,0.03801652892561983,0.032231404958677684,0.019008264462809916,0.02809917355371901,0.02975206611570248,0.01818181818181818,0.03471074380165289,0.019008264462809916,0.026446280991735537,0.028925619834710745,0.03884297520661157,0.004132231404958678,0.0,0.00743801652892562,0.013223140495867768,0.023966942148760332,0.003305785123966942,0.0,0.008264462809917356,0.015702479338842976,0.0,0.019834710743801654,0.010743801652892562,0.005785123966942148,0.01487603305785124,0.004132231404958678,0.015702479338842976,0.017355371900826446,0.0371900826446281
PO3,0.014840182648401826,0.017123287671232876,0.005707762557077625,0.0228310502283105,0.03538812785388128,0.0136986301369863,0.023972602739726026,0.0,0.0136986301369863,0.00684931506849315,0.05707762557077625,0.06050228310502283,0.030821917808219176,0.030821917808219176,0.05593607305936073,0.0045662100456621,0.02511415525114155,0.01598173515981735,0.003424657534246575,0.0,0.0091324200913242,0.05707762557077625,0.0,0.0,0.0,0.0,0.00684931506849315,0.0,0.0,0.0045662100456621,0.001141552511415525,0.00684931506849315,0.0,0.010273972602739725,0.026255707762557076,0.00684931506849315,0.005707762557077625,0.001141552511415525,0.0,0.0,0.005707762557077625,0.0,0.005707762557077625,0.0,0.0,0.003424657534246575,0.05821917808219178,0.0273972602739726,0.0,0.021689497716894976,0.0,0.06050228310502283,0.0319634703196347,0.033105022831050226,0.007990867579908675,0.04794520547945205,0.00228310502283105,0.026255707762557076,0.06050228310502283,0.01141552511415525,0.0,0.01141552511415525,0.007990867579908675,0.00228310502283105
POz,0.039735099337748346,0.008830022075055188,0.0,0.019867549668874173,0.02869757174392936,0.03532008830022075,0.02207505518763797,0.0,0.037527593818984545,0.0,0.052980132450331126,0.052980132450331126,0.03532008830022075,0.04856512141280353,0.05077262693156733,0.0,0.017660044150110375,0.006622516556291391,0.0,0.0,0.0,0.046357615894039736,0.0,0.0,0.0,0.0,0.0,0.0,0.0,0.0,0.0,0.024282560706401765,0.0,0.0,0.06181015452538632,0.0,0.0,0.0,0.0,0.0,0.0,0.0,0.0,0.002207505518763797,0.0,0.0,0.04856512141280353,0.059602649006622516,0.0,0.017660044150110375,0.0,0.05518763796909492,0.04856512141280353,0.039735099337748346,0.0,0.052980132450331126,0.0,0.026490066225165563,0.05077262693156733,0.0,0.008830022075055188,0.0,0.0,0.0
PO4,0.011574074074074073,0.0,0.018518518518518517,0.0,0.0,0.0,0.0,0.0,0.013888888888888888,0.023148148148148147,0.0,0.0,0.0,0.0,0.0,0.03009259259259259,0.0023148148148148147,0.004629629629629629,0.023148148148148147,0.04861111111111111,0.009259259259259259,0.0,0.04861111111111111,0.023148148148148147,0.04861111111111111,0.023148148148148147,0.013888888888888888,0.034722222222222224,0.04861111111111111,0.0,0.016203703703703703,0.009259259259259259,0.004629629629629629,0.004629629629629629,0.0,0.023148148148148147,0.020833333333333332,0.023148148148148147,0.04861111111111111,0.04398148148148148,0.013888888888888888,0.032407407407407406,0.016203703703703703,0.04861111111111111,0.04861111111111111,0.027777777777777776,0.0,0.0,0.04398148148148148,0.0,0.04861111111111111,0.0,0.0,0.0,0.006944444444444444,0.0,0.023148148148148147,0.0,0.0,0.004629629629629629,0.018518518518518517,0.006944444444444444,0.011574074074074073,0.027777777777777776
PO8,0.0,0.029213483146067417,0.017977528089887642,0.0348314606741573,0.0348314606741573,0.0,0.03146067415730337,0.0,0.0,0.019101123595505618,0.019101123595505618,0.02359550561797753,0.028089887640449437,0.015730337078651686,0.020224719101123594,0.016853932584269662,0.033707865168539325,0.028089887640449437,0.015730337078651686,0.0,0.021348314606741574,0.02696629213483146,0.0044943820224719105,0.0,0.007865168539325843,0.0033707865168539327,0.019101123595505618,0.007865168539325843,0.010112359550561797,0.010112359550561797,0.01348314606741573,0.0,0.0,0.02247191011235955,0.010112359550561797,0.019101123595505618,0.017977528089887642,0.01348314606741573,0.0056179775280898875,0.007865168539325843,0.017977528089887642,0.012359550561797753,0.017977528089887642,0.0044943820224719105,0.006741573033707865,0.015730337078651686,0.02359550561797753,0.011235955056179775,0.0,0.033707865168539325,0.0044943820224719105,0.02247191011235955,0.016853932584269662,0.029213483146067417,0.020224719101123594,0.017977528089887642,0.014606741573033709,0.03258426966292135,0.025842696629213482,0.02359550561797753,0.0,0.02359550561797753,0.020224719101123594,0.014606741573033709
P6,0.0045351473922902496,0.006802721088435374,0.022675736961451247,0.006802721088435374,0.005668934240362812,0.0,0.0022675736961451248,0.0,0.005668934240362812,0.032879818594104306,0.0,0.0,0.0,0.0,0.0,0.03741496598639456,0.007936507936507936,0.009070294784580499,0.034013605442176874,0.032879818594104306,0.011337868480725623,0.0,0.04421768707482993,0.011337868480725623,0.045351473922902494,0.015873015873015872,0.013605442176870748,0.03741496598639456,0.045351473922902494,0.0,0.01473922902494331,0.003401360544217687,0.0022675736961451248,0.009070294784580499,0.0,0.031746031746031744,0.027210884353741496,0.018140589569160998,0.045351473922902494,0.04421768707482993,0.013605442176870748,0.03854875283446712,0.01473922902494331,0.04421768707482993,0.045351473922902494,0.036281179138321996,0.0,0.0,0.02040816326530612,0.006802721088435374,0.04308390022675737,0.0,0.0,0.0,0.01020408163265306,0.0,0.018140589569160998,0.003401360544217687,0.0,0.009070294784580499,0.007936507936507936,0.01020408163265306,0.012471655328798186,0.036281179138321996
P2,0.017797552836484983,0.01557285873192436,0.004449388209121246,0.02224694104560623,0.03670745272525028,0.01668520578420467,0.02224694104560623,0.0,0.01668520578420467,0.0055617352614015575,0.060066740823136816,0.067853170189099,0.028921023359288096,0.030033370411568408,0.054505005561735265,0.0033370411568409346,0.026696329254727477,0.014460511679644048,0.002224694104560623,0.0,0.00778642936596218,0.05784204671857619,0.0,0.0,0.0,0.0,0.0055617352614015575,0.0,0.0,0.0033370411568409346,0.0,0.010011123470522803,0.0,0.008898776418242492,0.028921023359288096,0.0055617352614015575,0.004449388209121246,0.0,0.0,0.0,0.004449388209121246,0.0,0.004449388209121246,0.0,0.0,0.002224694104560623,0.05672969966629588,0.030033370411568408,0.0,0.020022246941045607,0.0,0.06896551724137931,0.03114571746384872,0.03114571746384872,0.006674082313681869,0.047830923248053395,0.0011123470522803114,0.024471635150166853,0.06229143492769744,0.010011123470522803,0.002224694104560623,0.010011123470522803,0.006674082313681869,0.0011123470522803114
CPz,0.02448210922787194,0.01694915254237288,0.0,0.026365348399246705,0.03389830508474576,0.022598870056497175,0.02824858757062147,0.0,0.022598870056497175,0.0,0.05273069679849341,0.05273069679849341,0.03954802259887006,0.05084745762711865,0.05273069679849341,0.0,0.02448210922787194,0.015065913370998116,0.0,0.0,0.003766478342749529,0.04896421845574388,0.0,0.0,0.0,0.0,0.0,0.0,0.0,0.0,0.0,0.011299435028248588,0.0,0.005649717514124294,0.04331450094161959,0.0,0.0,0.0,0.0,0.0,0.0,0.0,0.0,0.0,0.0,0.0,0.05084745762711865,0.04519774011299435,0.0,0.02448210922787194,0.0,0.05273069679849341,0.05084745762711865,0.04331450094161959,0.0018832391713747645,0.05273069679849341,0.0,0.032015065913371,0.05273069679849341,0.007532956685499058,0.0,0.007532956685499058,0.0018832391713747645,0.0
CP4,0.01070154577883472,0.023781212841854936,0.011890606420927468,0.029726516052318668,0.034482758620689655,0.009512485136741973,0.030915576694411414,0.0,0.009512485136741973,0.013079667063020214,0.03210463733650416,0.036860879904875146,0.03804994054696789,0.028537455410225922,0.03329369797859691,0.01070154577883472,0.028537455410225922,0.022592152199762187,0.009512485136741973,0.0,0.015457788347205707,0.04042806183115339,0.0,0.0,0.0011890606420927466,0.0,0.013079667063020214,0.0011890606420927466,0.0035671819262782403,0.01070154577883472,0.007134363852556481,0.0023781212841854932,0.0,0.016646848989298454,0.022592152199762187,0.013079667063020214,0.011890606420927468,0.007134363852556481,0.0,0.0011890606420927466,0.011890606420927468,0.005945303210463734,0.011890606420927468,0.0,0.0,0.009512485136741973,0.036860879904875146,0.023781212841854936,0.0,0.028537455410225922,0.0,0.0356718192627824,0.029726516052318668,0.04042806183115339,0.014268727705112961,0.030915576694411414,0.008323424494649227,0.03329369797859691,0.039239001189060645,0.0178359096313912,0.0,0.0178359096313912,0.014268727705112961,0.008323424494649227
TP8,0.0,0.02680965147453083,0.02546916890080429,0.02680965147453083,0.02546916890080429,0.0,0.021447721179624665,0.0,0.0,0.02680965147453083,0.006702412868632708,0.012064343163538873,0.01742627345844504,0.002680965147453083,0.00804289544235925,0.024128686327077747,0.028150134048257374,0.029490616621983913,0.022788203753351208,0.004021447721179625,0.029490616621983913,0.0160857908847185,0.00938337801608579,0.002680965147453083,0.013404825737265416,0.00804289544235925,0.02680965147453083,0.013404825737265416,0.0160857908847185,0.012064343163538873,0.020107238605898123,0.0,0.0,0.029490616621983913,0.0,0.02680965147453083,0.02546916890080429,0.020107238605898123,0.010723860589812333,0.013404825737265416,0.02546916890080429,0.01876675603217158,0.02546916890080429,0.00938337801608579,0.012064343163538873,0.022788203753351208,0.012064343163538873,0.0,0.0013404825737265416,0.02680965147453083,0.00938337801608579,0.010723860589812333,0.004021447721179625,0.01876675603217158,0.028150134048257374,0.005361930294906166,0.021447721179624665,0.022788203753351208,0.014745308310991957,0.029490616621983913,0.0,0.029490616621983913,0.028150134048257374,0.021447721179624665
C6,0.02225519287833828,0.01483679525222552,0.0,0.02225519287833828,0.03115727002967359,0.020771513353115726,0.02373887240356083,0.0,0.020771513353115726,0.001483679525222552,0.06231454005934718,0.06231454005934718,0.032640949554896145,0.040059347181008904,0.06083086053412463,0.0,0.020771513353115726,0.013353115727002967,0.0,0.0,0.004451038575667656,0.057863501483679525,0.0,0.0,0.0,0.0,0.001483679525222552,0.0,0.0,0.0,0.0,0.011869436201780416,0.0,0.005934718100890208,0.037091988130563795,0.001483679525222552,0.0,0.0,0.0,0.0,0.0,0.0,0.0,0.0,0.0,0.0,0.05934718100890208,0.03857566765578635,0.0,0.020771513353115726,0.0,0.06379821958456973,0.04154302670623145,0.03560830860534125,0.002967359050445104,0.06083086053412463,0.0,0.026706231454005934,0.06083086053412463,0.00741839762611276,0.001483679525222552,0.00741839762611276,0.002967359050445104,0.0
C2,0.002398081534772182,0.017985611510791366,0.027577937649880094,0.017985611510791366,0.016786570743405275,0.0,0.013189448441247002,0.0,0.0035971223021582736,0.02997601918465228,0.0,0.004796163069544364,0.009592326139088728,0.0,0.001199040767386091,0.02997601918465228,0.019184652278177457,0.02038369304556355,0.02997601918465228,0.013189448441247002,0.022781774580335732,0.008393285371702638,0.017985611510791366,0.011990407673860911,0.02158273381294964,0.016786570743405275,0.025179856115107913,0.02158273381294964,0.023980815347721823,0.009592326139088728,0.023980815347721823,0.0035971223021582736,0.002398081534772182,0.02038369304556355,0.0,0.02997601918465228,0.02877697841726619,0.027577937649880094,0.019184652278177457,0.02158273381294964,0.025179856115107913,0.026378896882494004,0.026378896882494004,0.017985611510791366,0.02038369304556355,0.02997601918465228,0.004796163069544364,0.0,0.01079136690647482,0.017985611510791366,0.017985611510791366,0.0035971223021582736,0.0,0.01079136690647482,0.02158273381294964,0.0,0.02877697841726619,0.014388489208633094,0.007194244604316547,0.02038369304556355,0.005995203836930456,0.02158273381294964,0.023980815347721823,0.02877697841726619
FC4,0.0035335689045936395,0.027090694935217905,0.015312131919905771,0.03297997644287397,0.03769140164899882,0.002355712603062426,0.03415783274440518,0.0,0.002355712603062426,0.016489988221436984,0.024734982332155476,0.02944640753828033,0.03415783274440518,0.02120141342756184,0.02591283863368669,0.014134275618374558,0.03180212014134275,0.02591283863368669,0.012956419316843345,0.0,0.01884570082449941,0.03297997644287397,0.001177856301531213,0.0,0.004711425206124852,0.0,0.016489988221436984,0.004711425206124852,0.007067137809187279,0.01060070671378092,0.01060070671378092,0.0,0.0,0.020023557126030624,0.015312131919905771,0.016489988221436984,0.015312131919905771,0.01060070671378092,0.002355712603062426,0.004711425206124852,0.015312131919905771,0.009422850412249705,0.015312131919905771,0.001177856301531213,0.0035335689045936395,0.012956419316843345,0.02944640753828033,0.016489988221436984,0.0,0.03180212014134275,0.001177856301531213,0.028268551236749116,0.02237926972909305,0.0353356890459364,0.0176678445229682,0.023557126030624265,0.011778563015312132,0.03651354534746761,0.03180212014134275,0.02120141342756184,0.0,0.02120141342756184,0.0176678445229682,0.011778563015312132
FT8,0.014227642276422764,0.017276422764227643,0.007113821138211382,0.023373983739837397,0.036585365853658534,0.013211382113821139,0.023373983739837397,0.0,0.013211382113821139,0.008130081300813009,0.054878048780487805,0.06097560975609756,0.029471544715447155,0.027439024390243903,0.049796747967479675,0.006097560975609756,0.027439024390243903,0.016260162601626018,0.00508130081300813,0.0,0.01016260162601626,0.05589430894308943,0.0,0.0,0.0,0.0,0.008130081300813009,0.0,0.0,0.006097560975609756,0.003048780487804878,0.007113821138211382,0.0,0.011178861788617886,0.024390243902439025,0.008130081300813009,0.007113821138211382,0.003048780487804878,0.0,0.0,0.007113821138211382,0.0020325203252032522,0.007113821138211382,0.0,0.0,0.00508130081300813,0.05386178861788618,0.02540650406504065,0.0,0.021341463414634148,0.0,0.059959349593495935,0.028455284552845527,0.031504065040650404,0.009146341463414634,0.04369918699186992,0.0040650406504065045,0.02540650406504065,0.059959349593495935,0.012195121951219513,0.0,0.012195121951219513,0.009146341463414634,0.0040650406504065045
F6,0.0,0.029601029601029602,0.023166023166023165,0.029601029601029602,0.028314028314028315,0.0,0.02445302445302445,0.0,0.0,0.02445302445302445,0.010296010296010296,0.015444015444015444,0.02059202059202059,0.006435006435006435,0.011583011583011582,0.021879021879021878,0.03088803088803089,0.03088803088803089,0.02059202059202059,0.002574002574002574,0.02702702702702703,0.019305019305019305,0.007722007722007722,0.001287001287001287,0.011583011583011582,0.006435006435006435,0.02445302445302445,0.011583011583011582,0.014157014157014158,0.011583011583011582,0.018018018018018018,0.0,0.0,0.028314028314028315,0.0,0.02445302445302445,0.023166023166023165,0.018018018018018018,0.009009009009009009,0.011583011583011582,0.023166023166023165,0.01673101673101673,0.023166023166023165,0.007722007722007722,0.010296010296010296,0.02059202059202059,0.015444015444015444,0.001287001287001287,0.0,0.029601029601029602,0.007722007722007722,0.014157014157014158,0.007722007722007722,0.021879021879021878,0.02574002574002574,0.009009009009009009,0.019305019305019305,0.02574002574002574,0.018018018018018018,0.029601029601029602,0.0,0.029601029601029602,0.02574002574002574,0.019305019305019305
AF8,0.039525691699604744,0.0,0.015810276679841896,0.0,0.0,0.007905138339920948,0.0,0.0,0.043478260869565216,0.023715415019762844,0.0,0.0,0.0,0.0,0.0,0.023715415019762844,0.0,0.0,0.023715415019762844,0.04743083003952569,0.0,0.0,0.04743083003952569,0.023715415019762844,0.043478260869565216,0.023715415019762844,0.007905138339920948,0.023715415019762844,0.039525691699604744,0.0,0.011857707509881422,0.03557312252964427,0.007905138339920948,0.0,0.015810276679841896,0.023715415019762844,0.019762845849802372,0.023715415019762844,0.043478260869565216,0.03162055335968379,0.007905138339920948,0.023715415019762844,0.011857707509881422,0.05138339920948617,0.039525691699604744,0.023715415019762844,0.0,0.007905138339920948,0.043478260869565216,0.0,0.039525691699604744,0.0,0.0,0.0,0.0,0.0,0.023715415019762844,0.0,0.0,0.0,0.05138339920948617,0.0,0.003952569169960474,0.023715415019762844
AF4,0.0,0.02832512315270936,0.023399014778325122,0.02832512315270936,0.027093596059113302,0.0,0.023399014778325122,0.0,0.0,0.024630541871921183,0.009852216748768473,0.014778325123152709,0.019704433497536946,0.006157635467980296,0.011083743842364532,0.022167487684729065,0.029556650246305417,0.03078817733990148,0.020935960591133004,0.003694581280788177,0.027093596059113302,0.01847290640394089,0.008620689655172414,0.0024630541871921183,0.012315270935960592,0.007389162561576354,0.024630541871921183,0.012315270935960592,0.014778325123152709,0.011083743842364532,0.01847290640394089,0.0,0.0,0.02832512315270936,0.0,0.024630541871921183,0.023399014778325122,0.01847290640394089,0.009852216748768473,0.012315270935960592,0.023399014778325122,0.017241379310344827,0.023399014778325122,0.008620689655172414,0.011083743842364532,0.020935960591133004,0.014778325123152709,0.0012315270935960591,0.0012315270935960591,0.02832512315270936,0.008620689655172414,0.013546798029556651,0.007389162561576354,0.020935960591133004,0.02586206896551724,0.008620689655172414,0.019704433497536946,0.024630541871921183,0.017241379310344827,0.029556650246305417,0.0,0.029556650246305417,0.02586206896551724,0.019704433497536946
F2,0.0,0.024752475247524754,0.02599009900990099,0.024752475247524754,0.023514851485148515,0.0,0.019801980198019802,0.0,0.0,0.027227722772277228,0.006188118811881188,0.011138613861386138,0.01608910891089109,0.0024752475247524753,0.007425742574257425,0.024752475247524754,0.02599009900990099,0.027227722772277228,0.023514851485148515,0.006188118811881188,0.0297029702970297,0.01485148514851485,0.011138613861386138,0.0049504950495049506,0.01485148514851485,0.009900990099009901,0.027227722772277228,0.01485148514851485,0.017326732673267328,0.011138613861386138,0.02103960396039604,0.0,0.0,0.027227722772277228,0.0,0.027227722772277228,0.02599009900990099,0.02103960396039604,0.012376237623762377,0.01485148514851485,0.02599009900990099,0.019801980198019802,0.02599009900990099,0.011138613861386138,0.013613861386138614,0.023514851485148515,0.011138613861386138,0.0,0.0037128712871287127,0.024752475247524754,0.011138613861386138,0.009900990099009901,0.0037128712871287127,0.017326732673267328,0.027227722772277228,0.0049504950495049506,0.022277227722772276,0.02103960396039604,0.013613861386138614,0.027227722772277228,0.0,0.028465346534653466,0.028465346534653466,0.022277227722772276
FCz,0.0017064846416382253,0.012798634812286689,0.028156996587030716,0.012798634812286689,0.011945392491467578,0.0,0.00938566552901024,0.0,0.002559726962457338,0.03839590443686007,0.0,0.0034129692832764505,0.006825938566552901,0.0,0.0008532423208191126,0.04010238907849829,0.013651877133105802,0.017918088737201365,0.03754266211604096,0.017064846416382253,0.016211604095563138,0.005972696245733789,0.027303754266211604,0.008532423208191127,0.033276450511945395,0.011945392491467578,0.017918088737201365,0.026450511945392493,0.03583617747440273,0.006825938566552901,0.017064846416382253,0.002559726962457338,0.0017064846416382253,0.014505119453924915,0.0,0.03754266211604096,0.032423208191126277,0.01962457337883959,0.02901023890784983,0.030716723549488054,0.017918088737201365,0.03583617747440273,0.01877133105802048,0.027303754266211604,0.029863481228668942,0.04010238907849829,0.0034129692832764505,0.0,0.007679180887372013,0.012798634812286689,0.024744027303754267,0.002559726962457338,0.0,0.007679180887372013,0.015358361774744027,0.0,0.020477815699658702,0.010238907849829351,0.005119453924914676,0.014505119453924915,0.004266211604095563,0.015358361774744027,0.017064846416382253,0.03839590443686007
