,Fp1,Fz,F3,F7,FT9,FC5,FC1,C3,T7,TP9,CP5,CP1,Pz,P3,P7,O1,Oz,O2,P4,P8,TP10,CP6,CP2,Cz,C4,T8,FT10,FC6,FC2,F4,F8,Fp2,AF7,AF3,AFz,F1,F5,FT7,FC3,C1,C5,TP7,CP3,P1,P5,PO7,PO3,POz,PO4,PO8,P6,P2,CPz,CP4,TP8,C6,C2,FC4,FT8,F6,AF8,AF4,F2,FCz
Fp1,0.0430622009569378,0.0,0.0,0.0,0.0,0.0,0.0,0.0430622009569378,0.0,0.0,0.0430622009569378,0.044657097288676235,0.044657097288676235,0.044657097288676235,0.0,0.03189792663476874,0.028708133971291867,0.0,0.0,0.0,0.0,0.0,0.0,0.044657097288676235,0.0,0.0,0.0,0.0,0.012759170653907496,0.0,0.0,0.0430622009569378,0.0,0.03349282296650718,0.009569377990430622,0.03987240829346093,0.044657097288676235,0.044657097288676235,0.0,0.0,0.025518341307814992,0.044657097288676235,0.0,0.0,0.0,0.03508771929824561,0.0,0.017543859649122806,0.0,0.019138755980861243,0.0,0.03987240829346093,0.0,0.0,0.0,0.0430622009569378,0.0,0.044657097288676235,0.044657097288676235,0.0,0.0,0.044657097288676235,0.0,0.044657097288676235
Fz,0.0,0.03773584905660377,0.03419811320754717,0.036556603773584904,0.0,0.03891509433962264,0.036556603773584904,0.0,0.03891509433962264,0.03773584905660377,0.0,0.0,0.0,0.0,0.03891509433962264,0.0,0.0,0.01650943396226415,0.0,0.024764150943396228,0.0,0.030660377358490566,0.0,0.0,0.0330188679245283,0.03773584905660377,0.03891509433962264,0.03537735849056604,0.0,0.03773584905660377,0.03773584905660377,0.0,0.0,0.0,0.0,0.0,0.0,0.0,0.0330188679245283,0.03891509433962264,0.0,0.0,0.036556603773584904,0.03891509433962264,0.03891509433962264,0.0,0.03773584905660377,0.0,0.02830188679245283,0.0,0.0294811320754717,0.0,0.03891509433962264,0.00589622641509434,0.01768867924528302,0.0,0.0,0.0,0.0,0.0,0.025943396226415096,0.0,0.03773584905660377,0.0
F3,0.0,0.026919242273180457,0.049850448654037885,0.03589232303090728,0.0,0.04685942173479561,0.03389830508474576,0.0,0.045862412761714856,0.031904287138584245,0.0,0.0,0.0,0.0,0.03090727816550349,0.0,0.0,0.024925224327018942,0.0,0.015952143569292122,0.0,0.03389830508474576,0.0,0.0,0.0518444666001994,0.05084745762711865,0.049850448654037885,0.03090727816550349,0.0,0.045862412761714856,0.03290129611166501,0.0,0.0,0.0,0.0,0.0,0.0,0.0,0.02991026919242273,0.040877367896311065,0.0,0.0,0.0518444666001994,0.03090727816550349,0.03290129611166501,0.0,0.03788634097706879,0.0,0.018943170488534396,0.0,0.019940179461615155,0.0,0.038883349950149554,0.0,0.009970089730807577,0.0,0.0,0.0,0.0,0.0,0.02193419740777667,0.0,0.026919242273180457,0.0
F7,0.0,0.03111587982832618,0.0407725321888412,0.0407725321888412,0.0,0.03969957081545064,0.03862660944206009,0.0,0.03969957081545064,0.03648068669527897,0.0,0.0,0.0,0.0,0.03540772532188841,0.0,0.0,0.02467811158798283,0.0,0.019313304721030045,0.0,0.03648068669527897,0.0,0.0,0.03969957081545064,0.04184549356223176,0.04184549356223176,0.03540772532188841,0.0,0.0407725321888412,0.03755364806866953,0.0,0.0,0.0,0.0,0.0,0.0,0.0,0.032188841201716736,0.03862660944206009,0.0,0.0,0.04184549356223176,0.03540772532188841,0.03755364806866953,0.0,0.03969957081545064,0.0,0.022532188841201718,0.0,0.023605150214592276,0.0,0.03862660944206009,0.002145922746781116,0.012875536480686695,0.0,0.0,0.0,0.0,0.0,0.023605150214592276,0.0,0.03111587982832618,0.0
FT9,0.0,0.0,0.0,0.0,0.0,0.0,0.0,0.0,0.0,0.0,0.0,0.0,0.0,0.0,0.0,0.0,0.0,0.0,0.0,0.0,0.0,0.0,0.0,0.0,0.0,0.0,0.0,0.0,0.0,0.0,0.0,0.0,0.0,0.0,0.0,0.0,0.0,0.0,0.0,0.0,0.0,0.0,0.0,0.0,0.0,0.0,0.0,0.0,0.0,0.0,0.0,0.0,0.0,0.0,0.0,0.0,0.0,0.0,0.0,0.0,0.0,0.0,0.0,0.0
FC5,0.0,0.02723404255319149,0.0425531914893617,0.033191489361702124,0.0,0.05361702127659575,0.03148936170212766,0.0,0.05276595744680851,0.030638297872340424,0.0,0.0,0.0,0.0,0.030638297872340424,0.0,0.0,0.01872340425531915,0.0,0.017872340425531916,0.0,0.02893617021276596,0.0,0.0,0.04425531914893617,0.05276595744680851,0.05531914893617021,0.028085106382978724,0.0,0.04680851063829787,0.03148936170212766,0.0,0.0,0.0,0.0,0.0,0.0,0.0,0.02553191489361702,0.04765957446808511,0.0,0.0,0.05106382978723404,0.030638297872340424,0.03234042553191489,0.0,0.03659574468085106,0.0,0.020425531914893616,0.0,0.02127659574468085,0.0,0.0451063829787234,0.00425531914893617,0.01276595744680851,0.0,0.0,0.0,0.0,0.0,0.01872340425531915,0.0,0.02723404255319149,0.0
FC1,0.0,0.03162486368593239,0.03925845147219193,0.04034896401308615,0.0,0.04034896401308615,0.03925845147219193,0.0,0.04034896401308615,0.03707742639040349,0.0,0.0,0.0,0.0,0.03598691384950927,0.0,0.0,0.022900763358778626,0.0,0.019629225736095966,0.0,0.03598691384950927,0.0,0.0,0.03816793893129771,0.04034896401308615,0.04034896401308615,0.03598691384950927,0.0,0.04034896401308615,0.03816793893129771,0.0,0.0,0.0,0.0,0.0,0.0,0.0,0.03271537622682661,0.03925845147219193,0.0,0.0,0.04034896401308615,0.03598691384950927,0.03816793893129771,0.0,0.04034896401308615,0.0,0.022900763358778626,0.0,0.023991275899672846,0.0,0.03925845147219193,0.0021810250817884407,0.013086150490730643,0.0,0.0,0.0,0.0,0.0,0.023991275899672846,0.0,0.03162486368593239,0.0
C3,0.03382949932341001,0.0,0.0,0.0,0.0,0.0,0.0,0.07848443843031123,0.0,0.0,0.046008119079837616,0.05006765899864682,0.036535859269282815,0.046008119079837616,0.0,0.02435723951285521,0.02165087956698241,0.0,0.0,0.0,0.0,0.0,0.0,0.036535859269282815,0.0,0.0,0.0,0.0,0.010825439783491205,0.0,0.0,0.03924221921515562,0.0,0.03112313937753721,0.008119079837618403,0.03382949932341001,0.05412719891745602,0.07442489851150202,0.0,0.0,0.018944519621109608,0.037889039242219216,0.0,0.0,0.0,0.029769959404600813,0.0,0.014884979702300407,0.0,0.013531799729364006,0.0,0.03112313937753721,0.0,0.0,0.0,0.05006765899864682,0.0,0.04059539918809202,0.05142083897158322,0.0,0.0,0.044654939106901215,0.0,0.04194857916102842
T7,0.0,0.027327070879590094,0.04269854824935952,0.033304867634500426,0.0,0.053800170794193,0.03159692570452605,0.0,0.05294619982920581,0.030742954739538857,0.0,0.0,0.0,0.0,0.030742954739538857,0.0,0.0,0.018787361229718188,0.0,0.017933390264730998,0.0,0.029035012809564473,0.0,0.0,0.04355251921434671,0.05209222886421862,0.05465414175918019,0.028181041844577284,0.0,0.04696840307429547,0.03159692570452605,0.0,0.0,0.0,0.0,0.0,0.0,0.0,0.025619128949615714,0.04782237403928266,0.0,0.0,0.05038428693424424,0.030742954739538857,0.032450896669513236,0.0,0.036720751494449186,0.0,0.02049530315969257,0.0,0.02134927412467976,0.0,0.04526046114432109,0.004269854824935952,0.012809564474807857,0.0,0.0,0.0,0.0,0.0,0.018787361229718188,0.0,0.027327070879590094,0.0
TP9,0.0,0.03285870755750274,0.03723986856516977,0.03943044906900329,0.0,0.03943044906900329,0.03943044906900329,0.0,0.03943044906900329,0.038335158817086525,0.0,0.0,0.0,0.0,0.03723986856516977,0.0,0.0,0.0208105147864184,0.0,0.0208105147864184,0.0,0.033953997809419496,0.0,0.0,0.03614457831325301,0.03943044906900329,0.03943044906900329,0.03614457831325301,0.0,0.03943044906900329,0.03943044906900329,0.0,0.0,0.0,0.0,0.0,0.0,0.0,0.03285870755750274,0.03943044906900329,0.0,0.0,0.03943044906900329,0.03723986856516977,0.03943044906900329,0.0,0.03943044906900329,0.0,0.024096385542168676,0.0,0.025191675794085433,0.0,0.03943044906900329,0.0032858707557502738,0.014238773274917854,0.0,0.0,0.0,0.0,0.0,0.024096385542168676,0.0,0.03285870755750274,0.0
CP5,0.03654970760233918,0.0,0.0,0.0,0.0,0.0,0.0,0.05116959064327485,0.0,0.0,0.049707602339181284,0.05116959064327485,0.039473684210526314,0.049707602339181284,0.0,0.02631578947368421,0.023391812865497075,0.0,0.0,0.0,0.0,0.0,0.0,0.039473684210526314,0.0,0.0,0.0,0.0,0.011695906432748537,0.0,0.0,0.04239766081871345,0.0,0.033625730994152045,0.008771929824561403,0.03654970760233918,0.05116959064327485,0.05116959064327485,0.0,0.0,0.02046783625730994,0.04093567251461988,0.0,0.0,0.0,0.03216374269005848,0.0,0.01608187134502924,0.0,0.014619883040935672,0.0,0.033625730994152045,0.0,0.0,0.0,0.05116959064327485,0.0,0.043859649122807015,0.05116959064327485,0.0,0.0,0.04824561403508772,0.0,0.04532163742690058
CP1,0.036061026352288486,0.0,0.0,0.0,0.0,0.0,0.0,0.05409153952843273,0.0,0.0,0.04854368932038835,0.052704576976421634,0.038834951456310676,0.04854368932038835,0.0,0.026352288488210817,0.023578363384188627,0.0,0.0,0.0,0.0,0.0,0.0,0.038834951456310676,0.0,0.0,0.0,0.0,0.011095700416088766,0.0,0.0,0.04160887656033287,0.0,0.0319001386962552,0.008321775312066574,0.03467406380027739,0.05409153952843273,0.05409153952843273,0.0,0.0,0.020804438280166437,0.04022191400832178,0.0,0.0,0.0,0.030513176144244106,0.0,0.015256588072122053,0.0,0.015256588072122053,0.0,0.033287101248266296,0.0,0.0,0.0,0.052704576976421634,0.0,0.04299583911234397,0.05409153952843273,0.0,0.0,0.047156726768377254,0.0,0.044382801664355064
Pz,0.04154302670623145,0.0,0.0,0.0,0.0,0.0,0.0,0.04302670623145401,0.0,0.0,0.04302670623145401,0.04451038575667656,0.04599406528189911,0.04451038575667656,0.0,0.02967359050445104,0.02967359050445104,0.0,0.0,0.0,0.0,0.0,0.0,0.04302670623145401,0.0,0.0,0.0,0.0,0.011869436201780416,0.0,0.0,0.04302670623145401,0.0,0.03412462908011869,0.008902077151335312,0.037091988130563795,0.04451038575667656,0.04747774480712166,0.0,0.0,0.026706231454005934,0.04747774480712166,0.0,0.0,0.0,0.032640949554896145,0.0,0.016320474777448073,0.0,0.020771513353115726,0.0,0.037091988130563795,0.0,0.0,0.0,0.04302670623145401,0.0,0.04451038575667656,0.04599406528189911,0.0,0.0,0.04599406528189911,0.0,0.04747774480712166
P3,0.03687943262411347,0.0,0.0,0.0,0.0,0.0,0.0,0.05106382978723404,0.0,0.0,0.04964539007092199,0.05106382978723404,0.03971631205673759,0.04964539007092199,0.0,0.02695035460992908,0.024113475177304965,0.0,0.0,0.0,0.0,0.0,0.0,0.03971631205673759,0.0,0.0,0.0,0.0,0.011347517730496455,0.0,0.0,0.0425531914893617,0.0,0.032624113475177303,0.00851063829787234,0.03546099290780142,0.05106382978723404,0.05106382978723404,0.0,0.0,0.02127659574468085,0.04113475177304964,0.0,0.0,0.0,0.031205673758865248,0.0,0.015602836879432624,0.0,0.015602836879432624,0.0,0.03404255319148936,0.0,0.0,0.0,0.05106382978723404,0.0,0.04397163120567376,0.05106382978723404,0.0,0.0,0.04822695035460993,0.0,0.04539007092198582
P7,0.0,0.034371643394199784,0.03544575725026853,0.03759398496240601,0.0,0.0397422126745435,0.03759398496240601,0.0,0.0397422126745435,0.03866809881847476,0.0,0.0,0.0,0.0,0.03866809881847476,0.0,0.0,0.01933404940923738,0.0,0.022556390977443608,0.0,0.0322234156820623,0.0,0.0,0.034371643394199784,0.03866809881847476,0.0397422126745435,0.03544575725026853,0.0,0.03866809881847476,0.03866809881847476,0.0,0.0,0.0,0.0,0.0,0.0,0.0,0.0322234156820623,0.0397422126745435,0.0,0.0,0.03759398496240601,0.03866809881847476,0.0397422126745435,0.0,0.03866809881847476,0.0,0.02577873254564984,0.0,0.02685284640171858,0.0,0.0397422126745435,0.0053705692803437165,0.01611170784103115,0.0,0.0,0.0,0.0,0.0,0.023630504833512353,0.0,0.034371643394199784,0.0
O1,0.0425531914893617,0.0,0.0,0.0,0.0,0.0,0.0,0.0425531914893617,0.0,0.0,0.0425531914893617,0.0425531914893617,0.0425531914893617,0.0425531914893617,0.0,0.04042553191489362,0.036170212765957444,0.0,0.0,0.0,0.0,0.0,0.0,0.0425531914893617,0.0,0.0,0.0,0.0,0.010638297872340425,0.0,0.0,0.0425531914893617,0.0,0.029787234042553193,0.01276595744680851,0.04042553191489362,0.0425531914893617,0.0425531914893617,0.0,0.0,0.031914893617021274,0.0425531914893617,0.0,0.0,0.0,0.03829787234042553,0.0,0.01276595744680851,0.0,0.023404255319148935,0.0,0.0425531914893617,0.0,0.0,0.0,0.0425531914893617,0.0,0.0425531914893617,0.0425531914893617,0.0,0.0,0.0425531914893617,0.0,0.0425531914893617
Oz,0.04424778761061947,0.0,0.0,0.0,0.0,0.0,0.0,0.03982300884955752,0.0,0.0,0.03982300884955752,0.0420353982300885,0.04424778761061947,0.0420353982300885,0.0,0.0420353982300885,0.0420353982300885,0.0,0.0,0.0,0.0,0.0,0.0,0.0420353982300885,0.0,0.0,0.0,0.0,0.00663716814159292,0.0,0.0,0.03982300884955752,0.0,0.02654867256637168,0.01327433628318584,0.03761061946902655,0.0420353982300885,0.04424778761061947,0.0,0.0,0.03761061946902655,0.04424778761061947,0.0,0.0,0.0,0.035398230088495575,0.0,0.008849557522123894,0.0,0.028761061946902654,0.0,0.0420353982300885,0.0,0.0,0.0,0.03982300884955752,0.0,0.0420353982300885,0.04424778761061947,0.0,0.0,0.04424778761061947,0.0,0.04424778761061947
O2,0.0,0.025,0.04791666666666667,0.04375,0.0,0.041666666666666664,0.03958333333333333,0.0,0.041666666666666664,0.035416666666666666,0.0,0.0,0.0,0.0,0.03333333333333333,0.0,0.0,0.05,0.0,0.0020833333333333333,0.0,0.04375,0.0,0.0,0.052083333333333336,0.04791666666666667,0.04583333333333333,0.03333333333333333,0.0,0.04375,0.0375,0.0,0.0,0.0,0.0,0.0,0.0,0.0,0.03125,0.03958333333333333,0.0,0.0,0.05,0.03333333333333333,0.0375,0.0,0.041666666666666664,0.0,0.008333333333333333,0.0,0.010416666666666666,0.0,0.03958333333333333,0.0,0.0,0.0,0.0,0.0,0.0,0.0,0.01875,0.0,0.025,0.0
P4,0.0,0.0,0.0,0.0,0.0,0.0,0.0,0.0,0.0,0.0,0.0,0.0,0.0,0.0,0.0,0.0,0.0,0.0,0.0,0.0,0.0,0.0,0.0,0.0,0.0,0.0,0.0,0.0,0.0,0.0,0.0,0.0,0.0,0.0,0.0,0.0,0.0,0.0,0.0,0.0,0.0,0.0,0.0,0.0,0.0,0.0,0.0,0.0,0.0,0.0,0.0,0.0,0.0,0.0,0.0,0.0,0.0,0.0,0.0,0.0,0.0,0.0,0.0,0.0
P8,0.0,0.03832752613240418,0.0313588850174216,0.03484320557491289,0.0,0.03832752613240418,0.03484320557491289,0.0,0.03832752613240418,0.036585365853658534,0.0,0.0,0.0,0.0,0.03832752613240418,0.0,0.0,0.005226480836236934,0.0,0.036585365853658534,0.0,0.02613240418118467,0.0,0.0,0.029616724738675958,0.036585365853658534,0.03832752613240418,0.033101045296167246,0.0,0.036585365853658534,0.036585365853658534,0.0,0.0,0.0,0.0,0.0,0.0,0.0,0.029616724738675958,0.03832752613240418,0.0,0.0,0.03484320557491289,0.03832752613240418,0.03832752613240418,0.0,0.036585365853658534,0.0,0.03832752613240418,0.0,0.03832752613240418,0.0,0.03832752613240418,0.008710801393728223,0.02613240418118467,0.0,0.0,0.0,0.0,0.0,0.02613240418118467,0.0,0.03832752613240418,0.0
TP10,0.0,0.0,0.0,0.0,0.0,0.0,0.0,0.0,0.0,0.0,0.0,0.0,0.0,0.0,0.0,0.0,0.0,0.0,0.0,0.0,0.0,0.0,0.0,0.0,0.0,0.0,0.0,0.0,0.0,0.0,0.0,0.0,0.0,0.0,0.0,0.0,0.0,0.0,0.0,0.0,0.0,0.0,0.0,0.0,0.0,0.0,0.0,0.0,0.0,0.0,0.0,0.0,0.0,0.0,0.0,0.0,0.0,0.0,0.0,0.0,0.0,0.0,0.0,0.0
CP6,0.0,0.029887920298879204,0.04234122042341221,0.0410958904109589,0.0,0.039850560398505604,0.038605230386052306,0.0,0.039850560398505604,0.0361145703611457,0.0,0.0,0.0,0.0,0.034869240348692404,0.0,0.0,0.028642590286425903,0.0,0.0161892901618929,0.0,0.0410958904109589,0.0,0.0,0.04234122042341221,0.04234122042341221,0.04234122042341221,0.034869240348692404,0.0,0.0410958904109589,0.037359900373599,0.0,0.0,0.0,0.0,0.0,0.0,0.0,0.033623910336239106,0.038605230386052306,0.0,0.0,0.04234122042341221,0.034869240348692404,0.037359900373599,0.0,0.039850560398505604,0.0,0.019925280199252802,0.0,0.021170610211706103,0.0,0.038605230386052306,0.0,0.008717310087173101,0.0,0.0,0.0,0.0,0.0,0.026151930261519303,0.0,0.029887920298879204,0.0
CP2,0.0,0.0,0.0,0.0,0.0,0.0,0.0,0.0,0.0,0.0,0.0,0.0,0.0,0.0,0.0,0.0,0.0,0.0,0.0,0.0,0.0,0.0,0.0,0.0,0.0,0.0,0.0,0.0,0.0,0.0,0.0,0.0,0.0,0.0,0.0,0.0,0.0,0.0,0.0,0.0,0.0,0.0,0.0,0.0,0.0,0.0,0.0,0.0,0.0,0.0,0.0,0.0,0.0,0.0,0.0,0.0,0.0,0.0,0.0,0.0,0.0,0.0,0.0,0.0
Cz,0.040625,0.0,0.0,0.0,0.0,0.0,0.0,0.0453125,0.0,0.0,0.0453125,0.0453125,0.04375,0.0453125,0.0,0.0296875,0.0265625,0.0,0.0,0.0,0.0,0.0,0.0,0.04375,0.0,0.0,0.0,0.0,0.0125,0.0,0.0,0.0453125,0.0,0.0359375,0.009375,0.0390625,0.0453125,0.0453125,0.0,0.0,0.0234375,0.0453125,0.0,0.0,0.0,0.034375,0.0,0.0171875,0.0,0.0171875,0.0,0.0375,0.0,0.0,0.0,0.0453125,0.0,0.0453125,0.0453125,0.0,0.0,0.0453125,0.0,0.0453125
C4,0.0,0.025365853658536587,0.04878048780487805,0.03414634146341464,0.0,0.04682926829268293,0.03219512195121951,0.0,0.045853658536585365,0.03024390243902439,0.0,0.0,0.0,0.0,0.02926829268292683,0.0,0.0,0.024390243902439025,0.0,0.014634146341463415,0.0,0.033170731707317075,0.0,0.0,0.06439024390243903,0.05365853658536585,0.054634146341463415,0.02926829268292683,0.0,0.045853658536585365,0.03121951219512195,0.0,0.0,0.0,0.0,0.0,0.0,0.0,0.02829268292682927,0.04097560975609756,0.0,0.0,0.05853658536585366,0.02926829268292683,0.03121951219512195,0.0,0.037073170731707315,0.0,0.0175609756097561,0.0,0.018536585365853658,0.0,0.03902439024390244,0.0,0.00878048780487805,0.0,0.0,0.0,0.0,0.0,0.021463414634146343,0.0,0.025365853658536587,0.0
T8,0.0,0.025951557093425604,0.04498269896193772,0.03373702422145329,0.0,0.050173010380622836,0.03200692041522491,0.0,0.04930795847750865,0.03027681660899654,0.0,0.0,0.0,0.0,0.029411764705882353,0.0,0.0,0.02162629757785467,0.0,0.01643598615916955,0.0,0.029411764705882353,0.0,0.0,0.05103806228373702,0.056228373702422146,0.056228373702422146,0.028546712802768166,0.0,0.04671280276816609,0.031141868512110725,0.0,0.0,0.0,0.0,0.0,0.0,0.0,0.025951557093425604,0.04498269896193772,0.0,0.0,0.05795847750865052,0.029411764705882353,0.031141868512110725,0.0,0.03633217993079585,0.0,0.01903114186851211,0.0,0.019896193771626297,0.0,0.04325259515570934,0.0025951557093425604,0.01124567474048443,0.0,0.0,0.0,0.0,0.0,0.01903114186851211,0.0,0.025951557093425604,0.0
FT10,0.0,0.026446280991735537,0.04297520661157025,0.032231404958677684,0.0,0.05289256198347107,0.030578512396694214,0.0,0.05206611570247934,0.02975206611570248,0.0,0.0,0.0,0.0,0.02975206611570248,0.0,0.0,0.019834710743801654,0.0,0.017355371900826446,0.0,0.02809917355371901,0.0,0.0,0.049586776859504134,0.05537190082644628,0.0603305785123967,0.02727272727272727,0.0,0.045454545454545456,0.030578512396694214,0.0,0.0,0.0,0.0,0.0,0.0,0.0,0.024793388429752067,0.04628099173553719,0.0,0.0,0.05619834710743802,0.02975206611570248,0.03140495867768595,0.0,0.03553719008264463,0.0,0.019834710743801654,0.0,0.02066115702479339,0.0,0.043801652892561986,0.004132231404958678,0.012396694214876033,0.0,0.0,0.0,0.0,0.0,0.01818181818181818,0.0,0.026446280991735537,0.0
FC6,0.0,0.03297997644287397,0.038869257950530034,0.038869257950530034,0.0,0.038869257950530034,0.038869257950530034,0.0,0.038869257950530034,0.038869257950530034,0.0,0.0,0.0,0.0,0.03769140164899882,0.0,0.0,0.02120141342756184,0.0,0.020023557126030624,0.0,0.0353356890459364,0.0,0.0,0.03769140164899882,0.038869257950530034,0.038869257950530034,0.03769140164899882,0.0,0.038869257950530034,0.038869257950530034,0.0,0.0,0.0,0.0,0.0,0.0,0.0,0.0353356890459364,0.038869257950530034,0.0,0.0,0.038869257950530034,0.03769140164899882,0.038869257950530034,0.0,0.038869257950530034,0.0,0.023557126030624265,0.0,0.024734982332155476,0.0,0.038869257950530034,0.001177856301531213,0.012956419316843345,0.0,0.0,0.0,0.0,0.0,0.02591283863368669,0.0,0.03297997644287397,0.0
FC2,0.0446927374301676,0.0,0.0,0.0,0.0,0.0,0.0,0.0446927374301676,0.0,0.0,0.0446927374301676,0.0446927374301676,0.0446927374301676,0.0446927374301676,0.0,0.01675977653631285,0.00558659217877095,0.0,0.0,0.0,0.0,0.0,0.0,0.0446927374301676,0.0,0.0,0.0,0.0,0.03910614525139665,0.0,0.0,0.0446927374301676,0.0,0.0446927374301676,0.0,0.0446927374301676,0.0446927374301676,0.0446927374301676,0.0,0.0,0.0,0.0446927374301676,0.0,0.0,0.0,0.0446927374301676,0.0,0.0446927374301676,0.0,0.0,0.0,0.0446927374301676,0.0,0.0,0.0,0.0446927374301676,0.0,0.0446927374301676,0.0446927374301676,0.0,0.0,0.0446927374301676,0.0,0.0446927374301676
F4,0.0,0.027422303473491772,0.04570383912248629,0.0356489945155393,0.0,0.048446069469835464,0.033820840950639856,0.0,0.048446069469835464,0.031992687385740404,0.0,0.0,0.0,0.0,0.031078610603290677,0.0,0.0,0.02102376599634369,0.0,0.01736745886654479,0.0,0.031078610603290677,0.0,0.0,0.04661791590493602,0.050274223034734916,0.050274223034734916,0.03016453382084095,0.0,0.048446069469835464,0.03290676416819013,0.0,0.0,0.0,0.0,0.0,0.0,0.0,0.027422303473491772,0.043875685557586835,0.0,0.0,0.050274223034734916,0.031078610603290677,0.03290676416819013,0.0,0.038391224862888484,0.0,0.02010968921389397,0.0,0.02102376599634369,0.0,0.04204753199268738,0.002742230347349177,0.011882998171846435,0.0,0.0,0.0,0.0,0.0,0.02010968921389397,0.0,0.027422303473491772,0.0
F8,0.0,0.032327586206896554,0.03771551724137931,0.03987068965517242,0.0,0.03987068965517242,0.03987068965517242,0.0,0.03987068965517242,0.03771551724137931,0.0,0.0,0.0,0.0,0.036637931034482756,0.0,0.0,0.021551724137931036,0.0,0.020474137931034482,0.0,0.034482758620689655,0.0,0.0,0.036637931034482756,0.03987068965517242,0.03987068965517242,0.03556034482758621,0.0,0.03987068965517242,0.03879310344827586,0.0,0.0,0.0,0.0,0.0,0.0,0.0,0.032327586206896554,0.03987068965517242,0.0,0.0,0.03987068965517242,0.036637931034482756,0.03879310344827586,0.0,0.03987068965517242,0.0,0.023706896551724137,0.0,0.02478448275862069,0.0,0.03987068965517242,0.003232758620689655,0.014008620689655173,0.0,0.0,0.0,0.0,0.0,0.023706896551724137,0.0,0.032327586206896554,0.0
Fp2,0.03894080996884735,0.0,0.0,0.0,0.0,0.0,0.0,0.04672897196261682,0.0,0.0,0.04672897196261682,0.04672897196261682,0.04205607476635514,0.04672897196261682,0.0,0.028037383177570093,0.024922118380062305,0.0,0.0,0.0,0.0,0.0,0.0,0.04205607476635514,0.0,0.0,0.0,0.0,0.012461059190031152,0.0,0.0,0.045171339563862926,0.0,0.03582554517133956,0.009345794392523364,0.03894080996884735,0.04672897196261682,0.04672897196261682,0.0,0.0,0.021806853582554516,0.04361370716510903,0.0,0.0,0.0,0.03426791277258567,0.0,0.017133956386292833,0.0,0.01557632398753894,0.0,0.03582554517133956,0.0,0.0,0.0,0.04672897196261682,0.0,0.04672897196261682,0.04672897196261682,0.0,0.0,0.04672897196261682,0.0,0.04672897196261682
AF7,0.0,0.0,0.0,0.0,0.0,0.0,0.0,0.0,0.0,0.0,0.0,0.0,0.0,0.0,0.0,0.0,0.0,0.0,0.0,0.0,0.0,0.0,0.0,0.0,0.0,0.0,0.0,0.0,0.0,0.0,0.0,0.0,0.0,0.0,0.0,0.0,0.0,0.0,0.0,0.0,0.0,0.0,0.0,0.0,0.0,0.0,0.0,0.0,0.0,0.0,0.0,0.0,0.0,0.0,0.0,0.0,0.0,0.0,0.0,0.0,0.0,0.0,0.0,0.0
AF3,0.038696537678207736,0.0,0.0,0.0,0.0,0.0,0.0,0.04684317718940937,0.0,0.0,0.04684317718940937,0.04684317718940937,0.04276985743380855,0.04684317718940937,0.0,0.024439918533604887,0.020366598778004074,0.0,0.0,0.0,0.0,0.0,0.0,0.04276985743380855,0.0,0.0,0.0,0.0,0.016293279022403257,0.0,0.0,0.04684317718940937,0.0,0.04480651731160896,0.008146639511201629,0.038696537678207736,0.04684317718940937,0.04684317718940937,0.0,0.0,0.016293279022403257,0.04480651731160896,0.0,0.0,0.0,0.034623217922606926,0.0,0.02240325865580448,0.0,0.008146639511201629,0.0,0.034623217922606926,0.0,0.0,0.0,0.04684317718940937,0.0,0.04684317718940937,0.04684317718940937,0.0,0.0,0.04684317718940937,0.0,0.04684317718940937
AFz,0.04054054054054054,0.0,0.0,0.0,0.0,0.0,0.0,0.04054054054054054,0.0,0.0,0.04054054054054054,0.04054054054054054,0.04054054054054054,0.04054054054054054,0.0,0.04054054054054054,0.04054054054054054,0.0,0.0,0.0,0.0,0.0,0.0,0.04054054054054054,0.0,0.0,0.0,0.0,0.0,0.0,0.0,0.04054054054054054,0.0,0.04054054054054054,0.033783783783783786,0.04054054054054054,0.04054054054054054,0.04054054054054054,0.0,0.0,0.04054054054054054,0.04054054054054054,0.0,0.0,0.0,0.04054054054054054,0.0,0.0,0.0,0.033783783783783786,0.0,0.04054054054054054,0.0,0.0,0.0,0.04054054054054054,0.0,0.04054054054054054,0.04054054054054054,0.0,0.0,0.04054054054054054,0.0,0.04054054054054054
F1,0.042328042328042326,0.0,0.0,0.0,0.0,0.0,0.0,0.04409171075837742,0.0,0.0,0.04409171075837742,0.04409171075837742,0.04409171075837742,0.04409171075837742,0.0,0.029982363315696647,0.026455026455026454,0.0,0.0,0.0,0.0,0.0,0.0,0.04409171075837742,0.0,0.0,0.0,0.0,0.014109347442680775,0.0,0.0,0.04409171075837742,0.0,0.037037037037037035,0.010582010582010581,0.042328042328042326,0.04409171075837742,0.04409171075837742,0.0,0.0,0.02292768959435626,0.04409171075837742,0.0,0.0,0.0,0.03880070546737213,0.0,0.019400352733686066,0.0,0.015873015873015872,0.0,0.03880070546737213,0.0,0.0,0.0,0.04409171075837742,0.0,0.04409171075837742,0.04409171075837742,0.0,0.0,0.04409171075837742,0.0,0.04409171075837742
F5,0.03576341127922971,0.0,0.0,0.0,0.0,0.0,0.0,0.0577716643741403,0.0,0.0,0.048143053645116916,0.052269601100412656,0.03851444291609354,0.048143053645116916,0.0,0.026134800550206328,0.023383768913342505,0.0,0.0,0.0,0.0,0.0,0.0,0.03851444291609354,0.0,0.0,0.0,0.0,0.011004126547455296,0.0,0.0,0.04126547455295736,0.0,0.03163686382393398,0.008253094910591471,0.0343878954607978,0.05639614855570839,0.055020632737276476,0.0,0.0,0.02063273727647868,0.039889958734525444,0.0,0.0,0.0,0.030261348005502064,0.0,0.015130674002751032,0.0,0.015130674002751032,0.0,0.033012379642365884,0.0,0.0,0.0,0.052269601100412656,0.0,0.04264099037138927,0.05364511691884457,0.0,0.0,0.04676753782668501,0.0,0.04401650618982118
FT7,0.03522012578616352,0.0,0.0,0.0,0.0,0.0,0.0,0.07169811320754717,0.0,0.0,0.0440251572327044,0.04905660377358491,0.0389937106918239,0.045283018867924525,0.0,0.025157232704402517,0.025157232704402517,0.0,0.0,0.0,0.0,0.0,0.0,0.03647798742138365,0.0,0.0,0.0,0.0,0.010062893081761006,0.0,0.0,0.03773584905660377,0.0,0.028930817610062894,0.007547169811320755,0.031446540880503145,0.052830188679245285,0.0779874213836478,0.0,0.0,0.022641509433962263,0.04025157232704402,0.0,0.0,0.0,0.027672955974842768,0.0,0.013836477987421384,0.0,0.01761006289308176,0.0,0.031446540880503145,0.0,0.0,0.0,0.04779874213836478,0.0,0.04025157232704402,0.05157232704402516,0.0,0.0,0.045283018867924525,0.0,0.0440251572327044
FC3,0.0,0.03333333333333333,0.038461538461538464,0.038461538461538464,0.0,0.038461538461538464,0.038461538461538464,0.0,0.038461538461538464,0.038461538461538464,0.0,0.0,0.0,0.0,0.038461538461538464,0.0,0.0,0.021794871794871794,0.0,0.019230769230769232,0.0,0.03717948717948718,0.0,0.0,0.038461538461538464,0.038461538461538464,0.038461538461538464,0.038461538461538464,0.0,0.038461538461538464,0.038461538461538464,0.0,0.0,0.0,0.0,0.0,0.0,0.0,0.03717948717948718,0.038461538461538464,0.0,0.0,0.038461538461538464,0.038461538461538464,0.038461538461538464,0.0,0.038461538461538464,0.0,0.023076923076923078,0.0,0.02435897435897436,0.0,0.038461538461538464,0.0,0.011538461538461539,0.0,0.0,0.0,0.0,0.0,0.028205128205128206,0.0,0.03333333333333333,0.0
C1,0.0,0.028419182948490232,0.03996447602131439,0.03374777975133215,0.0,0.050621669626998225,0.03285968028419183,0.0,0.050621669626998225,0.03197158081705151,0.0,0.0,0.0,0.0,0.03197158081705151,0.0,0.0,0.018650088809946713,0.0,0.018650088809946713,0.0,0.02930728241563055,0.0,0.0,0.04085257548845471,0.0497335701598579,0.050621669626998225,0.02930728241563055,0.0,0.046181172291296625,0.03285968028419183,0.0,0.0,0.0,0.0,0.0,0.0,0.0,0.02664298401420959,0.04884547069271759,0.0,0.0,0.047957371225577264,0.03197158081705151,0.03374777975133215,0.0,0.03818827708703375,0.0,0.021314387211367674,0.0,0.022202486678507993,0.0,0.04706927175843695,0.004440497335701598,0.013321492007104795,0.0,0.0,0.0,0.0,0.0,0.019538188277087035,0.0,0.028419182948490232,0.0
C5,0.044444444444444446,0.0,0.0,0.0,0.0,0.0,0.0,0.03950617283950617,0.0,0.0,0.03950617283950617,0.04197530864197531,0.044444444444444446,0.04197530864197531,0.0,0.04197530864197531,0.044444444444444446,0.0,0.0,0.0,0.0,0.0,0.0,0.04197530864197531,0.0,0.0,0.0,0.0,0.0024691358024691358,0.0,0.0,0.03950617283950617,0.0,0.024691358024691357,0.014814814814814815,0.037037037037037035,0.04197530864197531,0.044444444444444446,0.0,0.0,0.04197530864197531,0.044444444444444446,0.0,0.0,0.0,0.0345679012345679,0.0,0.0049382716049382715,0.0,0.03209876543209877,0.0,0.04197530864197531,0.0,0.0,0.0,0.03950617283950617,0.0,0.04197530864197531,0.044444444444444446,0.0,0.0,0.044444444444444446,0.0,0.044444444444444446
TP7,0.04081632653061224,0.0,0.0,0.0,0.0,0.0,0.0,0.043731778425655975,0.0,0.0,0.043731778425655975,0.04518950437317784,0.04518950437317784,0.04518950437317784,0.0,0.029154518950437316,0.029154518950437316,0.0,0.0,0.0,0.0,0.0,0.0,0.04227405247813411,0.0,0.0,0.0,0.0,0.011661807580174927,0.0,0.0,0.043731778425655975,0.0,0.033527696793002916,0.008746355685131196,0.03644314868804665,0.04518950437317784,0.048104956268221574,0.0,0.0,0.026239067055393587,0.04664723032069971,0.0,0.0,0.0,0.03206997084548105,0.0,0.016034985422740525,0.0,0.02040816326530612,0.0,0.03644314868804665,0.0,0.0,0.0,0.043731778425655975,0.0,0.04518950437317784,0.04664723032069971,0.0,0.0,0.04664723032069971,0.0,0.048104956268221574
CP3,0.0,0.02555066079295154,0.04581497797356828,0.033480176211453744,0.0,0.04933920704845815,0.03171806167400881,0.0,0.048458149779735685,0.029955947136563875,0.0,0.0,0.0,0.0,0.02907488986784141,0.0,0.0,0.022026431718061675,0.0,0.015859030837004406,0.0,0.029955947136563875,0.0,0.0,0.05638766519823789,0.055506607929515416,0.05638766519823789,0.02907488986784141,0.0,0.04669603524229075,0.030837004405286344,0.0,0.0,0.0,0.0,0.0,0.0,0.0,0.02643171806167401,0.04405286343612335,0.0,0.0,0.05991189427312775,0.02907488986784141,0.030837004405286344,0.0,0.03612334801762115,0.0,0.018502202643171806,0.0,0.019383259911894272,0.0,0.04229074889867841,0.001762114537444934,0.010572687224669603,0.0,0.0,0.0,0.0,0.0,0.019383259911894272,0.0,0.02555066079295154,0.0
P1,0.0,0.034371643394199784,0.03544575725026853,0.03759398496240601,0.0,0.0397422126745435,0.03759398496240601,0.0,0.0397422126745435,0.03866809881847476,0.0,0.0,0.0,0.0,0.03866809881847476,0.0,0.0,0.01933404940923738,0.0,0.022556390977443608,0.0,0.0322234156820623,0.0,0.0,0.034371643394199784,0.03866809881847476,0.0397422126745435,0.03544575725026853,0.0,0.03866809881847476,0.03866809881847476,0.0,0.0,0.0,0.0,0.0,0.0,0.0,0.0322234156820623,0.0397422126745435,0.0,0.0,0.03759398496240601,0.03866809881847476,0.0397422126745435,0.0,0.03866809881847476,0.0,0.02577873254564984,0.0,0.02685284640171858,0.0,0.0397422126745435,0.0053705692803437165,0.01611170784103115,0.0,0.0,0.0,0.0,0.0,0.023630504833512353,0.0,0.034371643394199784,0.0
P5,0.0,0.033229491173416406,0.036344755970924195,0.03842159916926272,0.0,0.040498442367601244,0.03842159916926272,0.0,0.040498442367601244,0.037383177570093455,0.0,0.0,0.0,0.0,0.037383177570093455,0.0,0.0,0.020768431983385256,0.0,0.021806853582554516,0.0,0.033229491173416406,0.0,0.0,0.035306334371754934,0.03946002076843198,0.040498442367601244,0.03426791277258567,0.0,0.03946002076843198,0.03842159916926272,0.0,0.0,0.0,0.0,0.0,0.0,0.0,0.03115264797507788,0.040498442367601244,0.0,0.0,0.03842159916926272,0.037383177570093455,0.03946002076843198,0.0,0.03946002076843198,0.0,0.024922118380062305,0.0,0.02596053997923157,0.0,0.040498442367601244,0.005192107995846314,0.01557632398753894,0.0,0.0,0.0,0.0,0.0,0.02284527518172378,0.0,0.033229491173416406,0.0
PO7,0.043137254901960784,0.0,0.0,0.0,0.0,0.0,0.0,0.043137254901960784,0.0,0.0,0.043137254901960784,0.043137254901960784,0.043137254901960784,0.043137254901960784,0.0,0.03137254901960784,0.027450980392156862,0.0,0.0,0.0,0.0,0.0,0.0,0.043137254901960784,0.0,0.0,0.0,0.0,0.01568627450980392,0.0,0.0,0.043137254901960784,0.0,0.03725490196078431,0.011764705882352941,0.043137254901960784,0.043137254901960784,0.043137254901960784,0.0,0.0,0.023529411764705882,0.043137254901960784,0.0,0.0,0.0,0.041176470588235294,0.0,0.021568627450980392,0.0,0.01568627450980392,0.0,0.041176470588235294,0.0,0.0,0.0,0.043137254901960784,0.0,0.043137254901960784,0.043137254901960784,0.0,0.0,0.043137254901960784,0.0,0.043137254901960784
PO3,0.0,0.03024193548387097,0.04133064516129032,0.03931451612903226,0.0,0.04233870967741935,0.037298387096774195,0.0,0.04233870967741935,0.03528225806451613,0.0,0.0,0.0,0.0,0.034274193548387094,0.0,0.0,0.02217741935483871,0.0,0.019153225806451613,0.0,0.034274193548387094,0.0,0.0,0.04032258064516129,0.04334677419354839,0.04334677419354839,0.03326612903225806,0.0,0.04334677419354839,0.036290322580645164,0.0,0.0,0.0,0.0,0.0,0.0,0.0,0.03024193548387097,0.04133064516129032,0.0,0.0,0.04334677419354839,0.034274193548387094,0.036290322580645164,0.0,0.04133064516129032,0.0,0.02217741935483871,0.0,0.023185483870967742,0.0,0.04133064516129032,0.0030241935483870967,0.01310483870967742,0.0,0.0,0.0,0.0,0.0,0.02217741935483871,0.0,0.03024193548387097,0.0
POz,0.04583333333333333,0.0,0.0,0.0,0.0,0.0,0.0,0.04583333333333333,0.0,0.0,0.04583333333333333,0.04583333333333333,0.04583333333333333,0.04583333333333333,0.0,0.016666666666666666,0.008333333333333333,0.0,0.0,0.0,0.0,0.0,0.0,0.04583333333333333,0.0,0.0,0.0,0.0,0.03333333333333333,0.0,0.0,0.04583333333333333,0.0,0.04583333333333333,0.0,0.04583333333333333,0.04583333333333333,0.04583333333333333,0.0,0.0,0.0,0.04583333333333333,0.0,0.0,0.0,0.0375,0.0,0.041666666666666664,0.0,0.0,0.0,0.0375,0.0,0.0,0.0,0.04583333333333333,0.0,0.04583333333333333,0.04583333333333333,0.0,0.0,0.04583333333333333,0.0,0.04583333333333333
PO4,0.0,0.0382262996941896,0.03211009174311927,0.035168195718654434,0.0,0.0382262996941896,0.035168195718654434,0.0,0.0382262996941896,0.03669724770642202,0.0,0.0,0.0,0.0,0.0382262996941896,0.0,0.0,0.009174311926605505,0.0,0.03211009174311927,0.0,0.027522935779816515,0.0,0.0,0.03058103975535168,0.03669724770642202,0.0382262996941896,0.03363914373088685,0.0,0.03669724770642202,0.03669724770642202,0.0,0.0,0.0,0.0,0.0,0.0,0.0,0.03058103975535168,0.0382262996941896,0.0,0.0,0.035168195718654434,0.0382262996941896,0.0382262996941896,0.0,0.03669724770642202,0.0,0.03669724770642202,0.0,0.0382262996941896,0.0,0.0382262996941896,0.00764525993883792,0.022935779816513763,0.0,0.0,0.0,0.0,0.0,0.027522935779816515,0.0,0.0382262996941896,0.0
PO8,0.04501607717041801,0.0,0.0,0.0,0.0,0.0,0.0,0.03858520900321544,0.0,0.0,0.03858520900321544,0.04180064308681672,0.04501607717041801,0.04180064308681672,0.0,0.04180064308681672,0.04501607717041801,0.0,0.0,0.0,0.0,0.0,0.0,0.04180064308681672,0.0,0.0,0.0,0.0,0.0,0.0,0.0,0.03858520900321544,0.0,0.01929260450160772,0.01929260450160772,0.03536977491961415,0.04180064308681672,0.04501607717041801,0.0,0.0,0.04501607717041801,0.04501607717041801,0.0,0.0,0.0,0.03215434083601286,0.0,0.0,0.0,0.04180064308681672,0.0,0.04180064308681672,0.0,0.0,0.0,0.03858520900321544,0.0,0.04180064308681672,0.04501607717041801,0.0,0.0,0.04501607717041801,0.0,0.04501607717041801
P6,0.0,0.03829160530191458,0.03240058910162003,0.035346097201767304,0.0,0.03829160530191458,0.035346097201767304,0.0,0.03829160530191458,0.036818851251840944,0.0,0.0,0.0,0.0,0.03829160530191458,0.0,0.0,0.010309278350515464,0.0,0.030927835051546393,0.0,0.027982326951399118,0.0,0.0,0.030927835051546393,0.036818851251840944,0.03829160530191458,0.033873343151693665,0.0,0.036818851251840944,0.036818851251840944,0.0,0.0,0.0,0.0,0.0,0.0,0.0,0.030927835051546393,0.03829160530191458,0.0,0.0,0.035346097201767304,0.03829160530191458,0.03829160530191458,0.0,0.036818851251840944,0.0,0.035346097201767304,0.0,0.036818851251840944,0.0,0.03829160530191458,0.007363770250368188,0.022091310751104567,0.0,0.0,0.0,0.0,0.0,0.027982326951399118,0.0,0.03829160530191458,0.0
P2,0.043402777777777776,0.0,0.0,0.0,0.0,0.0,0.0,0.043402777777777776,0.0,0.0,0.043402777777777776,0.043402777777777776,0.043402777777777776,0.043402777777777776,0.0,0.03298611111111111,0.029513888888888888,0.0,0.0,0.0,0.0,0.0,0.0,0.043402777777777776,0.0,0.0,0.0,0.0,0.013888888888888888,0.0,0.0,0.043402777777777776,0.0,0.03298611111111111,0.010416666666666666,0.041666666666666664,0.043402777777777776,0.043402777777777776,0.0,0.0,0.026041666666666668,0.043402777777777776,0.0,0.0,0.0,0.03819444444444445,0.0,0.019097222222222224,0.0,0.019097222222222224,0.0,0.041666666666666664,0.0,0.0,0.0,0.043402777777777776,0.0,0.043402777777777776,0.043402777777777776,0.0,0.0,0.043402777777777776,0.0,0.043402777777777776
CPz,0.0,0.02901178603807797,0.038984587488667274,0.03445149592021759,0.0,0.04895738893925657,0.033544877606527655,0.0,0.04895738893925657,0.032638259292837715,0.0,0.0,0.0,0.0,0.032638259292837715,0.0,0.0,0.019038984587488667,0.0,0.019038984587488667,0.0,0.029918404351767906,0.0,0.0,0.03989120580235721,0.04805077062556664,0.04895738893925657,0.029918404351767906,0.0,0.04533091568449683,0.033544877606527655,0.0,0.0,0.0,0.0,0.0,0.0,0.0,0.027198549410698096,0.04805077062556664,0.0,0.0,0.0471441523118767,0.032638259292837715,0.03445149592021759,0.0,0.038984587488667274,0.0,0.021758839528558477,0.0,0.022665457842248413,0.0,0.0471441523118767,0.004533091568449683,0.013599274705349048,0.0,0.0,0.0,0.0,0.0,0.019945602901178604,0.0,0.02901178603807797,0.0
CP4,0.0,0.045112781954887216,0.015037593984962405,0.03007518796992481,0.0,0.045112781954887216,0.03007518796992481,0.0,0.045112781954887216,0.03759398496240601,0.0,0.0,0.0,0.0,0.045112781954887216,0.0,0.0,0.0,0.0,0.045112781954887216,0.0,0.0,0.0,0.0,0.007518796992481203,0.03759398496240601,0.045112781954887216,0.022556390977443608,0.0,0.03759398496240601,0.03759398496240601,0.0,0.0,0.0,0.0,0.0,0.0,0.0,0.007518796992481203,0.045112781954887216,0.0,0.0,0.03007518796992481,0.045112781954887216,0.045112781954887216,0.0,0.03759398496240601,0.0,0.045112781954887216,0.0,0.045112781954887216,0.0,0.045112781954887216,0.03759398496240601,0.045112781954887216,0.0,0.0,0.0,0.0,0.0,0.0,0.0,0.045112781954887216,0.0
TP8,0.0,0.03902439024390244,0.02926829268292683,0.03414634146341464,0.0,0.03902439024390244,0.03414634146341464,0.0,0.03902439024390244,0.036585365853658534,0.0,0.0,0.0,0.0,0.03902439024390244,0.0,0.0,0.0,0.0,0.03902439024390244,0.0,0.02195121951219512,0.0,0.0,0.026829268292682926,0.036585365853658534,0.03902439024390244,0.03170731707317073,0.0,0.036585365853658534,0.036585365853658534,0.0,0.0,0.0,0.0,0.0,0.0,0.0,0.026829268292682926,0.03902439024390244,0.0,0.0,0.03414634146341464,0.03902439024390244,0.03902439024390244,0.0,0.036585365853658534,0.0,0.03902439024390244,0.0,0.03902439024390244,0.0,0.03902439024390244,0.012195121951219513,0.036585365853658534,0.0,0.0,0.0,0.0,0.0,0.02195121951219512,0.0,0.03902439024390244,0.0
C6,0.03571428571428571,0.0,0.0,0.0,0.0,0.0,0.0,0.054285714285714284,0.0,0.0,0.04857142857142857,0.05285714285714286,0.03857142857142857,0.04857142857142857,0.0,0.025714285714285714,0.022857142857142857,0.0,0.0,0.0,0.0,0.0,0.0,0.03857142857142857,0.0,0.0,0.0,0.0,0.011428571428571429,0.0,0.0,0.041428571428571426,0.0,0.032857142857142856,0.008571428571428572,0.03571428571428571,0.054285714285714284,0.054285714285714284,0.0,0.0,0.02,0.04,0.0,0.0,0.0,0.03142857142857143,0.0,0.015714285714285715,0.0,0.014285714285714285,0.0,0.032857142857142856,0.0,0.0,0.0,0.05285714285714286,0.0,0.04285714285714286,0.054285714285714284,0.0,0.0,0.047142857142857146,0.0,0.04428571428571428
C2,0.0,0.0,0.0,0.0,0.0,0.0,0.0,0.0,0.0,0.0,0.0,0.0,0.0,0.0,0.0,0.0,0.0,0.0,0.0,0.0,0.0,0.0,0.0,0.0,0.0,0.0,0.0,0.0,0.0,0.0,0.0,0.0,0.0,0.0,0.0,0.0,0.0,0.0,0.0,0.0,0.0,0.0,0.0,0.0,0.0,0.0,0.0,0.0,0.0,0.0,0.0,0.0,0.0,0.0,0.0,0.0,0.0,0.0,0.0,0.0,0.0,0.0,0.0,0.0
FC4,0.03863298662704309,0.0,0.0,0.0,0.0,0.0,0.0,0.0475482912332838,0.0,0.0,0.0475482912332838,0.0475482912332838,0.041604754829123326,0.0475482912332838,0.0,0.02823179791976226,0.02526002971768202,0.0,0.0,0.0,0.0,0.0,0.0,0.041604754829123326,0.0,0.0,0.0,0.0,0.01188707280832095,0.0,0.0,0.04457652303120357,0.0,0.03417533432392273,0.008915304606240713,0.03714710252600297,0.0475482912332838,0.0475482912332838,0.0,0.0,0.022288261515601784,0.04309063893016345,0.0,0.0,0.0,0.03268945022288262,0.0,0.01634472511144131,0.0,0.01634472511144131,0.0,0.03566121842496285,0.0,0.0,0.0,0.0475482912332838,0.0,0.04606240713224369,0.0475482912332838,0.0,0.0,0.0475482912332838,0.0,0.0475482912332838
FT8,0.03643724696356275,0.0,0.0,0.0,0.0,0.0,0.0,0.05398110661268556,0.0,0.0,0.04723346828609987,0.05263157894736842,0.03913630229419703,0.048582995951417005,0.0,0.02699055330634278,0.024291497975708502,0.0,0.0,0.0,0.0,0.0,0.0,0.03913630229419703,0.0,0.0,0.0,0.0,0.010796221322537112,0.0,0.0,0.04048582995951417,0.0,0.0310391363022942,0.008097165991902834,0.033738191632928474,0.0553306342780027,0.0553306342780027,0.0,0.0,0.021592442645074223,0.04048582995951417,0.0,0.0,0.0,0.029689608636977057,0.0,0.014844804318488529,0.0,0.016194331983805668,0.0,0.033738191632928474,0.0,0.0,0.0,0.05128205128205128,0.0,0.043184885290148446,0.05398110661268556,0.0,0.0,0.04723346828609987,0.0,0.044534412955465584
F6,0.0,0.0,0.0,0.0,0.0,0.0,0.0,0.0,0.0,0.0,0.0,0.0,0.0,0.0,0.0,0.0,0.0,0.0,0.0,0.0,0.0,0.0,0.0,0.0,0.0,0.0,0.0,0.0,0.0,0.0,0.0,0.0,0.0,0.0,0.0,0.0,0.0,0.0,0.0,0.0,0.0,0.0,0.0,0.0,0.0,0.0,0.0,0.0,0.0,0.0,0.0,0.0,0.0,0.0,0.0,0.0,0.0,0.0,0.0,0.0,0.0,0.0,0.0,0.0
AF8,0.0,0.03722504230118443,0.03722504230118443,0.03722504230118443,0.0,0.03722504230118443,0.03722504230118443,0.0,0.03722504230118443,0.03722504230118443,0.0,0.0,0.0,0.0,0.03722504230118443,0.0,0.0,0.018612521150592216,0.0,0.021996615905245348,0.0,0.03722504230118443,0.0,0.0,0.03722504230118443,0.03722504230118443,0.03722504230118443,0.03722504230118443,0.0,0.03722504230118443,0.03722504230118443,0.0,0.0,0.0,0.0,0.0,0.0,0.0,0.03722504230118443,0.03722504230118443,0.0,0.0,0.03722504230118443,0.03722504230118443,0.03722504230118443,0.0,0.03722504230118443,0.0,0.02707275803722504,0.0,0.028764805414551606,0.0,0.03722504230118443,0.0,0.011844331641285956,0.0,0.0,0.0,0.0,0.0,0.03553299492385787,0.0,0.03722504230118443,0.0
AF4,0.03770949720670391,0.0,0.0,0.0,0.0,0.0,0.0,0.04888268156424581,0.0,0.0,0.04888268156424581,0.05027932960893855,0.040502793296089384,0.05027932960893855,0.0,0.027932960893854747,0.025139664804469275,0.0,0.0,0.0,0.0,0.0,0.0,0.040502793296089384,0.0,0.0,0.0,0.0,0.0111731843575419,0.0,0.0,0.04189944134078212,0.0,0.03212290502793296,0.008379888268156424,0.034916201117318434,0.05027932960893855,0.05027932960893855,0.0,0.0,0.0223463687150838,0.04189944134078212,0.0,0.0,0.0,0.030726256983240222,0.0,0.015363128491620111,0.0,0.01675977653631285,0.0,0.034916201117318434,0.0,0.0,0.0,0.04888268156424581,0.0,0.0446927374301676,0.05027932960893855,0.0,0.0,0.04888268156424581,0.0,0.046089385474860335
F2,0.0,0.03773584905660377,0.03419811320754717,0.036556603773584904,0.0,0.03891509433962264,0.036556603773584904,0.0,0.03891509433962264,0.03773584905660377,0.0,0.0,0.0,0.0,0.03891509433962264,0.0,0.0,0.01650943396226415,0.0,0.024764150943396228,0.0,0.030660377358490566,0.0,0.0,0.0330188679245283,0.03773584905660377,0.03891509433962264,0.03537735849056604,0.0,0.03773584905660377,0.03773584905660377,0.0,0.0,0.0,0.0,0.0,0.0,0.0,0.0330188679245283,0.03891509433962264,0.0,0.0,0.036556603773584904,0.03891509433962264,0.03891509433962264,0.0,0.03773584905660377,0.0,0.02830188679245283,0.0,0.0294811320754717,0.0,0.03891509433962264,0.00589622641509434,0.01768867924528302,0.0,0.0,0.0,0.0,0.0,0.025943396226415096,0.0,0.03773584905660377,0.0
FCz,0.039492242595204514,0.0,0.0,0.0,0.0,0.0,0.0,0.0465444287729196,0.0,0.0,0.0465444287729196,0.047954866008462625,0.04231311706629055,0.047954866008462625,0.0,0.028208744710860368,0.02679830747531735,0.0,0.0,0.0,0.0,0.0,0.0,0.04090267983074753,0.0,0.0,0.0,0.0,0.011283497884344146,0.0,0.0,0.04231311706629055,0.0,0.03244005641748942,0.00846262341325811,0.03526093088857546,0.047954866008462625,0.04936530324400564,0.0,0.0,0.023977433004231313,0.04372355430183357,0.0,0.0,0.0,0.031029619181946404,0.0,0.015514809590973202,0.0,0.018335684062059238,0.0,0.03526093088857546,0.0,0.0,0.0,0.0465444287729196,0.0,0.045133991537376586,0.04936530324400564,0.0,0.0,0.04936530324400564,0.0,0.047954866008462625
