,bankssts-lh,bankssts-rh,caudalanteriorcingulate-lh,caudalanteriorcingulate-rh,caudalmiddlefrontal-lh,caudalmiddlefrontal-rh,cuneus-lh,cuneus-rh,entorhinal-lh,entorhinal-rh,frontalpole-lh,frontalpole-rh,fusiform-lh,fusiform-rh,inferiorparietal-lh,inferiorparietal-rh,inferiortemporal-lh,inferiortemporal-rh,insula-lh,insula-rh,isthmuscingulate-lh,isthmuscingulate-rh,lateraloccipital-lh,lateraloccipital-rh,lateralorbitofrontal-lh,lateralorbitofrontal-rh,lingual-lh,lingual-rh,medialorbitofrontal-lh,medialorbitofrontal-rh,middletemporal-lh,middletemporal-rh,paracentral-lh,paracentral-rh,parahippocampal-lh,parahippocampal-rh,parsopercularis-lh,parsopercularis-rh,parsorbitalis-lh,parsorbitalis-rh,parstriangularis-lh,parstriangularis-rh,pericalcarine-lh,pericalcarine-rh,postcentral-lh,postcentral-rh,posteriorcingulate-lh,posteriorcingulate-rh,precentral-lh,precentral-rh,precuneus-lh,precuneus-rh,rostralanteriorcingulate-lh,rostralanteriorcingulate-rh,rostralmiddlefrontal-lh,rostralmiddlefrontal-rh,superiorfrontal-lh,superiorfrontal-rh,superiorparietal-lh,superiorparietal-rh,superiortemporal-lh,superiortemporal-rh,supramarginal-lh,supramarginal-rh,temporalpole-lh,temporalpole-rh,transversetemporal-lh,transversetemporal-rh
bankssts-lh,-0.001108514221552879,-0.015290981361905522,-0.001500282815566396,-0.0014679084722391091,0.00482620840337605,0.0,-0.002341279795377068,-0.003316587185929518,-0.0032080286253464456,-0.00208649045920982,0.012539024368149819,0.01444250584717463,-0.0024079244095035032,-0.002732708579607963,0.017565835385397344,-0.0025256392210609457,-0.005217944889640186,0.0,-0.0020588118265581438,-0.002172612368815683,-0.002486686559695288,-0.0026783147970616925,-0.0032626485100662756,-0.0025378900526411294,-0.0011335240106399359,-0.0006571895419520164,-0.0025633818387767707,-0.0025334030942311143,0.008737107873320559,0.00793083175987634,0.0036971786552810223,-0.0028138764261188215,-0.002770469093691942,-0.0010185229687300322,-0.005327009061043963,-0.0010110408285228477,-0.0006513089584141507,0.0,0.006634916993626646,0.006064901876259798,-0.018384901259277584,0.005055303771158145,-0.0025423103632937127,-0.0025334030942311143,0.014337099940392204,-0.004585839336865231,-0.0017164594851546517,-0.004178806610999229,-0.009156932087089979,0.015737624918220262,-0.0020535232608262137,-0.0026183573079704174,0.002425980494423307,0.0028961248818914725,0.006279765620050928,0.005055488223449601,-0.001584757557505212,0.0002706393694699795,-0.0007212789143367641,-0.0025423103632937127,-0.0013362200497028147,-0.002178251720655401,0.014118929512745397,-0.022018449406876552,0.0025071905152275692,-0.0021545357507765693,0.022732424476582355,-0.014667766343319262
bankssts-rh,-0.0033699161865314966,0.06918340128097517,-0.0033795145981277423,-0.003988814033997165,-0.001816092289782703,0.0,-0.004283527101245007,-0.00520074325704933,-0.0034302838469461756,-0.0014276974478245196,0.010855292493100558,0.012899922277303452,-0.003582822656829634,-0.00414161207806751,0.02185395258554152,-0.004297924359994361,-0.007084671604429152,0.0350423377634302,-0.00437809724702708,-0.0042461463451871455,-0.004161310829131054,-0.004358288613360702,-0.0041600428289554235,-0.004359666496139157,-0.0022034783657521283,-0.002227090999945439,-0.004191547897115632,-0.004374757559480747,0.007628241260748388,0.006778597714091038,-0.004193478728420133,-0.004785237015361458,-0.004157260369226565,-0.004887015516924182,-0.002245691904494975,-0.0035524757062422307,-0.0028889818642230964,0.0,0.0023550530260000972,0.002381445275210883,-0.02142786898839334,0.0036548127486828773,-0.004357020613185042,-0.004370149871758764,0.003915892937933002,0.00946426743696777,-0.0047707298740092795,-0.004508670266088521,-0.011554230915577762,0.012999998048957866,-0.0037247376800071314,-0.004514600895287553,0.0017255453111910644,0.0013420181770499974,0.002837648111042405,0.00367232020336696,-0.0039126746391030046,-0.0012905651493163796,-0.0017976615388947898,-0.004400331998441925,-0.0036650122899316096,-0.004133035565914353,0.015367761130687562,-0.024519409866153623,-0.0020965826485913838,-0.0032730185262402106,0.016985996105713243,-0.02125401481328746
caudalanteriorcingulate-lh,-0.004034198651129598,-0.016254438473243323,-0.0012086305842193767,-0.00039088665952759406,0.005043450158808031,0.0,-0.0016169146778296573,-0.0047237106727724175,-0.002998685671627701,-0.0025038096051089383,0.013823525765964167,0.015438545503078249,-0.0018715092737809527,-0.0017814667850538925,0.018603322036373427,-0.0009980599662716937,-0.0065006147877382315,0.0,-0.0004330871971136678,-0.000868125483870848,-0.0039248914233278075,-0.004033252622741596,-0.0018453611392149167,-0.0012425964659781934,0.0005969570450825667,0.0009343343847719539,-0.0034002095077178608,-0.004225297331295961,0.010373599012466728,0.009147059510556999,0.004307876407871826,-0.0010349604186249987,-0.0017524541940948527,-0.0010569107370103116,-0.007021645608540569,-0.002949029780928653,-0.002585903166547533,0.0,0.006726304891839089,0.0076250654445979855,-0.020628200670306126,0.006895948450713009,-0.0042002635329126846,-0.0031867844329548116,0.014157705702000943,-0.0060654371440146135,-0.0030132099497324075,-0.002771633737002759,-0.008577404607068387,0.01768294732015336,-0.0045354398359601,-0.004369778930514344,0.004006715989841142,0.003406681472999925,0.006563705641915278,0.006037386229828439,-0.0014746432807184178,0.000666198852338967,-0.0019847487755623302,-0.004369778930514344,-0.0037225930965085648,-0.0003738858562262217,0.012437103471594154,-0.018823977215869512,0.002898907978345606,-0.0008574717501210468,0.018655343837327976,-0.015816782477172005
caudalanteriorcingulate-rh,-0.003826564920958549,-0.016782445723178666,-0.00038961856183798374,-0.0014366109915892088,0.004397507090817561,0.0,-0.001596089753344697,-0.005072794618353609,-0.003137313687606004,-0.0014072641012972172,0.014082967947135358,0.015656584083803885,-0.002014392806586357,-0.002133536537858424,0.018926276124170686,-0.0013886586260589548,-0.006417804408276599,0.0,-0.00037410262168665617,-0.0014059548507034932,-0.004218773531522561,-0.004381276997787479,-0.0016720401576850005,-0.0015360818811672198,0.0015198395759221863,-7.651907845275088e-05,-0.0035876132835727433,-0.004519120137912806,0.010557253373070051,0.009427860262712898,0.004777803350046578,-0.0009594200572694548,-0.001894047751720072,-0.0005397375929107153,-0.00725386332281076,-0.0036247511881469865,-0.0014955524189693185,0.0,0.007717116742537199,0.006586424914781607,-0.01935873858995712,0.005783252718911503,-0.004386293366354176,-0.0035369036593856608,0.014295389024159406,-0.0062419185678008506,-0.003343433092282193,-0.0029897060047310844,-0.008388670404043964,0.01809886928122962,-0.004324332615156474,-0.004717773654771277,0.004353714862778599,0.004024267668598882,0.007160077504673817,0.006276181541260102,-0.0009054377505564648,0.0006026245206951907,-0.0010411467586528933,-0.004717773654771277,-0.003353626259849943,-0.0003278847633726811,0.011612920063715958,-0.018514456734685356,0.0020900430558780866,-0.0008150741638834229,0.017892118040330345,-0.01573397209771037
caudalmiddlefrontal-lh,-0.002933427626074149,-0.019423447048647645,-0.00012258218144538187,-0.0012559712487060827,-0.0010222885543501817,0.0,-0.0009706765274798407,-0.00453055189825162,-0.0027238839015299794,-0.0008865286898873579,0.013609373866253624,0.015384157167219316,-0.0007050344407822314,-0.0015255610360212512,0.01984866254489958,-0.0009327801366795024,-0.006759735432782349,0.0,0.0011550464201978828,-0.0011316922993069814,-0.003616067433007769,-0.0038312870850653316,-0.0004497899502770804,-0.0008961355858164775,0.0023020720146475276,-0.0011159522229099218,-0.0029401104653320404,-0.0038889402090678572,0.010215922724314189,0.008943491832677964,0.004341384894886365,-0.0011095063646647785,-0.0009022383443298406,-3.5046405434746147e-06,-0.006385603721125524,-0.003156243983014063,-0.0024456511317174122,0.0,0.006185619628291242,0.004990795086055059,-0.020585337779408405,0.004748752500691698,-0.003827897139759691,-0.002918728086893911,0.013952052950395605,-0.005930472476973242,-0.003392705836364228,-0.0028683558253661083,-0.009862710035864777,0.018415000200687794,-0.00355665326641216,-0.004091076309460028,0.003970398506989691,0.003771902000627413,0.006118170473670395,0.0064207923230396894,-0.0006294970196504898,0.00021450315191467176,-0.0002681544951941942,-0.003992394040368315,-0.002264291064400868,-0.00019422493295896584,0.011483615033631257,-0.01685751562397124,0.001015851750965322,0.00041185268871099756,0.018303442862158428,-0.018897654531063065
caudalmiddlefrontal-rh,0.0,0.0,0.0,0.0,0.0,-0.24821764249436243,0.0,0.0,-0.13368776806641425,-0.1444452383692559,-0.034242327052807504,0.0,0.0,0.0,-0.021966775845197267,0.0,0.1242520786299748,-0.014505719900998795,0.0,0.0,0.0,0.0,0.0,0.0,0.0,0.0,0.0,0.0,-0.062023837680556984,-0.03682665362283071,0.0,0.0,0.0,0.0,0.0,0.0,0.0,0.04831493665524371,0.0,0.0,0.14049838708905815,0.0,0.0,0.0,0.03250932088277929,0.0016451801766868637,0.0,0.0,0.16616319784537323,-0.005248132669350349,0.0,0.0,0.0,0.0,0.0,-0.03682665362283071,0.0,0.05693340170053268,0.0,0.0,0.0,0.0,-0.018090285990162453,0.0,0.0,0.0,0.0,0.18576453233511867
cuneus-lh,-0.003358326453944787,-0.015812491292889107,-0.00010330402634866426,-0.00028803252875365926,0.005951757310865488,0.0,-0.0019312953768428544,-0.005308605523215902,-0.003451268816578223,-0.001911781560203683,0.013946035690312377,0.015555312677778143,-0.0019547205080706997,-0.002021798643328376,0.01850549642588916,-0.0015342332140445268,-0.005792344391238483,0.0,-0.0011294353967946664,-0.0012056700080856455,-0.004396963731731205,-0.004581691754264619,-0.002383576013434669,-0.0016200167162158292,9.490777108497288e-05,0.0008230486418950829,-0.003854188946213824,-0.004615681681146377,0.010450326817337834,0.009422777504539563,0.0036752078236852795,-0.001281067178361966,-0.0019560103478794976,-0.0008242264009967194,-0.0066452284504636165,-0.003113164578634841,-0.0028856749659885925,0.0,0.007403269708739713,0.0076495147982032176,-0.019483854302149335,0.006718540260305458,-0.004731717532289179,-0.003532846837760471,0.013898575781296524,-0.006487790001982651,-0.0026620935412393814,-0.003952811669609674,-0.008014339533524572,0.0164680446811941,-0.004775450069774137,-0.004709594237659534,0.004390546776753157,0.004323788998846999,0.0076167696525282465,0.006677007893523338,-0.0003063480821637191,-3.724827628425269e-06,-0.0014034389020975968,-0.004669088332825696,-0.0036313493891439105,-0.0008883360281765536,0.012151137120482698,-0.01982029351533708,0.003609314610913887,-0.000483076112641927,0.019213261168852705,-0.01502769069335299
cuneus-rh,-0.001745305419569549,-0.015431572333362972,-0.0004954311987061709,-0.001008536137582378,0.004872456896180983,0.0,-0.002999935324415945,-0.0027043996416823467,-0.00345217006905943,-0.0017558105536450218,0.013825582632136652,0.01497031439167928,-0.0028493068854886063,-0.002566919600440874,0.016265489690742197,-0.003080789413570044,-0.005802594947503668,0.0,-0.0019305355084104896,-0.0020562574443895774,-0.0027015398358528823,-0.0027040004261850614,-0.004099945980604947,-0.003240660361443669,-2.9507482623793764e-05,-0.0006552094673084454,-0.003086951614021615,-0.003240660361443669,0.009739794434660333,0.008563996500882732,0.002637043022956315,-0.0029007467514889753,-0.003476649580268536,-0.0007238186147612383,-0.005948251254849017,-0.0014025004222085345,0.0004964306137287765,0.0,0.008144908381486167,0.005951809085482986,-0.0192503016746682,0.004896381497078587,-0.0029814644722955617,-0.003101718797749686,0.015083987499569887,-0.005009571485523972,-0.0025065564232195606,-0.0036855818798551964,-0.006916588567339605,0.016061290654227317,-0.002925804031346239,-0.0031392761036072043,0.003494624126539168,0.003953708859750589,0.007797909879237096,0.005322742013263237,-0.0005849473353936009,0.0006237946260233726,-0.0010806391416668662,-0.003179293999796892,-0.0012528192121012641,-0.0019750753697672222,0.012943961108408378,-0.0226664521540613,0.0028229748222453007,-0.0019187004731111117,0.020442147021534674,-0.014646550005423052
entorhinal-lh,-0.0023127402873542304,-0.003227719389369454,-0.0018233272453571149,-0.0021756053971419835,-0.0003616089386062865,-0.10850089308562441,-0.0034541039333097013,-0.00393519579995291,-0.19380699689385106,-0.11422567616448824,0.012217674087752548,0.014079555782772498,-0.0033808160250764566,-0.0033488925340869552,0.02216959224055642,-0.003275604625853711,0.013965877344051494,-0.036298080580336234,-0.0033441720709598347,-0.0026602979760119785,-0.0034221804423201995,-0.003495468350553444,-0.0035067096329210786,-0.003328210325465084,-0.001381799439844256,-0.0009243098888366464,-0.003490747887426323,-0.0034014982336983282,0.008629245231811503,0.007892765437252269,-0.0032962868344755827,-0.0033441720709598347,-0.003069902290535336,-0.0036101206760304314,-0.003238960671737089,-0.003536832767797187,-0.0017961242174947343,-0.09209692077082646,0.003953858785639755,0.0006012553998931941,0.17014175759309946,0.0038787705212931147,-0.0035640357956595674,-0.0033488925340869552,0.03941340525980529,-0.0036373237038928117,-0.0033264099693516907,-0.0035001888136805648,0.17071784339110507,-0.005011358419235815,-0.003065181827408215,-0.003495468350553444,0.0027167246667157753,0.002732686412210526,0.004416068799774485,0.004667856015463721,-0.002301499004986601,0.0,-0.001239944086504888,-0.003495468350553444,-0.0029073647285740964,-0.0036420441670199327,0.014910005694186846,-0.0037265733576208114,-5.069520406516083e-05,-0.002166164470887742,-0.00297593217368022,0.17742157774268047
entorhinal-rh,-0.0024096844764568137,-0.002738443019453458,-0.002424800761222738,-0.0019064278374600638,0.00010350111918964583,-0.12075564648645573,-0.0030369689929182534,-0.0035946194762776374,-0.12226707550664809,-0.14597571235499388,0.011666013418765738,0.013624522226416606,-0.0028725897214199264,-0.0028685421916192157,0.022217964910547623,-0.002795934463153377,0.0738303562374234,-0.05872393631074881,-0.0027808181783874524,-0.0023158891685239776,-0.0029411499200850595,-0.003013757648550903,-0.0029986413637849785,-0.0028514021419529336,-0.0028514021419529336,-0.0005963911257376326,-0.003015781413451256,-0.0029240098704187726,0.007873023680928693,0.0070964761777348615,-0.0031116004862844497,-0.0027616543638208082,-0.002682975340653901,-0.003508919227946227,-0.0026870228704546114,-0.003048037747883467,-0.003289072277648343,-0.1303236946745492,0.0024624262678395667,0.0010484754236825158,0.1383019424167843,0.0044703314595889235,-0.0030883891419170996,-0.0028685421916192157,0.05252316246721443,-0.003271932227982061,-0.0029371023902843487,-0.0030117338836505455,0.1687710125871649,-0.013625592151122573,-0.003128740535950732,-0.003013757648550903,0.0018099066421104239,0.0016626674202783838,0.0032157624266660515,0.004137525386791566,-0.0025337123539215032,0.0,-0.0027233267346875333,-0.003013757648550903,-0.003316331151816404,-0.003214440784282142,0.015376276603635162,-0.003271932227982061,0.00047463482112028476,-0.0021323460824590156,-0.0023370767479909747,0.17689533376979982
frontalpole-lh,-0.00011108317298408758,-0.01161247804162331,0.00333695385148956,0.0035478925348523447,0.007651795509007763,-0.006094511208101605,0.0025864136926087157,-5.0150166626065694e-05,0.0015585599712487459,0.0015950199373469423,-0.04320515406505161,-0.01744478271717346,0.002453952519184996,0.002412017446049088,0.018527599299573174,0.0031158020719691667,-0.005872495954574214,0.0,0.0038390951431089217,0.003257690144396289,0.00040153431467558046,0.00036507434857739363,0.0024463945058413004,0.003121408728948241,0.0036693544149642306,0.003418217994183873,0.0009671686394879415,0.0001551358830151204,-0.021610890609447046,-0.010349250085517677,0.008637077056530485,0.003488892094597252,0.0025389544331986947,0.00468245522673599,-0.0021981081456998444,0.001342929432697764,0.0011022692079577223,0.0,0.005069955533669338,0.00846373010700778,-0.01868257139100689,0.004174184180866046,0.00028207287016472697,0.0011837139798297816,0.014595013479736605,-0.0016839339514995973,0.0017182318956403039,0.002096305303570268,-0.014355668372999135,0.022269040702103098,2.2592238886458452e-05,0.00011867591691693359,-0.0019458991375296748,0.0033071007601709495,-0.011399140999846989,-0.010312613730040663,0.003678567293321328,0.0007460780121067883,0.0014002593201716217,0.0002008087274704234,0.0007056875726086311,0.0041188213375246705,0.01099478892488307,-0.014516703817157235,0.0050831692832285095,0.0033725451497285987,0.0229832701485278,-0.015358835573501792
frontalpole-rh,0.0008879018945757831,-0.010681152926566647,0.00415384814548855,0.004364155864927807,0.008290084037380326,0.0,0.00331022935394031,0.0003020280844017681,0.0022201783018962937,0.00232876647486915,-0.024061791865469803,-0.058058253738586224,0.0031767536185283345,0.0032604317987483646,0.01839750394347529,0.003923151990014909,-0.006268785479758863,0.0,0.004886583753435976,0.00395033657139407,0.0010553083058637699,0.0009467201328909133,0.003167721720248291,0.0036834443582628284,0.004556422218120684,0.004187778821364571,0.0015777862452198935,0.0007613428282060873,-0.01814442716133464,-0.03274844265356131,0.0094522943996288,0.004325262381546595,0.003264942140309957,0.004710011696701481,-0.0017493345206407412,0.0020728253323328972,0.0016024920179567152,0.0,0.0059018241829666565,0.009422976175322369,-0.018259650846929636,0.005049338877463291,0.000783914958015663,0.0017904001904439474,0.014572158545051776,-0.0009760558894868861,0.0019712355164087183,0.001889863561973495,-0.013649629282593606,0.022799399305650666,0.00041985438398279423,0.0006165585975756118,-0.0033046709211561583,0.0038417483984212225,-0.0017461826716887725,-0.017397605855784242,0.003968377937640449,0.00020125636371817374,0.00196230773644879,0.0006165585975756118,0.0017066515373743867,0.004648937283449489,0.011572461958312904,-0.013819989551782385,0.005915529798821107,0.0038870171983620932,0.02373548913661614,-0.01522419330798581
fusiform-lh,-0.003297475314103712,-0.015314930290468794,0.0001438925798027806,-0.00012702210787174595,0.006349797614513497,0.0,-0.0018245915432017318,-0.005014113825952839,-0.003420044509524067,-0.0018991737806463005,0.01397744202737099,0.015723299069507913,-0.0023702300098195957,-0.00215372703859084,0.01782155551486049,-0.001831525992535927,-0.005678071048308566,0.0,-0.000970749470071204,-0.0007604993493026086,-0.0044624798324370005,-0.004611238363388763,-0.0027873854320172213,-0.0018363438166865136,5.8400497223478655e-05,0.0003353843910053633,-0.0036131308999395586,-0.004236670439377171,0.010165058906575443,0.009339551744722919,0.0030993302482648184,-0.0013048716054209783,-0.0023679653101613884,-0.0007891611527738856,-0.007122799188400431,-0.0036769751285999847,-0.0014055166422264646,0.0,0.007772706418679983,0.006541519734580675,-0.018661999563639443,0.005447859897523576,-0.004352673063140251,-0.003205594042932644,0.013825031191268471,-0.007206469864125736,-0.0015496798187674538,-0.00447094838376675,-0.008606330076274801,0.016099748245683033,-0.004305649378447918,-0.004409203497231998,0.0039832197995882685,0.004567810027861146,0.007829222020204044,0.00623661620789,-0.00010721290199776676,0.0008499999192369223,-0.0006879916303786079,-0.004409203497231998,-0.003296327550785546,-0.0014793376400816312,0.012113429836835674,-0.02077778411567379,0.003926088150364652,-0.0009796296822085296,0.019654843928134855,-0.014479081173186845
fusiform-rh,-0.0033250129147189855,-0.015543305855082235,0.00032191755248573453,-0.00022245328265638824,0.005823908334972143,0.0,-0.0019048959170819152,-0.004893875599931206,-0.003394630331266718,-0.0016244164024833035,0.014041397659114312,0.01577929698698258,-0.0023921076234991625,-0.002446752720156188,0.017621772680883586,-0.0021208009528299273,-0.005330804265801333,0.0,-0.0014725406973264499,-0.001075611344964533,-0.004489797443737564,-0.004562391658760549,-0.0031630180145156925,-0.0020152846107038057,0.0003315691307754117,0.0001736869066890896,-0.00359531632553525,-0.004183571749979798,0.0101001418699051,0.00936454079421398,0.0029154587182409638,-0.0018302364472189898,-0.0027498577122754813,-0.0001270116735831688,-0.006919431057739448,-0.0035134805236324254,-0.0010811309742988263,0.0,0.008253221403286362,0.006268608095081844,-0.018531465743672315,0.0051378541319470426,-0.004248597944610719,-0.0031590355079193382,0.014226509320316542,-0.006735127830024893,-0.00170328270058009,-0.004230575162941754,-0.008124949000026816,0.016042623714049468,-0.00374085215905296,-0.0043973718884524095,0.003985789558931405,0.004728963239825306,0.008125620668163856,0.006184168402082904,6.455133162352409e-05,0.0009288756157981849,-0.00027712242552297654,-0.004276217246047831,-0.0029507635773237174,-0.001792254170725799,0.011337480508991497,-0.020979158916256114,0.0033279222263436744,-0.0008427690292461818,0.01937957275922634,-0.014498172207747564
inferiorparietal-lh,0.020227209279694465,0.010707758937167612,0.02340125907290706,0.023856184130403378,0.029033344390210738,-0.02731948049493927,0.023122760382021483,0.017878472595475297,0.022105684680413618,0.02228628667943661,0.023431559361944434,0.023018934267201526,0.02184383126292319,0.021627108864095607,-0.5256065998324422,0.022598774169435763,-0.005651112331381267,0.0,0.02582927585184869,0.023808192818217673,0.018763592392206343,0.018533264739597273,0.02597774586299548,0.022533978509804015,0.023550455482810068,0.023491929249172525,0.019724632913049274,0.01873038204778536,0.023574595658043398,0.02306258967002895,0.031200514603125593,0.030387135326020876,0.025756308653483263,0.024985897390453902,0.020631760193142144,0.020173179232361213,0.019553718169780004,0.0,0.024837876694534102,0.030205088023878463,0.0023696344088015085,0.02512324233712056,0.018748522386160673,0.019890344632117377,0.013688037001107108,0.019977874173867188,0.02221932052082431,0.01927604769544779,-0.3523929802522856,0.04424535512424469,0.018939749169680907,0.018557315051785206,0.023124385411231706,0.023174021201772393,0.024785080708618373,0.024916785270608626,0.023305057824155324,-0.0014487763693939917,0.020967281355396925,0.01851665956738678,0.02015025366940064,0.025117312914163185,-0.40417865972573885,0.009197190084034444,0.026777867383748585,0.023888058483895105,0.04374559448957901,-0.014554663414636645
inferiorparietal-rh,-0.0035365401063586666,-0.015709908357422222,0.0005440474942851606,1.7423947707464932e-06,0.006052551908651543,0.0,-0.0020831006340823704,-0.00562688258269862,-0.003418315413831098,-0.001575801781596262,0.014383127228364179,0.01599936600048654,-0.0023964567696623156,-0.002462502514735589,0.01811763777522784,-0.0020445630236353416,-0.005589522547805578,0.0,-0.0009359742556377152,-0.0009505120566487179,-0.004786260068976637,-0.004935069272369813,-0.0029038246084091826,-0.0020113432669100163,0.0008335203332046745,0.0006198862419807937,-0.00419158941935848,-0.005042553970148341,0.010635180591638942,0.009620761721857407,0.003802712537557274,-0.0013184531288078381,-0.0023549692292621663,-3.823617885197255e-05,-0.007021922046820418,-0.00355916045993186,-0.0019867972040992898,0.0,0.008423294759122119,0.00727231298657358,-0.01908381601158519,0.006195195550354663,-0.005066712540808121,-0.003923315308222199,0.014148151220013226,-0.006673122890218187,-0.0029902804408977533,-0.00408763571670808,-0.007792002632780683,0.01664798769237931,-0.004764219351107751,-0.005097263344612066,0.004446361346179483,0.004947923005254229,0.00833054791616665,0.00679074686482999,0.0002820568722348874,0.00014073705795236748,-0.001458933833819203,-0.0050570509521818095,-0.0034200937683846987,-0.001217518788532476,0.011556873837219483,-0.019972660372605658,0.0036969359045083113,-0.00044010226345949564,0.018753063502644093,-0.01471773562947368
inferiortemporal-lh,-0.01917196283477088,-0.019013516860929797,-0.02392534205000333,-0.02360845010232117,-0.02107331452086386,0.2082377968600717,-0.02170709841622819,-0.02202399036391035,0.08608070390816958,0.11224035323906557,-0.02170709841622819,-0.02345000412848008,-0.021231760494704943,-0.01996419270397629,-0.02107331452086386,-0.02107331452086386,0.07908980283227414,0.05116972759073106,-0.021548652442387104,-0.022816220233115758,-0.020756422573181697,-0.020756422573181697,-0.020914868547022777,-0.02234088231159251,-0.021548652442387104,-0.02234088231159251,-0.021548652442387104,-0.02186554439006927,-0.021390206468546023,-0.022657774259274677,-0.012041894011922205,-0.022816220233115758,-0.01996419270397629,-0.02788649139603037,-0.019330408808611962,-0.015844597384108164,-0.02313311218079792,0.223317328635994,-0.02345000412848008,-0.012358785959604369,0.1241858653682826,-0.01822128699172439,-0.02170709841622819,-0.02186554439006927,0.06678339074199033,0.0034179060071433316,-0.022657774259274677,-0.02376689607616225,0.17715501157255648,0.0,-0.022499328285433592,-0.02202399036391035,-0.02186554439006927,-0.02360845010232117,-0.02218243633775143,-0.02202399036391035,-0.024717571919208738,-0.029847731100672185,-0.02218243633775143,-0.02218243633775143,-0.02107331452086386,-0.016636827253313575,-0.016636827253313575,-0.016636827253313575,-0.023291558154639,-0.02313311218079792,0.0,0.04341734326773165
inferiortemporal-rh,0.0,0.07650126776136379,0.0,0.0,0.0,0.001585233530323257,0.0,0.0,-0.06172171695793309,-0.09413397328045703,0.0,0.0,0.0,0.0,0.0,0.0,0.05457590249515482,-0.21755397471449228,0.0,0.0,0.0,0.0,0.0,0.0,0.0,0.0,0.0,0.0,0.0,0.0,-0.011223374900420295,0.0,0.0,0.0,0.0,0.0,0.0,-0.01805631501188591,0.0,-0.014284295327807648,0.07973371569494254,0.0,0.0,0.0,0.060775756800338844,0.06091078644744136,0.0,0.0,0.1256982555934996,-0.07040116982990913,0.0,0.0,0.0,0.0,0.0,0.0,0.0,-0.004599198279946996,0.0,0.0,0.0,0.0,0.0,-0.0020406136182582356,0.0,0.0,-0.01326398851867853,0.047497702116724896
insula-lh,-0.004040850906010094,-0.016381291769308713,-0.0002038044527184202,-0.00013981178742114957,0.006571784819253894,0.0,-0.0025820366687265895,-0.005490347539326426,-0.0033559237409677514,-0.0018026605512205566,0.013692297080308983,0.01571353999348036,-0.002621237475744416,-0.0027781310401244035,0.020036949499100946,-0.0019759685530278057,-0.005893479235925451,0.0,-0.00016241062277391993,-0.0006263006188512011,-0.004852099076095407,-0.004960552099738774,-0.0014032594215058751,-0.001983695297335371,0.00020424041745778902,0.0009052609188867646,-0.004361816028302506,-0.0050816060847516074,0.01041259278827134,0.009463660626379869,0.004740933199009757,-0.00019501509660176824,-0.0009642826876432912,-0.00028541637022810895,-0.007189508646279284,-0.004020104644037679,-0.0024163533070757246,0.0,0.007027969121612051,0.007302084456317831,-0.019295416186967545,0.006581219750699044,-0.005152116329383445,-0.0040054532842812894,0.013768626094960244,-0.007439607808123037,-0.0030440812405919068,-0.003010989732270875,-0.008218714672899743,0.01791259996356405,-0.005009302128904686,-0.00517342134126295,0.004438047152548358,0.004286298982873697,0.006877936123614809,0.006828729980983576,-0.0004564380412157545,0.0005540069153918228,-0.0017209535584011893,-0.0050489112165602945,-0.004417023133261623,-0.0006547767157485217,0.011860320855448154,-0.017914601041128034,0.004524665734146075,-0.0003262037958196992,0.01839146493738211,-0.015439255463128647
insula-rh,-0.0037238425753935572,-0.016552216833123863,2.1527974048007795e-05,-0.0007283591488279157,0.005144944982163251,0.0,-0.0019673540799186344,-0.005556431244483253,-0.003211795253199653,-0.001319162630339447,0.01404124387556856,0.01559087327037264,-0.0019741333854661615,-0.0024431548743627535,0.018870106443230873,-0.0018323279751657777,-0.006097777874820258,0.0,-6.840269493625322e-05,-0.0015446154223106945,-0.00462290019869498,-0.00482506114132721,-0.001829376891411018,-0.001976543084263076,0.0012259237713484218,0.00030701835172920267,-0.003999177774886139,-0.004957057305755782,0.01075213318780773,0.009565451054975879,0.004814068767882331,-0.0006756761833733209,-0.0021158161017597074,-0.0002714951607304104,-0.007124615093401422,-0.003721915139426684,-0.0020584004416124,0.0,0.00810350252219355,0.007117390028390992,-0.019231709545532747,0.0062638185605888965,-0.004829187345027066,-0.003987788017845728,0.014374901752271609,-0.006314954980071157,-0.0038016283477514856,-0.003794204063975358,-0.007839257292129349,0.017821260088752927,-0.004690369725649825,-0.0051547471048528,0.004595153857406603,0.00412411788169998,0.007836137369662967,0.006931509290483075,-0.000594079293832569,2.0465719414803264e-05,-0.0012724749350271321,-0.005114095252354003,-0.0031433034044057928,-0.0006204240352601649,0.011577318825264438,-0.018696424860894047,0.0031207234171806188,-0.0004640401821224504,0.017811802442834142,-0.015285096539549448
isthmuscingulate-lh,-0.0017635439216138384,-0.015229349028898102,-0.0004137177950855181,-0.0008746277946264536,0.005080622565077023,0.0,-0.0027496555398332694,-0.0034290659636805353,-0.0033998047303354564,-0.0016802433762252629,0.013576508964061785,0.015160432002270874,-0.0029212022990339702,-0.002702383083669675,0.01638213168302723,-0.0029494336629244918,-0.0054992166996242885,0.0,-0.0020883406552601206,-0.0018676189937949944,-0.002828067719453889,-0.0029408253713400488,-0.004010267291603257,-0.0029279637448264176,-0.00017923280114395362,-0.0006258658445064345,-0.0030298010664181817,-0.002989617364671332,0.009603327908822637,0.008706343797628791,0.002625555455816436,-0.0028582966136550406,-0.0033357074584135856,-0.0006144059652959379,-0.005846780385117902,-0.0017030133476418103,0.00020159573373591818,0.0,0.007759204795918931,0.005792935926146938,-0.018788753602668812,0.004725777533602761,-0.0029294394349579766,-0.0029709470148889475,0.014775172012650509,-0.00528190827522483,-0.002168782346874362,-0.003992389856532856,-0.007958488183986772,0.01553390620520141,-0.0025071940131659505,-0.0030273148790729925,0.0034372141221219693,0.004132060053900335,0.007646504092383201,0.0054942774406967,-0.000540142567809495,0.0006505928730718175,-0.0006723019520916636,-0.0029532433152840445,-0.001245986353709142,-0.0022096193178282025,0.012792430617868868,-0.022881815978736827,0.002804905594329299,-0.0015901507297909094,0.02078566366783361,-0.014490636704849402
isthmuscingulate-rh,-0.0018431020341962586,-0.015256208161989455,-0.0003715625661478782,-0.0008846422998160067,0.0050273627039911185,0.0,-0.0027045996716867854,-0.003335747818862483,-0.0034493846298712352,-0.0017154678085993132,0.013712727639357512,0.015185778418546462,-0.0029161978608803385,-0.0027492154952012122,0.01623992678481982,-0.0029960138749217974,-0.005491788817072529,0.0,-0.002080565618983236,-0.0018756831480173282,-0.0029245174193488353,-0.002964603469108484,-0.004005086344081185,-0.0029746667905430836,-0.0001364085594860847,-0.0006353630861865622,-0.0030297105654117414,-0.0030359926465744155,0.009634966382266085,0.008739021107536353,0.0025382178902709283,-0.0028755330002725055,-0.0034241413214064686,-0.0005105094424741537,-0.005935998915104792,-0.0017303264006076219,0.00034670029072916456,0.0,0.007973015142958988,0.005733410546117442,-0.018840748822090518,0.004629362787598207,-0.002810434073125514,-0.003017253681193462,0.014842102712571048,-0.0052609254284603744,-0.0021552493796876708,-0.003971604209805303,-0.007844178643131835,0.015620011920154279,-0.002548041237556936,-0.0029609637581003356,0.003475730231475188,0.004169649961607581,0.007716363473381068,0.005530120894610262,-0.00046115431845955335,0.000652413326259469,-0.0006690597766765251,-0.0029672458392630005,-0.001324550317258573,-0.0021097325357184115,0.012645163013559238,-0.022965518887258674,0.0027904600702058162,-0.0016343885894566377,0.020662645929314126,-0.014471063963234913
lateraloccipital-lh,-0.0041026711727377456,-0.015592424665148591,-0.00026903934711782607,-0.00025848902096245794,0.006652885540360363,0.0,-0.0024209774731228685,-0.006261095600599803,-0.0034789310171521063,-0.0017669134712944667,0.013718109498621369,0.015323118607815921,-0.0028078612159270423,-0.0028903476502053155,0.020967335871254954,-0.002399026661763945,-0.0055571673539080504,0.0,-0.00016789316486681607,-0.0009136056292858769,-0.0051783070004370255,-0.005362954787193847,-0.00023021258013906684,-0.0024167648215617102,-3.729957206814898e-05,0.0005376362902559846,-0.0046362213119356495,-0.0055212550859015394,0.010195795346942548,0.009087443198235151,0.005092651070390711,0.0011471376846782886,-2.0325499338175137e-07,8.807803782801144e-05,-0.006786206347253469,-0.0038567539558910756,-0.003115652808725058,0.0,0.007237428646450401,0.007936176770409439,-0.019218528676946667,0.006986886644671602,-0.005557269586054409,-0.004443842391859265,0.013668486362349547,-0.006757324242370013,-0.0026949253318653142,-0.004641935572479239,-0.008112213394529132,0.018436108884692222,-0.005473915975417075,-0.005532381530050237,0.004025513425636309,0.0042355376133275955,0.007315581017474914,0.007202163666839424,-0.00048199653995285955,-0.0006916235042068964,-0.0020520383883636368,-0.005451842872747225,-0.004191289999668768,-0.00048386898498714044,0.011838607341326711,-0.01800703122804629,0.00455279589681751,-0.0003262636763956332,0.018679933064857008,-0.014778843615103293
lateraloccipital-rh,-0.003467887287807638,-0.015738933766692657,0.00035186737936949834,-9.807218716368282e-05,0.006027599918610268,0.0,-0.0021788303646978558,-0.005581999320207337,-0.0034330663665287178,-0.0016421244121271237,0.014521134752087687,0.01573110896488971,-0.002491610729382251,-0.0022966237443284333,0.018118557490579407,-0.0017531230023748433,-0.005908958985347437,0.0,-0.0008075346682709247,-0.001052693293011499,-0.004623901777175992,-0.004772695588039213,-0.0027497167411012348,-0.002001150658090903,0.0008253267694132599,0.0006364975067413051,-0.0041607097471873244,-0.005000516558418387,0.010728244150619348,0.009509854151561048,0.0038200306356679834,-0.0011891804103248249,-0.0021490352256583046,-0.0003608735965285822,-0.007149133172196307,-0.0033984365452212812,-0.002115213807384379,0.0,0.008296448834217091,0.007440956225509453,-0.019342077806838182,0.00640878207753991,-0.004994135277840773,-0.003879416035720777,0.014250121592464516,-0.006627853725941106,-0.003023507238235951,-0.003950033338127675,-0.00771326871436482,0.0167188063340581,-0.004948081543045961,-0.005055307335495164,0.00449310493162055,0.004673032594725678,0.008383134648530629,0.0066316904836851214,4.710682691667384e-05,0.00016380378660287847,-0.001518328621372382,-0.005095504335395485,-0.0034002261443694588,-0.0010908801447611655,0.011765552720683832,-0.019821131300238132,0.00375868545560937,-0.000590295162003745,0.01870331341053366,-0.014832692963219075
lateralorbitofrontal-lh,-0.0038610155848273265,-0.015446347752103065,0.0001977550713237011,0.0008134437896728611,0.00677332977768137,0.0,-0.0019862214142607605,-0.00467790636966178,-0.002770864293301137,-0.002847399708269562,0.013461193575541042,0.015408435895739163,-0.002185542856416348,-0.002036956880340294,0.018673207397089154,-0.0012586723107942423,-0.005786520178719915,0.0,-0.000584919629449078,-0.00020281612800659787,-0.0041579472351727185,-0.004230477811658469,-0.0020150217563450483,-0.0012271221718643676,-0.0021339282233246142,0.0014889447002370154,-0.003668179633600388,-0.004345567720810929,0.009685480117494776,0.008730724557824966,0.0038503974650208684,-0.0007479274576440348,-0.0014452689266715034,-0.00013565092674402182,-0.006507852013478669,-0.0031925853874847673,-0.004315977558502478,0.0,0.005482462092291851,0.008205321082460483,-0.021975644566759298,0.007421928785061428,-0.00442496351538574,-0.0033024625189714916,0.013437857411290182,-0.0065691598373260685,-0.002254678617032029,-0.002437564528883554,-0.008821724664967221,0.017499194704639173,-0.004550139036731782,-0.004393478380073108,0.0036928129712659424,0.003409095580696168,0.006408110192954316,0.0059342565694375776,0.00038281047642499074,0.0007043876301156426,-0.00351143426066218,-0.0042712279537621255,-0.004309853893571007,-0.00044602127854501144,0.01187138325653726,-0.01900002420925795,0.004685778681010751,-0.00013483540899887704,0.019031143396923553,-0.015077552578354707
lateralorbitofrontal-rh,-0.003669811631089582,-0.015796313985591098,0.0004114178351344107,-0.0009352366903181268,0.0035585167614987892,0.0,-0.0013880885459653294,-0.005251427293739504,-0.002769129572763724,-0.0010375113856253549,0.01358608939834203,0.015327179115890738,-0.0018889302691609592,-0.0022956171396957036,0.018835717859930868,-0.0015166108533957708,-0.005919067515938226,0.0,0.0001615443618663171,-0.0011741485445659124,-0.004394778655144274,-0.004523195616013001,-0.0016735384430500188,-0.0016167265063681813,0.0015928738269248355,-0.0022401451166249573,-0.003718579605882126,-0.004641959172112769,0.009727299428849345,0.008500888793227745,0.004841487002581702,-0.00030787994051276977,-0.0017418085405617185,0.00027878184674482457,-0.006806890414795921,-0.0036447185754432607,-0.0008788431160919024,0.0,0.009039517654873467,0.004813279005081126,-0.017898699438780027,0.003763482717969773,-0.004472665711632325,-0.0036742277594751507,0.014475967293463905,-0.006241258687316715,-0.002853789285863654,-0.0033755536725794404,-0.008745865426601482,0.017988692007065273,-0.0041833950099946365,-0.004842829721274406,0.0033692070098796946,0.004129224497868861,0.00798162753437026,0.005550575672647375,7.454892437743714e-05,0.0003307826070862684,-0.0009223122338874518,-0.004802563955859851,-0.0028703232675288304,-0.00032809806583629017,0.01068315293285454,-0.018557167543073527,0.0018851521350033676,-0.0007264984285624428,0.018277266553150893,-0.014858067437967387
lingual-lh,-0.002244903106177439,-0.015335677033192958,-0.00034125347096294894,-0.000695366673702805,0.0053790893614329965,0.0,-0.0027598810810102797,-0.004061040784903961,-0.0033642907071119842,-0.0018007476367784844,0.013779373326488566,0.015201252713944706,-0.002558567082181187,-0.002063538084673515,0.016879935243222868,-0.0025903051369129382,-0.005696233324732482,0.0,-0.0017771262292265283,-0.0017861518608454537,-0.003137923106713237,-0.0032505795647300643,-0.003684787801653579,-0.0027580317434414536,-2.156200006856164e-05,-0.00037969801199311736,-0.002721343504254723,-0.0036553743774640876,0.009877327278315383,0.008738880361851121,0.002913635631398631,-0.0024035652345009745,-0.0028595973658530993,-0.0007277375676817047,-0.006102800454586355,-0.0020003805255639356,-0.0007631773876935687,0.0,0.007772755549731072,0.00641727470431087,-0.019134300883705206,0.00538593718772522,-0.003560323513956988,-0.002654691066913199,0.014585308016390961,-0.005678817819688133,-0.0021253617737697792,-0.0042686012614049605,-0.00778575020150274,0.01584466532167476,-0.0034277138894042453,-0.003611608437424376,0.003665252257931282,0.004122903251343661,0.007663989395774371,0.005733354776138798,-0.0005554713621806556,0.0006506808551627185,-0.0008001855717166479,-0.0035767750210282034,-0.002063606981375316,-0.0017594056581044252,0.012615431218480157,-0.021908629885623695,0.0030176429868514574,-0.0013513983351783989,0.02020131958713251,-0.014641726503713776
lingual-rh,-0.001573876070488041,-0.015342932461202165,-0.0005398033939612775,-0.00103722611017446,0.005068591713623935,0.0,-0.002910512932026301,-0.0034995268664234566,-0.003409381283964338,-0.001690739033014165,0.01355951445627777,0.014945160429395076,-0.002636336917099195,-0.0023380227722939804,0.01651859146074357,-0.00284983922371142,-0.005771035507530688,0.0,-0.001892818331342225,-0.0019509199969026682,-0.002591561158206952,-0.0027042320086989,-0.003914849932517701,-0.0029631267739269663,-8.188116966164813e-05,-0.00046942071818185894,-0.002947426739261387,-0.0030059035502567302,0.009741798983281124,0.008571409661686381,0.0026566034700862447,-0.0027695081795552343,-0.0032823034145155316,-0.0011859494305257764,-0.005650670261807721,-0.0014258273205038545,-0.0001007358202387891,0.0,0.007622463951342456,0.006236364702611163,-0.019250553282155212,0.00525788446345842,-0.0029139490080733422,-0.0028731769935863463,0.014869852396324325,-0.005084697894019886,-0.0027319666565763334,-0.004038670577643615,-0.007728515519035212,0.015643240209116026,-0.0028869482497866877,-0.0030183654236323174,0.003502697771427749,0.0038861433376876607,0.007557699607005586,0.005553524381647011,-0.0007839261951867635,0.00031592519848558164,-0.0010809429031743768,-0.0030183654236323174,-0.0013580248998011797,-0.002032531146610459,0.01334038800900217,-0.02264243197758361,0.0027493866961934193,-0.001565472752163401,0.0206557905983684,-0.014708125217109461
medialorbitofrontal-lh,-0.0008636138328935192,-0.012029579069608904,0.002917245976205735,0.0030543627029002277,0.0074260082694775,-0.008160711848252192,0.0018358798770777482,-0.001321698184178333,0.0007663942575141517,0.0009109714892446031,-0.01011395836235863,-0.003263223111695714,0.0014552070251423017,0.001385003554670024,0.01868631186301629,0.002160762036008346,-0.005739944595100077,0.0,0.0032031102254165464,0.0027532279839519807,-0.0007309700050404718,-0.0008394029288383056,0.001697072233187432,0.0022484351260183516,0.0026805451398896397,0.0025048047316724854,-0.00013016347552507419,-0.000862225523753274,-0.03420440856867847,-0.012178346836049127,0.007866047615822713,0.0029915164597867335,0.001764288097465197,0.0038156913858703886,-0.003037366247495152,8.596613065140745e-05,0.0005051710439679504,0.0,0.005129042884775169,0.007622697115130679,-0.018905098180688265,0.0043382734803853705,-0.0009212148108666299,0.00012203583934316388,0.014426446082021652,-0.0029419748129252063,0.0009188119939932677,0.0009159383922060993,-0.013911245855948638,0.02125762998973616,-0.0008410714617683308,-0.0009660939285681066,-0.0023004908092639598,0.002816759405782549,-0.0016342455775304537,-0.011868126925360033,0.0032732913116230358,0.000708367532558828,0.0005686502508234558,-0.0008439674478212973,-8.954626875103941e-05,0.003063771964655982,0.01137311033496411,-0.015303690969884246,0.0048468477761854836,0.0026157170290603726,0.022271813335582383,-0.014980848304942045
medialorbitofrontal-rh,-0.001042336854056806,-0.01236743564645543,0.0024712695364909544,0.0025184763383984776,0.006817240708380657,-0.004582457988636788,0.0015021544396177488,-0.001690896750697519,0.00035909759431614036,0.0005035524390983991,-0.00043733978914242596,-0.010624320928229373,0.0012022404453734489,0.0011772198248898354,0.018483345777393908,0.0019934131377882395,-0.006026439311515988,0.0,0.0030698189076403784,0.0021395631749902624,-0.0009408454069902422,-0.0010491865405769327,0.0013185124415639796,0.0017984697614822187,0.0025551152798979197,0.002177055135842018,-0.0004185387056923687,-0.0012326310973752393,-0.01062657417410548,-0.025625719566940014,0.007601357250113569,0.002652178551180586,0.001426656133895198,0.0030657365667174554,-0.003480379647819893,-1.4266286467285621e-05,-7.763188715493934e-05,0.0,0.0067829733514058,0.007414750465207153,-0.019473386278022357,0.0033948849239995014,-0.001210444915951339,-0.00020606912723485462,0.014478208954429955,-0.003064171964815399,0.0002996838927719536,0.00017696793885705995,-0.013600583900802527,0.020834166917817285,-0.0014600007264648255,-0.0013770859421575027,-0.0023441764468728568,0.002163652836374224,0.005748934652262786,-0.01519627025303768,0.002495884428178804,0.00038293215601419635,7.429568338978585e-05,-0.0013770859421575027,-0.00022476529150221975,0.002723264903553219,0.010260281822407964,-0.01564321684948594,0.004377609554042527,0.0020783093418029618,0.021940858280855246,-0.015045875328080187
middletemporal-lh,-0.0030107203747822254,-0.01832241364381885,0.000594514363143242,0.0008126512826430484,0.005555156300085172,0.0,-0.0013345919747042923,-0.005271292228074098,-0.0033825975915056745,-0.0022420866923106293,0.014455373847241366,0.01629711726804023,-0.0025951446966069494,-0.0029864090649546243,0.020998368966882935,-0.0014167219694712291,-0.004244108376372004,-0.00047746219234185035,0.0005420688984994655,0.0002893184759607728,-0.004636559564380277,-0.004834214950609405,2.179904731178653e-05,-0.0013893733534250936,7.857963605846429e-05,0.0012498808318620136,-0.003739429301423053,-0.004553288702475724,0.01061246643878308,0.009896515591332748,-0.002993720201234642,-0.0010675539115891607,0.0005001709615434714,0.0020213478272593766,-0.007228532159571667,-0.006171706883550965,-0.002136710548843162,0.0,0.0069863592990492595,0.0038861332793577417,-0.017894952396797652,0.005747352774382689,-0.004672500140450649,-0.0035529819805192294,0.014090510090121114,-0.011966907211586622,-0.000867175555433478,-0.0027813733812859357,-0.010881015705286316,0.013988311861379225,-0.003978962622850748,-0.0045222038274279515,0.004396497912334756,0.005024621922064538,0.0071241901026495484,0.007608937310109224,0.0007381384585315365,0.0012399647824291584,-0.0011079542667683678,-0.004566087285932392,-0.003501732287436288,-0.0013553482955851186,0.00970685139357724,-0.018032827908788934,0.005166181028268343,0.0005086804092267448,0.019706212718280595,-0.01612761183021361
middletemporal-rh,-0.004451412066965719,-0.01973174011889339,-0.0002967310166158824,-0.0003319633479653346,0.005196463769537852,0.0,-0.0019854213975974517,-0.006112491308611798,-0.0034268295056915613,-0.001632047369132277,0.014016300917452528,0.0157054475902046,-0.0025189063205495995,-0.002631779186049478,0.02520755758756051,-0.0015536474481250343,-0.007689368652781117,0.0,0.000261897302300619,-0.00045463003585192346,-0.005327084135444989,-0.005435511317798164,0.0007716382162147868,-0.0017062211355969405,0.0005564461247236063,0.001170919136935062,-0.004602986268050119,-0.005509897950051853,0.010721444936708872,0.00962241820894065,0.003598779016096255,0.0030242881394572842,0.0004808316066914676,-0.0009839973235792865,-0.004543335005900463,-0.004154805911131508,-0.0031739523066885984,0.0,0.005074072550504242,0.0060504329484342805,-0.021392747098375242,0.0072002309971708825,-0.005655802661232653,-0.004197689939835343,0.013681120167216815,-0.006992284128813549,-0.003573120288099787,-0.0019351676443308138,-0.009772586297978036,0.018907571136684127,-0.005386107805878846,-0.005603144344274469,0.004603228741583145,0.004207035458085246,0.005885060774141171,0.007235550939580864,-0.0007733413457347351,0.0003722579657603692,-0.001527708039320735,-0.005500619428904046,-0.004977336581848727,6.204057791787894e-05,0.013240173936171367,-0.012598894975084192,0.0031970819481180537,0.00013713717647431353,0.017279828385440007,-0.019325946547323208
paracentral-lh,-0.003929695144650217,-0.01591020831796072,-0.00031000166640126627,-0.00045442282419940665,0.00598536857688028,0.0,-0.002172048529427994,-0.006497811974396799,-0.0033263731167892776,-0.0015495321084942055,0.01370586928166022,0.015359710586401587,-0.002772793941022589,-0.0033609669054448688,0.020748389384068526,-0.002733645656961152,-0.005399164291741019,0.0,-0.00020370730191258057,-0.0013101272878131374,-0.005581047823623378,-0.005788049029905148,-0.00034856917696604784,-0.0025222598207791155,0.0003596504063832233,0.0002185183302182939,-0.00471357258711836,-0.005595374746520155,0.01008171651326694,0.009087914452042246,0.005854540379382587,0.00033303984918865026,0.00013426014951575728,0.0006306064105772908,-0.0068134636983486555,-0.004210061458744997,-0.002644129979633926,0.0,0.007577208812918393,0.008255527057439453,-0.018875269114542875,0.0067334632449645,-0.005610400657957594,-0.0046910917900365836,0.014232614714703218,-0.006340837385938772,-0.0024710926406801685,-0.0047476088119609945,-0.007659005436792145,0.018326330477275575,-0.004906205162764478,-0.0057087290835824405,0.004017431835274441,0.004190107226620684,0.007378549603590193,0.0073523046362931966,-0.0004888574428714788,-0.0005083569288317818,-0.001532147872254568,-0.005790534603154276,-0.003728872489389399,-0.0004060342882011724,0.011715454446512908,-0.018016988909110965,0.0040084002207009094,-0.0003968507433307832,0.018463927677306535,-0.014724993522930052
paracentral-rh,-0.003502187770649126,-0.017185823399421495,-0.001061513441570542,-0.0006293016282626615,0.0055270585995877445,0.0,-0.002010229121683695,-0.004507526763593564,-0.0034308232924914663,-0.0022601063924615064,0.014531855005476426,0.01544075494681388,-0.0024793277314062666,-0.0016706871461001072,0.019214773669597014,-0.001160407099669509,-0.007917058054739388,0.0,-0.0004525986323904895,-0.0008421061436471042,-0.0037346966192287083,-0.003698257090331247,-0.001299551027021477,-0.0016044216108725608,0.0003507456453079655,0.0008701669567985068,-0.003328881578224115,-0.004351037580452335,0.010779129123902536,0.009385878621045356,0.0053871439875447635,-0.0016061301987010128,-0.0005341357209781068,-0.002119002496448924,-0.007921999227169624,-0.0023962294873782993,-0.0037672236798321048,0.0,0.006228876470266783,0.007334779511560155,-0.022900929264502632,0.007319168956808892,-0.004188280727116575,-0.00322385829749554,0.01298004481066579,-0.005700855614504278,-0.002469515851917318,-0.0028961442465287794,-0.008430617895193079,0.018307014430613684,-0.004684248603381302,-0.004205581062644453,0.004542599034232821,0.0040736651221146775,0.006866582861547371,0.0071632358176000315,-0.001200269990076826,-9.84822263564394e-05,-0.0014717953506664047,-0.00424852310632394,-0.0039244016556474045,0.0004528158409366853,0.012016503176710384,-0.018402508890566875,0.0034367767646516535,-0.00037756018307948585,0.01860689063097453,-0.016921624084030893
parahippocampal-lh,-0.0015451814627166867,-0.01424698325141184,-0.0009425305521248822,-0.0012584160506048105,0.004936177323475046,0.0,-0.002323669097583945,-0.0037131344090824995,-0.0034061134796510477,-0.0015422588185207012,0.013454269978430054,0.014812305793593241,-0.003180115720161656,-0.002866159592025291,0.020759787320494237,-0.0025809055502901846,-0.005660570954282126,0.0,-0.0018552283815727016,-0.0018482728879026821,-0.0030710700233754747,-0.003223654433369602,-0.0027222292414764877,-0.0027661768277220276,-0.0002181731201557868,-0.0005023246645517071,-0.0030517064937919326,-0.002962984448296475,0.009626713059144622,0.008580727545410352,0.002396988940912362,0.0009509743464711231,-0.002085542534235796,-0.0024653123813237234,-0.00406468313646038,-0.0027764774248226613,-0.0007311978373958936,0.0,0.006730911122566215,0.004390759725569852,-0.019227662684904858,0.004307579000184108,-0.0030273980614647336,-0.0029103828026056204,0.015210749147507252,-0.006004400415842286,-0.002035392315095299,-0.004783449955333886,-0.009517950299994686,0.015391831804656983,-0.0026633045713680193,-0.0031433108229846703,0.0034061271137882303,0.0037321708337367974,0.007023940322622258,0.0055472142264607555,-0.001381449517083954,7.293131577619581e-05,-0.0004320652634060706,-0.0031875340335649994,-0.0019023046833875079,-0.0019529932940174643,0.014718284411511183,-0.023393066992385848,0.0024772392900927038,-0.0018185203322822522,0.020925566057995348,-0.014460989859767617
parahippocampal-rh,-0.0013517159221868064,-0.015589250087766042,-0.00021202965465288786,-0.0009159072548152247,0.00490075938901764,0.0,-0.002075894470619556,-0.0030297722768801902,-0.003449908575322307,-0.0016269795424561696,0.013679145086862672,0.015355921989480735,-0.003172872016760531,-0.0030521100537122085,0.016605543579687607,-0.0026051593441796745,-0.004400227270313487,0.0,-0.0020684232718449474,-0.0016364119407798984,-0.0026426321770868905,-0.0027536411425485904,-0.0031202430699097546,-0.002481842135251426,-0.00024119616992002198,-0.0005325955302223635,-0.002386768787201237,-0.002458769705178534,0.009420641963270335,0.008811998831236727,0.0008871275863794549,-0.002549932293738528,-0.0031780196552069753,9.414444540315107e-05,-0.006678466560989392,-0.003670532779810732,0.000947582509716398,0.0,0.008137752637866216,0.003840475671869439,-0.017804669020253454,0.0029657102138384004,-0.002223301121841713,-0.0025959303721505176,0.014095140153234938,-0.007090264978861138,-0.0009071535152543596,-0.003746640531654715,-0.00939463330520641,0.014865395896517877,-0.0013418018045216217,-0.00253400519147048,0.003372436882384708,0.004313485223740891,0.007499559311809573,0.005601386664884144,-0.00025480261876422263,0.0010040862702767287,0.0003058202292318981,-0.0025386196774850487,-0.0010823990757681395,-0.0028223983653368487,0.011067156220932817,-0.02370439261481959,0.0026348066824314923,-0.0014367957448155743,0.0212960806936024,-0.014343048506118002
parsopercularis-lh,-0.0013999760991456414,-0.016170283580639756,-0.0011232849549361553,-0.0003977600415468248,0.004120250326420607,0.0,-0.0026359698165172043,-0.002074108506841864,-0.0028052294717952836,-0.0029543390002987626,0.013032005851436932,0.014428591062648601,-0.0017238801018955032,-0.0014139416772206727,0.016772388603545536,-0.0019689517326075736,-0.00660678545636282,0.0,-0.0012664175436181567,-0.0014412962460118785,-0.0015677165245735348,-0.0015744139102877662,-0.0031740563085975457,-0.002183919172127003,-0.002470753604753409,0.0007884591892802151,-0.0020378272592415573,-0.002145475460288783,0.00922612809096198,0.007918151222478801,0.0031936096467015847,-0.002160435868758498,-0.002603413730031173,-0.002361724142307205,-0.00534161786202601,-0.00016485177252264127,-0.0028350737558197957,0.0,0.0038481269403473437,0.007218546680954864,-0.02442169582374318,0.006837070862984904,-0.0019308079438432352,-0.002002373462492134,0.014025326476557114,-0.004106996947397276,-0.002760417446188258,-0.0014636261549055823,-0.008786737012636586,0.017167649432277818,-0.0027429933612435824,-0.0020391417705697824,0.0033305460085443113,0.002221512785495649,0.0051500949391517625,0.005294456259630441,-0.001437588775386472,0.001023287873412021,-0.0030288683942618026,-0.0020391417705697824,-0.0019668892872696454,-0.001001043841549171,0.014389267551860695,-0.021538581214874224,0.0026254393245165376,-0.0010555169157722855,0.02078851254138339,-0.01647349794711519
parsopercularis-rh,0.0,0.0,0.0,0.0,0.0,0.050999777071530215,0.0,0.0,-0.09713829537526872,-0.1256505235328623,0.0,0.0,0.0,0.0,0.0,0.0,0.08209883342277187,-0.07058600834198693,0.0,0.0,0.0,0.0,0.0,0.0,0.0,0.0,0.0,0.0,0.0,0.0,0.0,0.0,0.0,0.0,0.0,0.0,0.0,-0.2377261669067333,-0.020019958605384042,0.0,0.13499422711209053,0.0,0.0,0.0,-0.10802911940218572,0.0,0.0,0.0,0.16253673167329416,-0.023972495103216664,0.0,0.0,0.0,0.0,0.0,0.0,0.0,0.04819033168298579,0.0,0.0,0.0,0.0,0.0,0.0,0.0,0.0,0.0,0.20430266630496507
parsorbitalis-lh,-0.0025445553209467475,-0.016636241545467785,0.0003028122388112024,0.0011275631759947512,0.0048195979946355225,0.0,-0.0008651733325858572,-0.0026684538857935625,-0.0021565394496412997,-0.0026611702556984026,0.01087070541455446,0.013334910871433379,-0.0009151498598167726,-0.0005048274404188389,0.018696234349322216,0.00013331137044347169,-0.006907713442900377,0.0,0.0001791689760387803,0.0006949495000911483,-0.0023732734043375543,-0.0023364971722690505,-0.0009735337241478668,1.3349414883612561e-05,-0.0013347693723025932,0.00268114834472166,-0.0019599757130345143,-0.0027144952120691035,0.0068563148520288586,0.0074411418780926985,0.004236628630953059,-0.002177432821724962,-0.0003449997094808707,-0.0006050913149415856,-0.0058653505458300175,-0.0012130820096940187,-0.00460998581277064,-0.001658072648473331,-0.005070624338181523,0.008897697079856668,-0.02725297710759266,0.008116928914438118,-0.0026550360392419378,-0.0016005687471849774,0.011024553773632664,-0.004660449839084776,-0.0016226410486980915,-0.001054632227828167,-0.010508399864051226,0.018561196928699522,-0.0033813913667212403,-0.002679181328986581,0.0030355387490250863,0.001432035806485267,0.00032800113846138284,0.00560760822962498,0.0002257326169415551,0.0010166613333381738,-0.0028593686544306587,-0.002589470764793083,-0.0034509979340451354,0.0011115297476384128,0.014043390624879826,-0.017974066972890442,0.003235869949414182,0.0009298109194947051,0.019970212703972506,-0.017538415299831474
parsorbitalis-rh,-0.0031663078569126157,-0.017223566780381415,0.0013635598169491755,-0.00023510177027887848,0.00390116976214004,0.0,0.00010157490255023224,-0.004447640708613079,-0.002585941565709159,-0.0007184457790689535,0.013716959944095556,0.015903288968407113,-0.0018051984341587214,-0.002204830143606111,0.020498355294434566,-0.0005597084712817308,-0.004166597754509632,-0.0005589338451171458,0.0006072908203263721,-5.744916745131628e-05,-0.00401262496621366,-0.004195261700611727,1.785064654624225e-05,-0.0003839286108075728,0.002410865392130231,-0.0013365806459260865,-0.002806960609840738,-0.0035697631561912406,0.009360714507777246,0.008594656282002388,0.0017844397459718477,-0.0012640055392658456,0.00016187896049359784,0.0012319253797174951,-0.00852309696636744,-0.006070146404447967,-0.00012115392509498768,0.0,0.009406761918737922,-0.0040717481379542765,-0.016027992200054315,0.0018264963629526022,-0.003508781790790952,-0.002724401129668756,0.012038204249105322,-0.009647055022504833,-0.0003796283576941911,-0.0029221173222680483,-0.015369284909118267,0.016059123088674625,-0.002671392895381186,-0.0038321996278974954,0.003449255746044816,0.005156374744954916,0.008348689990122803,0.005279862805848386,0.0012669153789510986,0.0011698082987320287,0.0008643422653969392,-0.003730575292421651,-0.00273592756949902,-0.0006690275310856868,0.008622196729541978,-0.02036181144959341,0.0014205678038940763,0.0006830455464492008,0.019069160348119455,-0.01565014766328008
parstriangularis-lh,-0.023774918519914635,-0.021115536379361956,-0.025771126628922805,-0.0248553271540971,-0.020829380338069848,0.15464822190557823,-0.026117440074787612,-0.02686938722204452,0.16548666441748144,0.14069450143773676,-0.012808112136690501,-0.011117985812544784,-0.025019398163551466,-0.025158677905126773,-0.0008665650407798368,-0.025870383156944406,0.09501840836122549,0.055460051993724606,-0.025223119087884004,-0.02559272940338077,-0.025616767151372857,-0.025809408167389115,-0.026006422309739267,-0.02617298731062302,-0.0270308989714289,-0.023022975888103685,-0.025992930835607032,-0.026184819535281293,-0.016578926876480313,-0.01767448051527801,-0.01893437195708341,-0.023244093047086526,-0.02516388005442515,-0.02838331492356954,-0.023796544702090763,-0.023479542141147967,-0.02863737521544816,0.14497490494265097,-0.025239252247699646,-0.015079599107132212,0.18695101796312918,-0.01558715058629214,-0.026197706387325555,-0.026026922876897868,0.05451918462496456,-0.02150880542518434,-0.026658586217054078,-0.027073262763167006,0.1658887850118857,-0.006592551190420194,-0.026659866448861556,-0.026171328061149062,-0.021266672425104303,-0.023105582778826052,-0.022194304124588282,-0.01854693827760211,-0.026301418467294488,-0.024552038368416105,-0.026885065861116195,-0.026219563892914126,-0.02564472802040081,-0.02456710876615581,-0.0049775074373816265,-0.0241144472736296,-0.021893661531427612,-0.025082938132167693,-0.0016634616317440373,0.12888855426783155
parstriangularis-rh,-0.0031362343381947603,-0.014913046110021196,0.001508480274169142,-0.000319904724819089,0.0037812840701340893,0.0,-0.00013600421984013333,-0.004788846145214119,-0.0021390151746368664,-3.766934229035292e-05,0.011320638964069292,0.013808211797157152,-0.0018262981847574807,-0.0024350389833901528,0.019199635787192092,-0.0008041001592562281,-0.005003350955153291,0.0,0.0009118722014897606,-0.0001715954404003559,-0.004235202172319406,-0.004495214482565953,-0.00013249068337195868,-0.0006139338028139401,0.002661546244475197,-0.0021293075359176523,-0.0030057292897450374,-0.0037932533780348516,0.00695702191846988,0.005552747622212818,0.0049266723990066385,0.0007630246231980805,-0.0004982825055478556,0.0020716011875576467,-0.006934058751014372,-0.004990689113815576,0.0004273155151940591,0.0,0.00962999357536431,0.0022323221130828214,-0.015213684699174496,-0.008763474459365098,-0.0038006181589934265,-0.0029637284623058612,0.013749183926071848,-0.007337569297567005,-0.0009330280277636946,-0.0030690006590572533,-0.01267892032866234,0.01806447756413335,-0.0027403518877401477,-0.004088165049901452,0.0026910763868906603,0.004563442085320943,0.008600794736341623,0.00373726804321839,0.001298822601984336,0.0005558642974371953,0.0009588128842989656,-0.004046815042007629,-0.0022893081296055753,0.00022081707880043072,0.006320006869134026,-0.01886472709829299,0.0011191649733479202,0.0007446634666940106,0.019134946294694186,-0.014183052707583296
pericalcarine-lh,-0.0016780617632276926,-0.015325267245249637,-0.0005680977576011562,-0.0009242576813320303,0.004986927355116463,0.0,-0.003123100533884913,-0.003232147579459854,-0.0033845624763396104,-0.001857290475420391,0.013537102978398672,0.014978732148804496,-0.0028130221158893303,-0.0023088951731643427,0.016460132412613297,-0.002824771005181184,-0.005743435805175364,0.0,-0.002040043315034128,-0.0019643137286206353,-0.002444531937256773,-0.002557409904840083,-0.003946134353443854,-0.0030255817124821877,-0.00024361321783618288,-0.0004798762326276956,-0.0028836815262169874,-0.0029854178257327103,0.00956319117896387,0.008517085751839097,0.002480249210130902,-0.002840840957453612,-0.003218555094180545,-0.001111051974377723,-0.005644904653142168,-0.0013195025536830202,-7.210977100403492e-05,0.0,0.00766106470661052,0.0061989161217896925,-0.019295730677972137,0.005173811688681188,-0.002814692010229468,-0.0028461708047515487,0.014997862686772999,-0.00511610879789216,-0.002508325687165033,-0.0037341258759281473,-0.007637835711713049,0.015586482005736372,-0.0028524429533706842,-0.0029188848855853816,0.0033961148400703457,0.003937000728546284,0.007518671607078658,0.005402665410913726,-0.0007046567075127617,0.0004445886885852661,-0.0010832654461354191,-0.002878720998835904,-0.0014256354678627455,-0.001974616680234639,0.013159958442871605,-0.022695493356890084,0.002792695431659448,-0.0017137144036308038,0.020667627990693858,-0.014699982550308974
pericalcarine-rh,-0.0023181226073745913,-0.015457421846638392,-0.00018142793195050156,-0.000728357566220333,0.005365769887012986,0.0,-0.0025411069961960298,-0.004364763014042727,-0.003394630331266718,-0.0016244164024833035,0.013864090918485894,0.015287637885334594,-0.0022987827093269657,-0.002155476833755856,0.01696889105236092,-0.0026297050849239797,-0.005767818370698746,0.0,-0.0015736903065502281,-0.001696334396224464,-0.003451395952054928,-0.003564044461318881,-0.00361901153552931,-0.0027922304351718935,0.00028182961202028264,-0.00029303239533315427,-0.002895366049553609,-0.0038668516744340344,0.010007198396367517,0.00887614461149322,0.0030336698817220935,-0.0023347486891482287,-0.0029752556962971606,-0.0007767000969201972,-0.006256788321335897,-0.002268419756919189,-0.000709131652451839,0.0,0.008022985668987358,0.006440858459866685,-0.019094422664061153,0.005406173732688199,-0.003725236765069816,-0.0027410205476909345,0.01468385804546739,-0.005656573780192838,-0.0023766796602231028,-0.0043353068828436165,-0.007712003729554818,0.01594555414828842,-0.0035157708497132413,-0.0038793885820201327,0.003773056735909898,0.004234990032253399,0.007861639149303507,0.005828267070948183,-0.0004323971549934404,0.0006163354526328225,-0.0006710999164652603,-0.0038793885820201327,-0.0020347076394698848,-0.001800562324336617,0.01253982371318357,-0.02159580128723056,0.0030533319777335515,-0.0013460350133783984,0.019899191753517332,-0.014659871692192647
postcentral-lh,0.01709001270106943,0.0011507147467772465,0.0180743507701075,0.020095588713486504,0.02340635410527298,-0.008870581819712415,0.012949034499803067,0.016078602781731868,0.0236717310577879,0.024259052764120742,0.02009703040234226,0.020159738007043907,0.013620039238405917,0.016121071035498306,0.013156513348251856,0.016247927933757355,-0.06649424766918663,-0.06323471034866424,0.014669247445429271,0.020005968213889926,0.016183778640199955,0.016047319082601222,0.013170041657298962,0.01643749243671805,0.0013775198724962016,0.01987911131563088,0.015079098261457986,0.016310635538459003,0.01997017350408321,0.019969452659655332,0.017178110603364202,0.0174901001728078,0.018021218836041283,0.011471491002499529,0.015876007372114753,0.017135677520375363,0.002305416224192447,-0.15019229305313397,-0.024130267565720013,0.021531855215137913,-0.008723677910812128,0.019375287944734074,0.015421711713144774,0.01637406398758853,-0.5055311405462355,0.018862022657114976,0.01843280577978954,0.017989554469015,0.027605904305541433,0.03505675526798815,0.011636037693689396,0.016174175980860274,0.019969452659655332,0.020223166456173433,0.011008783942304184,0.01959032365373394,0.018990908334744535,-0.08252868012620741,0.001877712032549364,0.016301032879119322,0.009513414058090522,0.016157133195464562,0.01924315345370262,-0.000279142144315074,0.020947792291493125,0.01969987031643774,0.042652087086413874,-0.08940588665527145
postcentral-rh,-0.0015202448637819303,-0.011409381156723627,-0.0010237879159074204,-0.0014290707049881826,0.0043723443503653515,0.0001751790723232079,-0.002720369992167783,-0.0033932717476199727,-0.00334079188176856,-0.0020358938439740014,0.012963752901476272,0.014687663684716103,-0.003917261884496696,-0.0033139309954808623,0.01947258877331127,-0.002862015940998906,-0.002191029489382152,0.007433684321855986,-0.002924085661556087,-0.001970923776072676,-0.003072741397796357,-0.0031641396845847386,-0.002954875210605731,-0.002861549379995383,-0.00134711138751062,-0.0008996642860116171,-0.002988027490254514,-0.002856473000535412,0.0086941073488409,0.008091303608003912,-0.0018292396280445975,-0.0028178896126279922,-0.00221486867645406,-0.0008733396763480729,-0.006543311717452641,-0.004225039795805338,-0.00026401438445123964,0.0,0.0070739147376098705,0.0024711066343594988,-0.017538996183882934,0.0028556053447520552,-0.002792537035964204,-0.0028950212036795552,0.01736295815647788,0.004516703756062719,-0.0009441793525637617,-0.004485573537217142,-0.00944481665646672,0.011341008966764116,-0.002264925258204483,-0.002802037305082954,0.0025865584666440442,0.0035990905615663708,0.006624602104729421,0.004847137123737214,-0.0009118258670516872,0.0002816833508199818,-0.0004934101757268912,-0.0028147311857965006,-0.002325201050177409,-0.0033812107107357254,0.012655315652016271,-0.024201544487897863,0.0022661434504234177,-0.001941347981235876,0.02190458697363675,-0.014075336165411774
posteriorcingulate-lh,-0.0023622935589929684,-0.01652433834963139,-0.0008305120608732686,-0.0012033600823431376,0.004174810432540452,0.0,-0.0020252279839523394,-0.004686296145424627,-0.0034100316386616158,-0.001581917560196684,0.01368441845874553,0.01490110936442776,-0.0014282787055581035,-0.0016141594682302855,0.018333860983996912,-0.002317194780109681,-0.006161897733531222,0.0,-0.0015250806176458562,-0.002234752494903079,-0.003568444872989308,-0.00367005007484609,-0.0023070496117216853,-0.0024740307449991673,0.0003304108712762012,-3.547018659928872e-05,-0.0030054465337319585,-0.004329358503920996,0.010082394129574568,0.008801568980104821,0.004675146035065475,-0.0024237174855217154,-0.0018778922711694967,-0.000715420683431393,-0.006546336538385691,-0.0018828821835696675,-0.002311918096471752,0.0,0.00707752726943118,0.007855792170193011,-0.020164122869481764,0.00669804753677964,-0.003970334606362103,-0.003240727834393975,0.014495480199886512,-0.0047547852144531775,-0.0020585842492338883,-0.005235345786454643,-0.00720737486798464,0.01722033911802722,-0.003744550081960428,-0.00420356650070616,0.004023941012112413,0.0036134671702456878,0.00723393891297811,0.006593262751779381,-0.0011800859487515424,-0.0005310371850124393,-0.0006125524611767921,-0.004206320384157231,-0.002304953828790564,-0.0002809166100641091,0.012630957913324248,-0.020704494115859045,0.0021108905763989735,-0.000890757390188091,0.01931463689524751,-0.015508131879692673
posteriorcingulate-rh,-0.0034581022864238627,-0.015592127808176707,0.0003338306970795109,0.00010894659524913553,0.005408540818110218,0.0,-0.0025675568002732317,-0.004950050632884878,-0.003473347514958026,-0.001630765604522873,0.014798843285741273,0.015645507410813195,-0.00322251837848781,-0.0031774156010432944,0.017028734408554434,-0.0026002619065939626,-0.006312740089397157,0.0,-0.0005655236325643051,-0.0011731341993558128,-0.004280325670160177,-0.004373328820616523,-0.0031464606416705646,-0.0025767109226400593,0.0010425901584226345,0.00028908374648889087,-0.004297240968830622,-0.004604055931154904,0.010747610926563561,0.009520759186050234,0.003969996451112955,3.348552057515791e-05,-0.002567450016934628,-0.00020160762146006212,-0.007693718157265015,-0.0031179179629203025,4.699310356922351e-05,0.0,0.008458138204960743,0.006733173456705054,-0.020037956791946875,0.00586865904641631,-0.004297240968830622,-0.0042926811423803874,0.015068386826797519,-0.006401891679800896,-0.003937502816357782,-0.001397799372639542,-0.007841621203487458,0.017323839602176754,-0.004673916206441145,-0.004733347505604196,0.004540341654845248,0.004679551287299062,0.008438734584175564,0.006396637514097455,-0.00027098487411747376,0.0006367197337565815,-0.0021181927313925824,-0.004733347505604196,-0.0028660324837673683,-0.001229762174422932,0.011520900235685997,-0.02065987889960648,0.0038036744017949787,-0.0011604995686516476,0.018642463959477728,-0.014851125723133055
precentral-lh,-0.023057693028488303,-0.019516330480039194,-0.021923221023265133,-0.022096400080808556,-0.019077013487674092,0.16077486308461444,-0.02234492175324835,-0.022387470626065314,0.1434286897694403,0.14779580923143354,-0.01588865111673103,-0.013082635648512256,-0.023135474426069058,-0.022866897708562987,-0.0387647187070198,-0.02240508688844721,0.10918773942461672,0.07765536793691756,-0.022116455125874842,-0.022058728773360372,-0.022809171356048506,-0.022829226401114806,-0.02269127986833518,-0.022289634183418255,-0.022194236523455615,-0.02252053959347615,-0.02252053959347615,-0.02246281324096168,-0.02063238897138695,-0.020913645922768377,-0.019516330480039194,-0.019691948320267,-0.021885549715816948,-0.021672260568140964,-0.02240508688844721,-0.02371273795121379,-0.021175217223261388,0.14944825824890776,-0.018105930460220958,-0.02396369840633797,0.13615305160793154,-0.022650741920886966,-0.02240508688844721,-0.02246281324096168,0.06993192351222685,-0.017601945704857683,-0.02128823114560594,-0.022538155855858052,0.13038150314457492,-0.0034708432637002335,-0.02246281324096168,-0.022615937253438807,-0.022442758195895394,-0.021807768318236193,-0.019521249034027823,-0.022615937253438807,-0.02169231561320725,-0.02262873018567321,-0.022347360535932736,-0.022500484548409864,-0.022962295368525645,-0.022904569016011175,-0.044814038235935785,-0.023492132455484618,-0.02092181798545282,-0.022445196978579784,0.0005122750597983656,0.13003767576142095
precentral-rh,-0.001733331053239882,-0.015068359105838435,0.004027848780975865,0.004128786213768532,0.008388208971453356,-0.0007850319209975616,0.0006522931588387441,-0.00291731872773485,-0.003403095852036604,-0.004896987249049521,0.01770429756124442,0.019407546416575636,-0.0012305314632204175,-0.0018547679170208716,0.022087970324504325,0.000569371093880282,0.0,-0.012756768716210374,0.002953314551734714,0.0031167408406837225,-0.0031040769872947046,-0.003263674284623011,0.0023349831263592023,0.0009527352989174498,0.003067419530955393,0.003859105523933716,-0.0018771483392475933,-0.0022632304851537767,0.013285192050628832,0.012761833572798613,-0.010416549945127347,0.0020917751469550164,-0.00011155053139484255,0.005359458397833888,-0.007015879613378138,-0.0071576829525346495,0.0026593189700183785,-0.006672771328479273,0.011431881527173665,-0.0001029234298677608,-0.013686233519070876,0.004693454275356057,-0.0024686402208647772,-0.0015962615410355264,0.026585672028365093,-0.020866691698884093,0.0013049685872524252,0.0005102763276578382,-0.005671764024242705,-0.0736678496521867,-0.0020640735604374404,-0.0023994696304330135,0.00712777063686807,0.008226942511396391,0.010504812571962967,0.009938365392366843,0.004134584102702427,0.004749324841275207,0.0011884179221108965,-0.002595727610682403,-0.0017160647289614916,-0.00024960356916935215,0.004731875446926793,-0.017600298141481674,0.008318750055274335,0.0030042612910979164,0.006934021584766815,-0.011579220834714033
precuneus-lh,-0.0013955135341175672,-0.015164453256258478,-0.0012395263254466435,-0.0011013826777267542,0.00503831727299299,0.0,-0.0026814561840008575,-0.003217011409481629,-0.003220538179688506,-0.0022071460892977394,0.01323519725407322,0.014430394404012208,-0.002473012167926221,-0.0018277630463949784,0.016656059746606812,-0.0024974425793389712,-0.005946004578310312,0.0,-0.0019265951039574413,-0.0019070665701652208,-0.0019427979571222428,-0.0020913979755912975,-0.0035126776680051127,-0.0028042633434259474,-0.000855683320610513,-0.00019054011844877,-0.002439946634789498,-0.0026443348707260498,0.009481896866568933,0.008254520804926082,0.002955499822711864,-0.0027057006597550177,-0.002770802785607857,-0.0015073508132871219,-0.0056024550619019516,-0.0008048125128806408,-0.0010941055176242474,0.0,0.006650166104158614,0.006757035245018676,-0.020012957662639514,0.005850996075013703,-0.00250192867719386,-0.002510750058768459,0.014413383415471217,-0.004607718178395106,-0.002439961422001374,-0.0045577161366324274,-0.007990922247469097,0.015598756045002682,-0.0030135067050748236,-0.00250972243670583,0.003173034516444423,0.003230302184505517,0.0068355649106925,0.005591824489431502,-0.0014622576969393064,-0.00027684950266926626,-0.001352196158313365,-0.0025963404127705416,-0.001548381578574603,-0.0015540906161182573,0.013814715564927324,-0.022706651489914846,0.0026665641376922636,-0.0016771352624872474,0.021281474063470543,-0.014824835739165576
precuneus-rh,-0.0015782550852322848,-0.01537167928608232,-0.0006050344591680294,-0.001118230881892041,0.004944646179571451,0.0,-0.0027888120684836466,-0.003402700639499272,-0.0034700806455786335,-0.001663459424742631,0.013681092592346697,0.014907170386985325,-0.002680847450964121,-0.002399281754810133,0.01642422552985036,-0.0028331826741694968,-0.005803956020616318,0.0,-0.0019173222323964222,-0.0020678723710070993,-0.0025337941162155357,-0.002646525798680413,-0.003929710909048117,-0.003125889305552244,-5.495932287892251e-05,-0.0006269449151396899,-0.002919353698498792,-0.0030330363546517344,0.009716779775057808,0.008540878587457862,0.0027867770216065675,-0.002883164157187195,-0.0031902282415950957,-0.001003685214770398,-0.00583458230239527,-0.0014155098069177714,-4.419672410498345e-06,0.0,0.007711582078903494,0.0060796465599392046,-0.01912017824614156,0.005063640592054425,-0.0027699999964798014,-0.0028940396623227498,0.014896232180639901,-0.004956037948342017,-0.0025198392141830474,-0.004083318076479125,-0.007748911387709608,0.015713174063167516,-0.0027983987846292705,-0.0030067713447876365,0.003517869364850126,0.0038906305620344857,0.007595007547425861,0.0054913844154833216,-0.0007407026197623196,0.00035752987090276135,-0.0009132523539729933,-0.0030067713447876365,-0.001225256474575575,-0.0019480974016835577,0.013111790777763338,-0.022670380289309556,0.0026285628932988673,-0.0017160187875961382,0.020651884588601784,-0.014690012824594405
rostralanteriorcingulate-lh,-0.0033664934927187177,-0.014381433390210781,0.0005816158295356102,0.0007169343784003574,0.0054970448610813065,0.0,-0.0006136539980603497,-0.003907020876808244,-0.0017228456761903506,-0.001614257503217494,0.009061795692765407,0.010439241151289498,-0.0010782066262912844,-0.0010782066262912844,0.018543388469586978,-0.00033355121856512706,-0.005816111051139804,0.0,0.0008725948054235498,0.00026426091270991643,-0.0031963290621087356,-0.0033049172350815923,-0.0008783928825035839,-0.000366473903982791,0.0007104982088785565,0.00022005992415705304,-0.0026735338871952353,-0.0034470542274123842,0.0037941105235923373,0.0024772409210127282,0.005316724853877493,0.0005689378359293219,-0.0006626494484382564,0.0012952421257287484,-0.005602873196671974,-0.002353636865291247,-0.0015020025605811374,0.0,0.006552608887542898,0.0064217324112099,-0.019167205849612796,0.0050300505741617185,-0.0034656914947043182,-0.0024608452399087935,0.01454936992169009,-0.005406415561092221,-0.0015475410494210223,-0.0017149979030167163,-0.010991086303098816,0.018759995253872983,-0.003463692787598275,-0.0035514487979655014,-0.0035343241391097182,0.0013708625059507251,0.00566257733040668,-0.0009053570072212792,0.0008514685465783781,0.0006587886185317287,-0.0017623140170630609,-0.0034302798177334166,-0.002548525739497538,0.0005919793442277358,0.010630484475001544,-0.017848058149493543,0.0034120304067166572,-3.680987888401364e-05,0.01974599360278985,-0.014863394908468386
rostralanteriorcingulate-rh,-0.0034512940840051155,-0.015344797111243204,-0.0005212845316215886,7.538587264094357e-05,0.004772070592514191,0.0,-0.0009533747304802346,-0.003926169650730623,-0.0021605192231311625,-0.002051835956622547,0.011847179630030354,0.013755136824945051,-0.001166473208965403,-0.001003296432318322,0.018457521718621347,-0.00033887387609491017,-0.006354588100101736,0.0,0.000461839096651525,-0.0003739187725841683,-0.003169697087914519,-0.003278380354423139,-0.0010941732285255328,-0.0005809009381824177,0.0002540612933667458,0.0008336984811258158,-0.0026488641201146833,-0.003466217660140497,0.007586779737629875,0.006125264441631466,0.005117637876830746,-0.00026952711504289127,-0.0010395241878211952,0.0002477229383467611,-0.006036528797893011,-0.0021800727102164537,-0.0029850041819193744,0.0,0.004441575514612,0.007421752932640552,-0.021677640797813712,0.006183244132741433,-0.0034431823184264574,-0.0024367760140856787,0.014528370358344232,-0.005215663377598579,-0.002419019099359884,-0.002213679077109448,-0.01109726067781221,0.018469423613980306,-0.003845086226872975,-0.0036111286821519806,0.0012479412738700946,-0.0005012041470806891,0.00373170661494586,0.003667076478818601,-0.0006288018951081683,0.0002747129116818475,-0.002301913006140844,-0.0036111286821519806,-0.002674584577216701,0.00043211209057359394,0.011354621406959642,-0.018070937007086407,0.0032417732965421614,-0.00020417473494493697,0.019356880089321574,-0.015537992838313279
rostralmiddlefrontal-lh,-0.002565138665385469,-0.015606122263697918,0.0003442440914066964,0.0008413342680233693,0.005024411902260316,0.0,-0.00013683249666870078,-0.002569724567485245,-0.0014435787017841163,-0.0016910017092327592,0.0004728865768638687,0.009205502668705371,-0.0003310971784314497,-2.4617031532791838e-05,0.018725871722709175,0.0007039400692965694,-0.006351451341568302,0.0,0.0006467606662556844,0.0008388710593480956,-0.0019989226832334986,-0.0020716561343437903,-0.00045145701566269553,0.0006595206901958893,0.0004140219767371826,0.0022203642217167694,-0.001475751648602096,-0.0022235745059619753,0.0013227088549200607,0.006994288501705836,0.005022212056813728,-0.0008804321097517213,-0.00014144999401433133,0.0007009767979048309,-0.0051268074566384846,-0.001313202853041423,-0.002675097624465695,0.0,0.0004542186369357811,0.008333041602831765,-0.023352654077483128,0.007545338307658705,-0.002237662403901486,-0.0011900376216083428,0.013430159120600615,-0.004495106580047806,-0.0010884013841097337,-0.0006902418972996888,-0.01108352149799543,0.01884200639713299,-0.0027660920679492117,-0.002332674682627422,0.002655567624897896,0.0010849196352166357,-0.01361863222882018,0.005138177926271291,0.0006380107719459745,0.001084246825556514,-0.0015589092433834122,-0.002245668499866205,-0.0025134460409405464,0.0012365519300017625,0.013094336296695168,-0.017186580149302685,0.0029915779493074396,0.0011579387408118872,0.020405729739023385,-0.016792193272913456
rostralmiddlefrontal-rh,-0.0020476515039184323,-0.013509262669956569,0.0012514290921038461,0.0012386181654338512,0.006577977066988056,-0.003903813731251758,0.0005967838521380869,-0.0030724171294819734,-0.0006836101997874203,-9.220459420245895e-05,0.0029693992265141457,0.002184064863333998,-0.0001402098158424957,-8.225460356278721e-05,0.019677712396709277,0.0008028776167239143,-0.005916895054226278,0.0,0.002099088792657282,0.0016056584424184127,-0.0022709563069511617,-0.002379243013591497,0.0011883907848307682,0.0006821524744992743,0.0016840572843827225,0.0010306157466040185,-0.0016330935485463986,-0.0023586031080646743,-0.005449861225900975,-0.009616716507673453,0.00710756698438675,0.001977496001593397,0.001350506902456839,0.00245767220611618,-0.004705588873067615,-0.0014421791375061831,-0.000752272506339019,0.0,0.00746517529324261,0.006342726383536646,-0.01768687306604523,0.004209883236274674,-0.00241967966187093,-0.0013811134827568096,0.014106777933360935,-0.00455336760152272,-8.405209345898807e-05,-0.001139028263048405,-0.012258800674828556,0.020305741803009338,-0.002312713840283552,-0.002504678759723788,-0.0027551125278408944,0.002311193985604955,0.006489729566318629,-0.015114828020139682,0.0013734751193814527,1.821554422526011e-05,-0.0001106584370507446,-0.002463872586936025,-0.0018341012515614864,0.0022722153804797768,0.010357978191579346,-0.016144375362790023,0.003616645017481319,0.0016124880127732658,0.020831641205680613,-0.014975865413110648
superiorfrontal-lh,-0.004026045982624969,-0.016502054527525057,-0.0011536216674015573,-0.0004933198158843443,0.004745419597528377,0.0,-0.001713460777508967,-0.004699578924639326,-0.0030651211491707193,-0.002174410093207503,0.01427458575748693,0.015581987296908692,-0.0018781323512939258,-0.001800375347439923,0.01849799815271499,-0.0011825549440662947,-0.006714157160799995,0.0,-0.0004614456726123285,-0.001072197196762213,-0.003973603176251724,-0.004046226354814058,-0.001937225074088876,-0.0013852718650080342,0.0010220792266197687,0.0008910317226997891,-0.0034558344991086985,-0.004310300318126107,0.010685783830533488,0.009424890170085262,0.004486377506187736,-0.0013878692118220188,-0.0017872815701860418,-0.001160192001837744,-0.007181651574310948,-0.0028862668212460293,-0.002700206872512322,0.0,0.0070498088397081505,0.007574315093353041,-0.02074229002453858,0.006840834530295655,-0.0042141350704487796,-0.003281032536972401,0.01416743220256943,-0.005897355797024398,-0.0031755227283624225,-0.0032306855935583596,-0.008178374585778603,0.01774985174637536,-0.004636286777325706,-0.004419235085969608,0.0044232030809286385,0.003773170225017091,0.007048237235882022,0.006250250671178992,-0.0016093035609572011,0.000244267950520562,-0.0017296570019140903,-0.004419235085969608,-0.0034724087482922036,-0.0003252267954385805,0.012201310585641237,-0.01905215748477249,0.002886715079757271,-0.0008434733625904758,0.01851171929871403,-0.0159564846105432
superiorfrontal-rh,-0.0005662583632073185,-0.012737090365385048,0.001779442409623854,0.0018071854307492642,0.005245337155927655,0.06925024366954217,0.0009764549969716929,-0.000457825137352033,0.0,0.0,0.0019745427926956475,0.0012730329947504865,0.0011776117559978356,0.001353643776012645,-0.004686111135015406,0.0011117320087584575,-0.03716786327221418,-0.030232368604993783,0.002251153192223521,0.0011871856492601932,-0.00032516640767934064,-0.0003659214159073855,0.00025064027174140845,0.0010432339794050071,0.0019251131263991763,0.0014594587197538584,6.159626462396434e-05,-0.0008142265064158602,0.0019658681346272212,0.0014360530276626613,0.007062783021778957,0.0019370670313724268,0.00045613435980175953,0.0022424785341551043,-0.0036768098225766844,0.0009590262573671187,0.0007821744256261044,0.1221939434141741,0.0037226708174672883,0.006572003876122296,-0.021151849270354364,0.002291008965257635,-0.0005610217989791741,0.00012403791802307012,-0.04860433781991003,-0.002446384152860902,-1.1239093763694424e-05,0.0004145595398475145,-0.01581294319248072,0.02069926069723048,-0.0013249732503234314,-0.0007327164899597705,0.001717000756224753,0.0013545430112065764,0.003405305409711365,0.0015600370992669321,0.001363217669274998,-0.0544947407298206,-0.00025143181409774585,-0.0007734714981878154,0.00018124300719402206,0.002173081269607718,-0.0022485860642073125,-0.01691832670846285,0.0033602130724491117,0.0010796516585988342,0.022095245258504776,-0.048914553512834205
superiorparietal-lh,-0.00234932052619586,-0.014886914008912391,-0.0009665101350625303,-0.0004054655594117828,0.00593953828078776,0.0,-0.0016986486463260223,-0.003952401676036245,-0.0028580652778069666,-0.003016963244166405,0.012970127891023578,0.014433530092071276,-0.0013183605770028268,-0.0009163255622252057,0.017601074784075323,-0.0014920867050462808,-0.0058742969215960774,0.0,-0.001005796655767955,-0.001194627373156707,-0.002824346210505364,-0.0029728134552783106,-0.002459094086196366,-0.0018388668168297392,-0.0022824155548883136,0.0006070325895643757,-0.0024303090679906555,-0.0032470287637331252,0.009015072269975203,0.0077405879009307945,0.003626321110780239,-0.001371189419570714,-0.0019730252716115056,-0.0007707278960294466,-0.005647523864065412,-0.0015625716245220612,-0.0037439270028816335,0.0,0.005268738979916472,0.007762406331748753,-0.02165132221148482,0.007035217212444012,-0.003286946432893294,-0.002130373103604953,0.013619010770866132,-0.00511247832634074,-0.0018222367720286865,-0.004349801500073319,-0.008813388073318431,0.01646473496321996,-0.0038410596064003756,-0.003254321190311117,0.0027358006953241633,0.0024811427915282743,0.006008495052497923,0.005573419141243565,-0.0008881748442946954,-0.0001585721102634293,-0.002792177165935738,-0.003254321190311117,-0.00272732064209072,-0.0007600459724366657,0.013248214044018014,-0.020690394589414674,0.003562182580522074,-0.0009160252886437054,0.02066261538580222,-0.014846681945677757
superiorparietal-rh,-0.0015790727194999019,-0.015323467890814246,-0.0006392958811969775,-0.0010723260585197131,0.004999488584789184,0.0,-0.002704159434593617,-0.0034855740335517056,-0.0034700806455786335,-0.001663459424742631,0.01376714896561239,0.014871685332373109,-0.0026758585042769207,-0.002440736713979012,0.01634445486071495,-0.0028291814134733645,-0.005856518512906734,0.0,-0.0018306432297373568,-0.002023217002219154,-0.0025758158649779447,-0.002688633405041399,-0.0038861410240274537,-0.003042176909448741,3.06677623939909e-05,-0.0005426657294426565,-0.0029619506284500217,-0.0030294902039494976,0.009802265162932313,0.008625419541748218,0.002718298980743826,-0.002829957554645782,-0.0032658083590856005,-0.0010815998470946105,-0.005908549515640306,-0.001453916497730161,4.344309253813191e-05,0.0,0.007762389176988961,0.006136460141341415,-0.01920287675552618,0.00507022661951788,-0.002852589995735485,-0.0029769472699715596,0.014950017535155635,-0.004993951432272581,-0.0025611350455477214,-0.0042002950026497395,-0.007702684715740256,0.0157195197366746,-0.002881542338870299,-0.0030496516695356453,0.003602637874137431,0.0038958596511115356,0.007644359262133458,0.005576719714364166,-0.0007748139527975883,0.0002816615156025865,-0.00095622692791484,-0.003089764810035005,-0.0011854764877664565,-0.0019411037124307774,0.013116936598102888,-0.022675890140304814,0.0026780479138095743,-0.0017119616871001744,0.020620797208303857,-0.014641296282266836
superiortemporal-lh,-0.001415749812496315,-0.015543204230725048,-0.0012296852512325186,-0.0012539899438844687,0.005231229187465031,0.0,-0.002426742872253016,-0.002650000535820295,-0.0032012192205886822,-0.0025014656867079375,0.01297366720132226,0.014891961046944603,-0.0024445100586863683,-0.002154194342664725,0.017065077672927996,-0.0022204208924482046,-0.005700684981387675,0.0,-0.0021602062537397567,-0.0015991164107375568,-0.0021128666832796426,-0.00230357223235241,-0.003301518185823816,-0.002315110147106327,-0.0016075029608921961,-0.00020248563800976638,-0.0023691750103798977,-0.0023666660979044236,0.009210299415417773,0.008412905206468455,0.003106043062874242,-0.002984120667044847,-0.002605280991945818,-0.0014050283516162077,-0.005680333502058792,-0.0013012788528124323,-0.0014240365587876213,0.0,0.005830008019405694,0.005914299715067369,-0.019725989885270686,0.005303707590272899,-0.002297694594673226,-0.002271976843246301,0.013813223815975478,-0.00521648281849657,-0.0018658006440498336,-0.0033279687792608444,-0.008888249299813978,0.015539374518067238,-0.0024320328349596576,-0.0023596426842897276,0.0030106155739557734,0.0033972919157146163,0.006238557230430829,0.005058145483752794,-0.001106176802783234,0.000728688964962614,-0.0013405352121340815,-0.002241860183708171,-0.0022476539542749217,-0.0017472378269846357,0.013954212423816047,-0.021891935105383918,0.002779641597759852,-0.001560769745772446,0.021635684903805928,-0.015092460957918451
superiortemporal-rh,-0.004339834424439732,-0.01625485280550196,0.000291743397766973,0.00017884747994201833,0.006047817958662886,0.0,-0.002120710039836793,-0.005494151784925627,-0.003486482709198129,-0.0017672147999138884,0.01438893838549145,0.0159345605078239,-0.0028589346794339627,-0.0030188410182537327,0.01940348820992772,-0.0020406205140435178,-0.004575474622009986,0.0,-0.0007035325297966369,-0.0006182304085919661,-0.004975836521549594,-0.004981214588551397,-0.0018302703660774595,-0.0020523360831776415,0.00046539059488073895,0.0008209663478135585,-0.004188954481185963,-0.005028419932327454,0.01041607485052588,0.00955231312082584,0.0033031392960850164,-0.0006525300205451329,-0.001346774071949666,0.0008279316699279968,-0.007224616644243369,-0.004821818198723612,-0.0019224538161346442,0.0,0.008327176864275938,0.0064143109363938655,-0.01858377422147768,0.006126484728346639,-0.004997049680316136,-0.003997616017339379,0.013700282283697489,-0.007952156326587153,-0.0016845859712374504,-0.0037165582105787866,-0.008595624735070407,0.017178070368173412,-0.00454501214208195,-0.004928481623153192,0.0043683231074598166,0.004839011347557281,0.007910480956225315,0.007353761324722588,0.0002213788062120289,5.643816236727701e-05,-0.0012904524185633234,-0.004886504791758613,-0.003814971875850388,-0.0015984516737101572,0.010379568494625442,-0.01984947703681795,0.004215098076206379,0.00018451476456520213,0.01857257756395164,-0.014733867819500049
supramarginal-lh,0.004004099476088903,-0.009760893047771767,0.005037768338256964,0.002640861900657265,0.0065898011058501335,-0.003749676027465006,0.0030537122020092696,0.0010413571444976293,0.0018723572603617565,0.0040370434210288755,0.01224404533626479,0.014298063759614604,0.002591813207249213,0.0014937007284805568,-0.05503936889388649,0.002040603716406258,-0.0046422990833355285,0.0,0.0034257031978701057,0.0021051086073014987,0.0017017551847395352,0.0013646694688228425,0.0025410644862025058,0.002287922520326868,0.0047763925149132015,0.001084786293928006,0.0020579429529247535,0.0021286056845901814,0.00930773336634156,0.006801217306487018,0.00697770958548102,0.0043745294808152585,0.0023143665216503245,0.004416228052256202,0.0007758072733085247,0.0008798038553547733,0.005772542623426681,0.0,0.013240602937770098,0.005678901207005886,-0.011595220507681038,-0.001276324606585601,0.0021271941551528764,0.001847736309238222,0.015193963599013847,-0.00027614235903805563,0.002895556482873336,0.00022370374599023644,-0.0691427602628044,0.019104553788165543,0.0033912398544037195,0.0017662960329374354,0.004410819995970226,0.005848309336924123,0.011355625035854171,0.00510305410056939,0.004421277341225852,0.0005546651074463238,0.005261720928480879,0.0018081185472017271,0.00437577301487756,0.0020324181676140804,-0.0821109374347483,-0.017021674775230092,0.002792909601515697,0.002336571618746257,0.026648421737539743,-0.013843252221478015
supramarginal-rh,-0.011637823959798,-0.018955890300923164,0.0014462338109739678,0.00236370612421906,0.011270164937028433,0.0,-0.0018016846320953151,-0.014228117928481887,-0.0034513149202281923,-0.0019094974631199066,0.015476847352815105,0.01719946509562948,-0.005423275203688931,-0.005129017276305271,0.032246399601767076,-0.0013584086326352053,-0.004756243775211498,0.0,0.005599569442806217,0.001999118444221386,-0.013663769929847223,-0.013897771485169783,0.007394349787349801,-0.0013752750089842801,0.0015625173951218114,0.002462181971096195,-0.010086743859556511,-0.013470996513253525,0.011867783425198584,0.010859132200355023,0.010704998786678145,0.019827983633011605,0.006771432567561191,0.004327228777864585,-0.012858747650741936,-0.013217865418558312,-0.010046068868409955,0.0,0.008886106794173327,0.007593129552005825,-0.01855465232799195,0.00800181628356272,-0.013500678300583923,-0.009273619649715723,0.014323704997853414,-0.014585910666542194,-0.005309304916695118,-0.004648408118808195,-0.009711036628672714,0.02638593722815735,-0.013435541550223898,-0.01356652549240888,0.0055430809699984224,0.006030119066024271,0.008715363794203472,0.010206607184317295,0.0008856598677797495,-0.0022024296161769,-0.0051596356086251105,-0.013523676449388964,-0.012070950344742452,0.0017217774104933822,0.004478512691241454,0.016535918675858907,0.01043698879150099,0.001970184382992764,0.011599951392179113,-0.013883089938455181
temporalpole-lh,-0.003190558668884403,-0.017528883069560994,-0.0002622029451855056,-0.0012515431276348588,0.00293799428239428,0.0,-0.0011922026477603057,-0.004707747457797368,-0.002891659145399603,-0.000913710482754799,0.013075987924008367,0.015065008301535747,-0.0012515815690224185,-0.0019464341374135713,0.02003420033328629,-0.0011656789876567611,-0.00670813142319614,0.0,0.0009787925203359454,-0.0008775616746766724,-0.003971112572936217,-0.004173731914571405,-0.00026416271949618986,-0.00111091369884227,0.0017899381954355998,-0.0011385209174716556,-0.0032682891777936333,-0.004161991138376167,0.009454895006289056,0.008372083719024504,0.005902677642672224,-0.0009089016261643596,-0.0006310779275748608,0.0001612409520652041,-0.006756049087876894,-0.0033299960900829125,-0.0018367333631016552,0.0,0.00628590757376807,0.004548721500707418,-0.019318946543735328,0.004000950490035905,-0.004060655090684153,-0.0031946885018173253,0.01382904367208435,-0.0059575197699056025,-0.00338804990575144,-0.00256656172319622,-0.009619515019420063,0.019099775380113194,-0.003830578952717686,-0.004364610480011354,0.003530740496809179,0.00380072575879439,0.006081860962454419,0.005357451664692486,-0.0007739526260584027,0.0006477010067131348,-0.00046537750724761506,-0.004276922487551281,-0.0028004486289189435,0.000289294136984086,0.010649521689803893,-0.016718941407858595,-0.0004373222475560813,-4.899338162429042e-05,0.018335573176303858,-0.01696762654102553
temporalpole-rh,-0.004323549368897556,-0.015780523160476925,-0.0003053974015228601,-0.00042573939820579387,0.00612178222189902,0.0,-0.0018474159110198427,-0.0054656437960534255,-0.0030999530155957273,-0.0017455048839099662,0.014079963793183542,0.015341188299518551,-0.002429339435572687,-0.002521178472499508,0.018912618041110302,-0.0017093933672598606,-0.006121479662913548,0.0,-9.356962784850402e-05,-0.001072158399299081,-0.00462078927177551,-0.0047294956163500095,-0.001733926023015622,-0.0019063838269732427,0.0008005612663691918,0.00033963221045369275,-0.004050210294976089,-0.004910774408065024,0.010424338305779884,0.00901294641016228,0.004709085349069215,-0.0004950922751132032,-0.001517786586093321,-0.00015632851435947644,-0.007366287555799769,-0.0036968686537182122,-0.002173438598847632,0.0,0.00807864101796247,0.0073396860253963836,-0.019111579248635425,0.006649081252035289,-0.004795815048956589,-0.0038939239544566774,0.014307418231978892,-0.0065972784752776495,-0.002858232513429165,-0.003892812728034778,-0.008322435904898009,0.017697150844517187,-0.004860335334541652,-0.005055716200831023,0.004013252076389324,0.003984345417751102,0.00781967655975994,0.006607694230292019,-0.00042797081287443504,-0.00016952142099275978,-0.0017332372454977897,-0.005055716200831023,-0.00361528440689294,-0.00035437890462982236,0.011282159140618125,-0.018829458211268066,0.003911372141227312,-0.0010722757945189655,0.01837230443682853,-0.014860697339573022
transversetemporal-lh,0.023795436217050554,0.0003214603216560815,0.022234756038565354,0.02131335366736037,0.023617051474622956,0.0,0.02171785819957523,0.02052351419086637,-0.003316783091331393,-0.001346912640832659,0.03639881149874269,0.03833259210572714,0.021598880317528307,0.021329331896542392,0.041547533330861704,0.021245877459580884,0.0,-0.06098699875598582,0.02113855365110455,0.021209600541275388,0.02145357522140466,0.021244744662723157,0.020929156693994182,0.021202645512091275,0.023247321349136034,0.02295823288630195,0.02140320116993973,0.021286099949052784,0.032926548977062126,0.03222581831290045,0.021678015033740984,0.015360329946023791,0.02063160625553583,0.020914862877125708,0.016218388755406907,0.021282711167397425,0.021765213923297257,0.0,0.028397726115183364,0.024520593781430712,0.0014515076551365922,0.02803985118183868,0.02134286263127297,0.021233469912790213,0.02967379875668463,0.0167792668410515,0.02100922234930033,0.01925062625626457,0.007888888619219967,-0.2614646966018134,0.022260885829740413,0.02123290351436135,0.026964504273012387,0.02698104446576068,0.02893549791145103,0.029094707891887672,0.02190901133378812,0.023869633954292195,0.024120043690107455,0.02118497252248526,0.02296425623719997,0.020918059409934634,0.03735875712116124,0.0006832948699475969,0.023786595656981255,0.022210324703484264,-1.0,0.0
transversetemporal-rh,-0.022123590619409047,-0.023069043209982085,-0.023699344937030773,-0.02357328459162104,-0.023762375109735646,0.2344338059141645,-0.02300601303727722,-0.02269086217375287,0.17069021563127684,0.17982179095311474,-0.02319510355539182,-0.02319510355539182,-0.022123590619409047,-0.02224965096481879,-0.022186620792113917,-0.02269086217375287,0.02387292323972867,0.01859293727470163,-0.023069043209982085,-0.02332116390080156,-0.022375711310228523,-0.022375711310228523,-0.022753892346457742,-0.02287995269186748,-0.022942982864572345,-0.02287995269186748,-0.022627832001048002,-0.022753892346457742,-0.02281692251916261,-0.023069043209982085,-0.01878299146605099,-0.02338419407350643,-0.022312681137523657,-0.02414055614596486,-0.020232685438262978,-0.020989047510721403,-0.02351025441891617,0.302917174881053,-0.024266616491374595,-0.019035112156870464,0.11992948953457093,-0.02124116820154088,-0.02269086217375287,-0.02269086217375287,-0.030535546082289037,-0.019035112156870464,-0.023258133728096694,-0.022753892346457742,0.1444417242471857,-0.0034666594987677996,-0.02287995269186748,-0.022753892346457742,-0.02281692251916261,-0.02351025441891617,-0.023951465627850253,-0.022753892346457742,-0.023888435455145383,-0.03067220952331075,-0.02287995269186748,-0.022627832001048002,-0.02281692251916261,-0.021745409583179835,-0.020484806129082454,-0.02004359492014837,-0.024014495800555122,-0.02287995269186748,0.0,0.10977785053334649
