,bankssts-lh,bankssts-rh,caudalanteriorcingulate-lh,caudalanteriorcingulate-rh,caudalmiddlefrontal-lh,caudalmiddlefrontal-rh,cuneus-lh,cuneus-rh,entorhinal-lh,entorhinal-rh,frontalpole-lh,frontalpole-rh,fusiform-lh,fusiform-rh,inferiorparietal-lh,inferiorparietal-rh,inferiortemporal-lh,inferiortemporal-rh,insula-lh,insula-rh,isthmuscingulate-lh,isthmuscingulate-rh,lateraloccipital-lh,lateraloccipital-rh,lateralorbitofrontal-lh,lateralorbitofrontal-rh,lingual-lh,lingual-rh,medialorbitofrontal-lh,medialorbitofrontal-rh,middletemporal-lh,middletemporal-rh,paracentral-lh,paracentral-rh,parahippocampal-lh,parahippocampal-rh,parsopercularis-lh,parsopercularis-rh,parsorbitalis-lh,parsorbitalis-rh,parstriangularis-lh,parstriangularis-rh,pericalcarine-lh,pericalcarine-rh,postcentral-lh,postcentral-rh,posteriorcingulate-lh,posteriorcingulate-rh,precentral-lh,precentral-rh,precuneus-lh,precuneus-rh,rostralanteriorcingulate-lh,rostralanteriorcingulate-rh,rostralmiddlefrontal-lh,rostralmiddlefrontal-rh,superiorfrontal-lh,superiorfrontal-rh,superiorparietal-lh,superiorparietal-rh,superiortemporal-lh,superiortemporal-rh,supramarginal-lh,supramarginal-rh,temporalpole-lh,temporalpole-rh,transversetemporal-lh,transversetemporal-rh
bankssts-lh,0.0,0.0,0.0,0.0,0.0,0.0,0.0,0.0,0.0,0.0,0.0,0.0,0.0,0.0,0.0,0.0,0.0,0.0,0.0,0.0,0.0,0.0,0.0,0.0,0.0,0.0,0.0,0.0,0.0,0.0,0.0,0.0,0.0,0.0,0.0,0.0,0.0,0.0,0.0,0.0,0.0,0.0,0.0,0.0,0.0,0.0,0.0,0.0,0.0,0.0,0.0,0.0,0.0,0.0,0.0,0.0,0.0,0.0,0.0,0.0,0.0,0.0,0.0,0.0,0.0,0.0,0.0,0.0
bankssts-rh,0.0,0.10835913312693499,0.0,0.08359133126934984,0.0,0.06501547987616099,0.0,0.0,0.0,0.07120743034055728,0.0,0.0,0.0,0.06191950464396285,0.0,0.0,0.0,0.02476780185758514,0.0,0.0,0.0,0.04643962848297214,0.0,0.0,0.0,0.0,0.0,0.04024767801857585,0.0,0.0,0.05263157894736842,0.04643962848297214,0.0,0.0,0.009287925696594427,0.04643962848297214,0.09907120743034056,0.0,0.0,0.0,0.07120743034055728,0.0,0.0,0.0,0.0,0.02476780185758514,0.0,0.0,0.0,0.0,0.0,0.0,0.0,0.0,0.06501547987616099,0.0,0.0,0.0,0.0,0.0,0.0,0.04024767801857585,0.0,0.043343653250773995,0.0,0.0,0.0,0.0
caudalanteriorcingulate-lh,0.0,0.0,0.3008130081300813,0.11382113821138211,0.0,0.12195121951219512,0.0,0.0,0.0,0.0,0.032520325203252036,0.0,0.0,0.0,0.0,0.0,0.0,0.0,0.0,0.0,0.0,0.0,0.0,0.0,0.0,0.0,0.0,0.0,0.0,0.0,0.0,0.0,0.008130081300813009,0.032520325203252036,0.0,0.032520325203252036,0.016260162601626018,0.0,0.0,0.0,0.0,0.0,0.0,0.0,0.0,0.0,0.0,0.16260162601626016,0.13821138211382114,0.0,0.0,0.0,0.0,0.0,0.0,0.0,0.0,0.032520325203252036,0.0,0.0,0.0,0.0,0.0,0.008130081300813009,0.0,0.0,0.0,0.0
caudalanteriorcingulate-rh,0.0,0.05476673427991886,0.036511156186612576,0.23529411764705882,0.0,0.10547667342799188,0.0,0.0,0.0,0.04665314401622718,0.0,0.0,0.0,0.034482758620689655,0.0,0.0,0.0,0.014198782961460446,0.0,0.008113590263691683,0.0,0.036511156186612576,0.0,0.0,0.0,0.0,0.0,0.008113590263691683,0.0,0.0,0.034482758620689655,0.030425963488843813,0.0486815415821501,0.0,0.006085192697768763,0.012170385395537525,0.058823529411764705,0.0,0.0,0.0,0.034482758620689655,0.0,0.0,0.0,0.0,0.028397565922920892,0.0,0.0486815415821501,0.02434077079107505,0.0,0.0,0.0,0.0,0.0,0.028397565922920892,0.0,0.0,0.0,0.0,0.0,0.0,0.014198782961460446,0.0,0.05070993914807302,0.0,0.0,0.0,0.0
caudalmiddlefrontal-lh,0.0,0.09090909090909091,0.0,0.09090909090909091,0.0,0.0,0.0,0.0,0.0,0.09090909090909091,0.0,0.0,0.0,0.09090909090909091,0.0,0.0,0.0,0.09090909090909091,0.0,0.0,0.0,0.0,0.0,0.0,0.0,0.0,0.0,0.0,0.0,0.0,0.09090909090909091,0.09090909090909091,0.0,0.0,0.0,0.0,0.09090909090909091,0.0,0.0,0.0,0.09090909090909091,0.0,0.0,0.0,0.0,0.0,0.0,0.0,0.0,0.0,0.0,0.0,0.0,0.0,0.09090909090909091,0.0,0.0,0.0,0.0,0.0,0.0,0.09090909090909091,0.0,0.0,0.0,0.0,0.0,0.0
caudalmiddlefrontal-rh,0.0,0.06620209059233449,0.059233449477351915,0.17073170731707318,0.0,0.20557491289198607,0.0,0.0,0.0,0.05574912891986063,0.0,0.0,0.0,0.017421602787456445,0.0,0.0,0.0,0.0,0.0,0.0,0.0,0.04529616724738676,0.0,0.0,0.0,0.0,0.0,0.0,0.0,0.0,0.03484320557491289,0.0313588850174216,0.024390243902439025,0.0,0.006968641114982578,0.0,0.059233449477351915,0.0,0.0,0.0,0.0313588850174216,0.0,0.0,0.0,0.0,0.0313588850174216,0.0,0.0313588850174216,0.027874564459930314,0.0,0.0,0.0,0.0,0.0,0.020905923344947737,0.0,0.0,0.0,0.0,0.0,0.0,0.0,0.0,0.08013937282229965,0.0,0.0,0.0,0.0
cuneus-lh,0.0,0.0,0.0,0.0,0.0,0.0,0.0,0.0,0.0,0.0,0.0,0.0,0.0,0.0,0.0,0.0,0.0,0.0,0.0,0.0,0.0,0.0,0.0,0.0,0.0,0.0,0.0,0.0,0.0,0.0,0.0,0.0,0.0,0.0,0.0,0.0,0.0,0.0,0.0,0.0,0.0,0.0,0.0,0.0,0.0,0.0,0.0,0.0,0.0,0.0,0.0,0.0,0.0,0.0,0.0,0.0,0.0,0.0,0.0,0.0,0.0,0.0,0.0,0.0,0.0,0.0,0.0,0.0
cuneus-rh,0.0,0.0,0.0,0.0,0.0,0.0,0.0,0.0,0.0,0.0,0.0,0.0,0.0,0.0,0.0,0.0,0.0,0.0,0.0,0.0,0.0,0.0,0.0,0.0,0.0,0.0,0.0,0.0,0.0,0.0,0.0,0.0,0.0,0.0,0.0,0.0,0.0,0.0,0.0,0.0,0.0,0.0,0.0,0.0,0.0,0.0,0.0,0.0,0.0,0.0,0.0,0.0,0.0,0.0,0.0,0.0,0.0,0.0,0.0,0.0,0.0,0.0,0.0,0.0,0.0,0.0,0.0,0.0
entorhinal-lh,0.0,0.030303030303030304,0.0,0.030303030303030304,0.0,0.0,0.0,0.0,0.3939393939393939,0.030303030303030304,0.0,0.0,0.0,0.030303030303030304,0.0,0.0,0.0,0.030303030303030304,0.0,0.0,0.0,0.0,0.0,0.0,0.0,0.0,0.0,0.0,0.0,0.0,0.030303030303030304,0.030303030303030304,0.0,0.0,0.0,0.0,0.030303030303030304,0.0,0.0,0.0,0.030303030303030304,0.0,0.0,0.0,0.0,0.0,0.0,0.0,0.0,0.0,0.0,0.0,0.0,0.0,0.030303030303030304,0.0,0.12121212121212122,0.0,0.0,0.0,0.0,0.030303030303030304,0.0,0.0,0.15151515151515152,0.0,0.0,0.0
entorhinal-rh,0.0,0.10483870967741936,0.0,0.10080645161290322,0.0,0.07258064516129033,0.0,0.0,0.0,0.10080645161290322,0.0,0.0,0.0,0.03225806451612903,0.0,0.0,0.0,0.028225806451612902,0.0,0.0,0.0,0.036290322580645164,0.0,0.0,0.0,0.0,0.0,0.016129032258064516,0.0,0.0,0.07661290322580645,0.06854838709677419,0.0,0.0,0.020161290322580645,0.024193548387096774,0.08064516129032258,0.0,0.0,0.0,0.06854838709677419,0.0,0.0,0.0,0.0,0.020161290322580645,0.0,0.0,0.0,0.0,0.0,0.0,0.0,0.0,0.06451612903225806,0.0,0.0,0.0,0.0,0.0,0.0,0.028225806451612902,0.0,0.056451612903225805,0.0,0.0,0.0,0.0
frontalpole-lh,0.0,0.0,0.014705882352941176,0.0,0.0,0.0,0.0,0.0,0.0,0.0,0.13970588235294118,0.0,0.07352941176470588,0.0,0.022058823529411766,0.06985294117647059,0.05514705882352941,0.0,0.0,0.0,0.11764705882352941,0.03308823529411765,0.0,0.0,0.0,0.0,0.0,0.022058823529411766,0.0,0.0,0.0,0.0,0.03676470588235294,0.0,0.0,0.051470588235294115,0.022058823529411766,0.0,0.0,0.0,0.0,0.0,0.0,0.06985294117647059,0.0,0.0,0.0,0.03308823529411765,0.0,0.0,0.0,0.029411764705882353,0.0,0.0,0.0,0.0,0.0,0.14705882352941177,0.0,0.0625,0.0,0.0,0.0,0.0,0.0,0.0,0.0,0.0
frontalpole-rh,0.0,0.0,0.0,0.0,0.0,0.0,0.0,0.0,0.0,0.0,0.0,0.0,0.0,0.0,0.0,0.0,0.0,0.0,0.0,0.0,0.0,0.0,0.0,0.0,0.0,0.0,0.0,0.0,0.0,0.0,0.0,0.0,0.0,0.0,0.0,0.0,0.0,0.0,0.0,0.0,0.0,0.0,0.0,0.0,0.0,0.0,0.0,0.0,0.0,0.0,0.0,0.0,0.0,0.0,0.0,0.0,0.0,0.0,0.0,0.0,0.0,0.0,0.0,0.0,0.0,0.0,0.0,0.0
fusiform-lh,0.0,0.0,0.0,0.0,0.0,0.0,0.0,0.0,0.0,0.0,0.09090909090909091,0.0,0.11004784688995216,0.0,0.04784688995215311,0.11004784688995216,0.07177033492822966,0.0,0.0,0.0,0.11004784688995216,0.0430622009569378,0.0,0.0,0.0,0.0,0.0,0.028708133971291867,0.0,0.0,0.0,0.0,0.0,0.0,0.0,0.03827751196172249,0.014354066985645933,0.0,0.0,0.0,0.0,0.0,0.0,0.10047846889952153,0.0,0.0,0.0,0.0,0.0,0.0,0.0,0.03827751196172249,0.0,0.0,0.0,0.0,0.0,0.10047846889952153,0.0,0.09569377990430622,0.0,0.0,0.0,0.0,0.0,0.0,0.0,0.0
fusiform-rh,0.0,0.06463878326996197,0.0,0.053231939163498096,0.0,0.011406844106463879,0.0,0.0,0.0,0.022813688212927757,0.0076045627376425855,0.0,0.0038022813688212928,0.16730038022813687,0.0,0.0,0.015209125475285171,0.030418250950570342,0.0,0.0,0.0,0.06463878326996197,0.0,0.0,0.0,0.0,0.0,0.06463878326996197,0.0,0.0,0.026615969581749048,0.019011406844106463,0.0,0.0,0.0,0.07984790874524715,0.11787072243346007,0.0,0.0,0.0,0.049429657794676805,0.0,0.0,0.0,0.0,0.04182509505703422,0.022813688212927757,0.019011406844106463,0.0,0.0,0.0,0.0,0.0,0.0,0.053231939163498096,0.0,0.0,0.0076045627376425855,0.0,0.0,0.0076045627376425855,0.049429657794676805,0.0,0.0,0.0,0.0,0.0,0.0
inferiorparietal-lh,0.0,0.0,0.0,0.0,0.0,0.0,0.0,0.0,0.0,0.0,0.04938271604938271,0.0,0.09876543209876543,0.0,0.19753086419753085,0.1111111111111111,0.0,0.0,0.0,0.0,0.12345679012345678,0.0,0.0,0.0,0.0,0.0,0.0,0.0,0.0,0.0,0.08641975308641975,0.0,0.0,0.0,0.04938271604938271,0.0,0.0,0.0,0.0,0.0,0.0,0.0,0.0,0.08641975308641975,0.0,0.0,0.0,0.0,0.0,0.0,0.0,0.024691358024691357,0.0,0.0,0.0,0.0,0.0,0.07407407407407407,0.0,0.09876543209876543,0.0,0.0,0.0,0.0,0.0,0.0,0.0,0.0
inferiorparietal-rh,0.0,0.0,0.0,0.0,0.0,0.0,0.0,0.0,0.0,0.0,0.08854166666666667,0.0,0.109375,0.0,0.057291666666666664,0.11458333333333333,0.06770833333333333,0.0,0.0,0.0,0.11979166666666667,0.036458333333333336,0.0,0.0,0.0,0.0,0.0,0.020833333333333332,0.0,0.0,0.0,0.0,0.0,0.0,0.0,0.03125,0.005208333333333333,0.0,0.0,0.0,0.0,0.0,0.0,0.10416666666666667,0.0,0.0,0.0,0.0,0.0,0.0,0.0,0.041666666666666664,0.0,0.0,0.0,0.0,0.0,0.09895833333333333,0.0,0.10416666666666667,0.0,0.0,0.0,0.0,0.0,0.0,0.0,0.0
inferiortemporal-lh,0.0,0.0,0.0,0.0,0.0,0.0,0.0,0.0,0.0,0.0,0.06882591093117409,0.0,0.06882591093117409,0.008097165991902834,0.008097165991902834,0.06072874493927125,0.22672064777327935,0.0,0.0,0.04048582995951417,0.06072874493927125,0.048582995951417005,0.0,0.0,0.0,0.0,0.0,0.03643724696356275,0.0,0.0,0.0,0.020242914979757085,0.0,0.0,0.0,0.044534412955465584,0.024291497975708502,0.0,0.0,0.0,0.0,0.0,0.0,0.06072874493927125,0.0,0.0,0.0,0.0,0.0,0.0,0.0,0.02834008097165992,0.0,0.0,0.0,0.0,0.04048582995951417,0.06882591093117409,0.0,0.08502024291497975,0.0,0.0,0.0,0.0,0.0,0.0,0.0,0.0
inferiortemporal-rh,0.0,0.08333333333333333,0.0,0.05555555555555555,0.0,0.0,0.0,0.0,0.0,0.05555555555555555,0.0,0.0,0.0,0.08333333333333333,0.0,0.0,0.0,0.12962962962962962,0.0,0.0,0.0,0.0,0.0,0.0,0.0,0.0,0.0,0.05555555555555555,0.0,0.0,0.05555555555555555,0.046296296296296294,0.0,0.0,0.0,0.07407407407407407,0.08333333333333333,0.0,0.0,0.0,0.08333333333333333,0.0,0.0,0.0,0.0,0.0,0.0,0.0,0.0,0.0,0.0,0.0,0.0,0.0,0.1111111111111111,0.0,0.0,0.0,0.0,0.0,0.0,0.08333333333333333,0.0,0.0,0.0,0.0,0.0,0.0
insula-lh,0.0,0.0,0.0,0.0,0.0,0.0,0.0,0.0,0.0,0.0,0.0,0.0,0.0,0.0,0.0,0.0,0.0,0.0,0.0,0.0,0.0,0.0,0.0,0.0,0.0,0.0,0.0,0.0,0.0,0.0,0.0,0.0,0.0,0.0,0.0,0.0,0.0,0.0,0.0,0.0,0.0,0.0,0.0,0.0,0.0,0.0,0.0,0.0,0.0,0.0,0.0,0.0,0.0,0.0,0.0,0.0,0.0,0.0,0.0,0.0,0.0,0.0,0.0,0.0,0.0,0.0,0.0,0.0
insula-rh,0.0,0.0,0.0,0.07142857142857142,0.0,0.0,0.0,0.0,0.0,0.0,0.0,0.0,0.0,0.0,0.0,0.0,0.21428571428571427,0.0,0.0,0.3392857142857143,0.0,0.0,0.0,0.0,0.0,0.0,0.0,0.0,0.0,0.0,0.0,0.017857142857142856,0.07142857142857142,0.0,0.0,0.0,0.0,0.0,0.0,0.0,0.0,0.0,0.0,0.0,0.0,0.0,0.0,0.017857142857142856,0.0,0.0,0.0,0.0,0.0,0.0,0.0,0.0,0.26785714285714285,0.0,0.0,0.0,0.0,0.0,0.0,0.0,0.0,0.0,0.0,0.0
isthmuscingulate-lh,0.0,0.0,0.0,0.0,0.0,0.0,0.0,0.0,0.0,0.0,0.11155378486055777,0.0,0.08366533864541832,0.0,0.04780876494023904,0.08764940239043825,0.05179282868525897,0.0,0.0,0.0,0.16733067729083664,0.027888446215139442,0.0,0.0,0.0,0.0,0.0,0.01593625498007968,0.0,0.0,0.00398406374501992,0.0,0.0398406374501992,0.0,0.0,0.02390438247011952,0.00398406374501992,0.0,0.0,0.0,0.0,0.0,0.0,0.0796812749003984,0.0,0.0,0.0,0.00398406374501992,0.0,0.0,0.0,0.03187250996015936,0.0,0.0,0.0,0.0,0.0,0.1394422310756972,0.0,0.0796812749003984,0.0,0.0,0.0,0.0,0.0,0.0,0.0,0.0
isthmuscingulate-rh,0.0,0.04182509505703422,0.0,0.060836501901140684,0.0,0.04182509505703422,0.0,0.0,0.0,0.026615969581749048,0.045627376425855515,0.0,0.04182509505703422,0.060836501901140684,0.0,0.034220532319391636,0.053231939163498096,0.0,0.0,0.0,0.034220532319391636,0.12547528517110265,0.0,0.0,0.0,0.0,0.0,0.045627376425855515,0.0,0.0,0.0038022813688212928,0.0,0.0,0.0,0.0,0.060836501901140684,0.10646387832699619,0.0,0.0,0.0,0.0,0.0,0.0,0.034220532319391636,0.0,0.060836501901140684,0.0,0.019011406844106463,0.0,0.0,0.0,0.0038022813688212928,0.0,0.0,0.0,0.0,0.0,0.045627376425855515,0.0,0.026615969581749048,0.0,0.0,0.0,0.026615969581749048,0.0,0.0,0.0,0.0
lateraloccipital-lh,0.0,0.0,0.0,0.0,0.0,0.0,0.0,0.0,0.0,0.0,0.0,0.0,0.0,0.0,0.0,0.0,0.0,0.0,0.0,0.0,0.0,0.0,0.5714285714285714,0.0,0.0,0.42857142857142855,0.0,0.0,0.0,0.0,0.0,0.0,0.0,0.0,0.0,0.0,0.0,0.0,0.0,0.0,0.0,0.0,0.0,0.0,0.0,0.0,0.0,0.0,0.0,0.0,0.0,0.0,0.0,0.0,0.0,0.0,0.0,0.0,0.0,0.0,0.0,0.0,0.0,0.0,0.0,0.0,0.0,0.0
lateraloccipital-rh,0.0,0.0,0.0,0.0,0.0,0.0,0.0,0.0,0.0,0.0,0.0,0.0,0.0,0.0,0.0,0.0,0.0,0.0,0.0,0.0,0.0,0.0,0.0,0.0,0.0,0.0,0.0,0.0,0.0,0.0,0.0,0.0,0.0,0.0,0.0,0.0,0.0,0.0,0.0,0.0,0.0,0.0,0.0,0.0,0.0,0.0,0.0,0.0,0.0,0.0,0.0,0.0,0.0,0.0,0.0,0.0,0.0,0.0,0.0,0.0,0.0,0.0,0.0,0.0,0.0,0.0,0.0,0.0
lateralorbitofrontal-lh,0.0,0.0,0.0,0.0,0.0,0.0,0.0,0.0,0.0,0.0,0.0,0.0,0.0,0.0,0.0,0.0,0.0,0.0,0.0,0.0,0.0,0.0,0.0,0.0,0.0,0.0,0.0,0.0,0.0,0.0,0.0,0.0,0.0,0.0,0.0,0.0,0.0,0.0,0.0,0.0,0.0,0.0,0.0,0.0,0.0,0.0,0.0,0.0,0.0,0.0,0.0,0.0,0.0,0.0,0.0,0.0,0.0,0.0,0.0,0.0,0.0,0.0,0.0,0.0,0.0,0.0,0.0,0.0
lateralorbitofrontal-rh,0.0,0.0,0.0,0.0,0.0,0.0,0.0,0.0,0.0,0.0,0.0,0.0,0.0,0.0,0.0,0.0,0.0,0.0,0.0,0.0,0.0,0.0,0.06896551724137931,0.0,0.0,0.9310344827586207,0.0,0.0,0.0,0.0,0.0,0.0,0.0,0.0,0.0,0.0,0.0,0.0,0.0,0.0,0.0,0.0,0.0,0.0,0.0,0.0,0.0,0.0,0.0,0.0,0.0,0.0,0.0,0.0,0.0,0.0,0.0,0.0,0.0,0.0,0.0,0.0,0.0,0.0,0.0,0.0,0.0,0.0
lingual-lh,0.0,0.0,0.0,0.0,0.0,0.0,0.0,0.0,0.0,0.0,0.0,0.0,0.0,0.0,0.0,0.0,0.0,0.0,0.0,0.0,0.0,0.0,0.0,0.0,0.0,0.0,0.0,0.0,0.0,0.0,0.0,0.0,0.0,0.0,0.0,0.0,0.0,0.0,0.0,0.0,0.0,0.0,0.0,0.0,0.0,0.0,0.0,0.0,0.0,0.0,0.0,0.0,0.0,0.0,0.0,0.0,0.0,0.0,0.0,0.0,0.0,0.0,0.0,0.0,0.0,0.0,0.0,0.0
lingual-rh,0.0,0.055,0.0,0.01,0.0,0.0,0.0,0.0,0.0,0.01,0.04,0.0,0.04,0.075,0.0,0.03,0.055,0.02,0.0,0.0,0.03,0.07,0.0,0.0,0.0,0.0,0.0,0.11,0.0,0.0,0.01,0.005,0.0,0.0,0.0,0.115,0.095,0.0,0.0,0.0,0.045,0.0,0.0,0.03,0.0,0.0,0.0,0.0,0.0,0.0,0.0,0.0,0.0,0.0,0.05,0.0,0.0,0.04,0.0,0.02,0.0,0.045,0.0,0.0,0.0,0.0,0.0,0.0
medialorbitofrontal-lh,0.0,0.0,0.0,0.0,0.0,0.0,0.0,0.0,0.0,0.0,0.0,0.0,0.0,0.0,0.0,0.0,0.0,0.0,0.0,0.0,0.0,0.0,0.0,0.0,0.0,0.0,0.0,0.0,0.0,0.0,0.0,0.0,0.0,0.0,0.0,0.0,0.0,0.0,0.0,0.0,0.0,0.0,0.0,0.0,0.0,0.0,0.0,0.0,0.0,0.0,0.0,0.0,0.0,0.0,0.0,0.0,0.0,0.0,0.0,0.0,0.0,0.0,0.0,0.0,0.0,0.0,0.0,0.0
medialorbitofrontal-rh,0.0,0.0,0.0,0.0,0.0,0.0,0.0,0.0,0.0,0.0,0.0,0.0,0.0,0.0,0.0,0.0,0.0,0.0,0.0,0.0,0.0,0.0,0.0,0.0,0.0,0.0,0.0,0.0,0.0,0.0,0.0,0.0,0.0,0.0,0.0,0.0,0.0,0.0,0.0,0.0,0.0,0.0,0.0,0.0,0.0,0.0,0.0,0.0,0.0,0.0,0.0,0.0,0.0,0.0,0.0,0.0,0.0,0.0,0.0,0.0,0.0,0.0,0.0,0.0,0.0,0.0,0.0,0.0
middletemporal-lh,0.0,0.06896551724137931,0.0,0.06551724137931035,0.0,0.041379310344827586,0.0,0.0,0.0,0.07241379310344828,0.0,0.0,0.0,0.02413793103448276,0.017241379310344827,0.0,0.0,0.02413793103448276,0.0,0.006896551724137931,0.0,0.010344827586206896,0.0,0.0,0.0,0.0,0.0,0.013793103448275862,0.0,0.0,0.20689655172413793,0.06551724137931035,0.0,0.0,0.041379310344827586,0.020689655172413793,0.04827586206896552,0.0,0.0,0.0,0.05862068965517241,0.0,0.0,0.0,0.0,0.0,0.0,0.0,0.0,0.0,0.0,0.0,0.0,0.0,0.15862068965517243,0.0,0.0,0.0,0.0,0.0,0.0,0.02413793103448276,0.0,0.03103448275862069,0.0,0.0,0.0,0.0
middletemporal-rh,0.0,0.08823529411764706,0.0,0.08823529411764706,0.0,0.05392156862745098,0.0,0.0,0.0,0.09803921568627451,0.0,0.0,0.0,0.029411764705882353,0.0,0.0,0.024509803921568627,0.029411764705882353,0.0,0.0,0.0,0.00980392156862745,0.0,0.0,0.0,0.0,0.0,0.014705882352941176,0.0,0.0,0.09803921568627451,0.10784313725490197,0.0,0.0,0.029411764705882353,0.024509803921568627,0.058823529411764705,0.0,0.0,0.0,0.0784313725490196,0.0,0.0,0.0,0.0,0.0,0.0,0.0,0.0,0.0,0.0,0.0,0.0,0.0,0.0784313725490196,0.0,0.0,0.0,0.0,0.0196078431372549,0.0,0.029411764705882353,0.0,0.0392156862745098,0.0,0.0,0.0,0.0
paracentral-lh,0.0,0.0,0.0,0.1656441717791411,0.0,0.024539877300613498,0.0,0.0,0.0,0.0,0.049079754601226995,0.0,0.0,0.0,0.0,0.0,0.0,0.0,0.0,0.024539877300613498,0.06134969325153374,0.0,0.0,0.0,0.0,0.0,0.0,0.0,0.0,0.0,0.0,0.0,0.4601226993865031,0.0,0.0,0.0,0.0,0.0,0.0,0.0,0.0,0.0,0.0,0.0,0.0,0.0,0.0,0.03680981595092025,0.006134969325153374,0.0,0.0,0.0,0.0,0.0,0.0,0.0,0.0,0.17177914110429449,0.0,0.0,0.0,0.0,0.0,0.0,0.0,0.0,0.0,0.0
paracentral-rh,0.0,0.0,0.02702702702702703,0.0,0.0,0.0,0.0,0.0,0.0,0.0,0.0,0.0,0.0,0.0,0.0,0.0,0.0,0.0,0.0,0.0,0.0,0.0,0.0,0.0,0.0,0.0,0.0,0.0,0.0,0.0,0.0,0.0,0.0,0.5405405405405406,0.0,0.0,0.0,0.0,0.0,0.0,0.0,0.0,0.0,0.0,0.0,0.0,0.0,0.0,0.2702702702702703,0.0,0.0,0.0,0.0,0.0,0.0,0.0,0.0,0.0,0.0,0.16216216216216217,0.0,0.0,0.0,0.0,0.0,0.0,0.0,0.0
parahippocampal-lh,0.0,0.07352941176470588,0.0,0.07352941176470588,0.0,0.058823529411764705,0.0,0.0,0.0,0.10294117647058823,0.0,0.0,0.0,0.0,0.029411764705882353,0.0,0.0,0.0,0.0,0.0,0.0,0.0,0.0,0.0,0.0,0.0,0.0,0.0,0.0,0.0,0.17647058823529413,0.11764705882352941,0.0,0.0,0.16176470588235295,0.0,0.0,0.0,0.0,0.0,0.058823529411764705,0.0,0.0,0.0,0.0,0.0,0.0,0.0,0.0,0.0,0.0,0.0,0.0,0.0,0.1323529411764706,0.0,0.0,0.0,0.0,0.0,0.0,0.0,0.0,0.014705882352941176,0.0,0.0,0.0,0.0
parahippocampal-rh,0.0,0.045774647887323945,0.014084507042253521,0.014084507042253521,0.0,0.0,0.0,0.0,0.0,0.014084507042253521,0.06338028169014084,0.0,0.035211267605633804,0.05985915492957746,0.0,0.028169014084507043,0.045774647887323945,0.02112676056338028,0.0,0.0,0.028169014084507043,0.056338028169014086,0.0,0.0,0.0,0.0,0.0,0.08098591549295775,0.0,0.0,0.014084507042253521,0.01056338028169014,0.0,0.0,0.0,0.11619718309859155,0.0880281690140845,0.0,0.0,0.0,0.03873239436619718,0.0,0.0,0.028169014084507043,0.0,0.0035211267605633804,0.0,0.028169014084507043,0.0,0.0,0.0,0.0,0.0,0.0,0.04225352112676056,0.0,0.0,0.06338028169014084,0.0,0.02112676056338028,0.0,0.03873239436619718,0.0,0.0,0.0,0.0,0.0,0.0
parsopercularis-lh,0.0,0.07213930348258707,0.009950248756218905,0.06467661691542288,0.0,0.03731343283582089,0.0,0.0,0.0,0.04228855721393035,0.024875621890547265,0.0,0.012437810945273632,0.07462686567164178,0.0,0.007462686567164179,0.01990049751243781,0.01990049751243781,0.0,0.0,0.007462686567164179,0.07462686567164178,0.0,0.0,0.0,0.0,0.0,0.05223880597014925,0.0,0.0,0.02736318407960199,0.022388059701492536,0.0,0.0,0.0,0.07213930348258707,0.12189054726368159,0.0,0.0,0.0,0.04228855721393035,0.0,0.0,0.007462686567164179,0.0,0.03980099502487562,0.0,0.022388059701492536,0.0,0.0,0.0,0.0,0.0,0.0,0.03731343283582089,0.0,0.0,0.024875621890547265,0.0,0.0024875621890547263,0.0,0.03233830845771144,0.0,0.02736318407960199,0.0,0.0,0.0,0.0
parsopercularis-rh,0.0,0.0,0.0,0.0,0.0,0.0,0.0,0.0,0.0,0.0,0.0,0.0,0.0,0.0,0.0,0.0,0.0,0.0,0.0,0.0,0.0,0.0,0.0,0.0,0.0,0.0,0.0,0.0,0.0,0.0,0.0,0.0,0.0,0.0,0.0,0.0,0.0,0.0,0.0,0.0,0.0,0.0,0.0,0.0,0.0,0.0,0.0,0.0,0.0,0.0,0.0,0.0,0.0,0.0,0.0,0.0,0.0,0.0,0.0,0.0,0.0,0.0,0.0,0.0,0.0,0.0,0.0,0.0
parsorbitalis-lh,0.0,0.0,0.0,0.0,0.0,0.0,0.0,0.0,0.0,0.0,0.0,0.0,0.0,0.0,0.0,0.0,0.0,0.0,0.0,0.0,0.0,0.0,0.0,0.0,0.0,0.0,0.0,0.0,0.0,0.0,0.0,0.0,0.0,0.0,0.0,0.0,0.0,0.0,0.0,0.0,0.0,0.0,0.0,0.0,0.0,0.0,0.0,0.0,0.0,0.0,0.0,0.0,0.0,0.0,0.0,0.0,0.0,0.0,0.0,0.0,0.0,0.0,0.0,0.0,0.0,0.0,0.0,0.0
parsorbitalis-rh,0.0,0.0,0.0,0.0,0.0,0.0,0.0,0.0,0.0,0.0,0.0,0.0,0.0,0.0,0.0,0.0,0.0,0.0,0.0,0.0,0.0,0.0,0.0,0.0,0.0,0.0,0.0,0.0,0.0,0.0,0.0,0.0,0.0,0.0,0.0,0.0,0.0,0.0,0.0,0.0,0.0,0.0,0.0,0.0,0.0,0.0,0.0,0.0,0.0,0.0,0.0,0.0,0.0,0.0,0.0,0.0,0.0,0.0,0.0,0.0,0.0,0.0,0.0,0.0,0.0,0.0,0.0,0.0
parstriangularis-lh,0.0,0.10434782608695652,0.0,0.06956521739130435,0.0,0.043478260869565216,0.0,0.0,0.0,0.06956521739130435,0.0,0.0,0.0,0.06086956521739131,0.0,0.0,0.0,0.034782608695652174,0.0,0.0,0.0,0.013043478260869565,0.0,0.0,0.0,0.0,0.0,0.04782608695652174,0.0,0.0,0.06956521739130435,0.06086956521739131,0.0,0.0,0.008695652173913044,0.05652173913043478,0.08695652173913043,0.0,0.0,0.0,0.09565217391304348,0.0,0.0,0.0,0.0,0.0,0.0,0.0,0.0,0.0,0.0,0.0,0.0,0.0,0.08695652173913043,0.0,0.0,0.0,0.0,0.0,0.0,0.05652173913043478,0.0,0.034782608695652174,0.0,0.0,0.0,0.0
parstriangularis-rh,0.0,0.0,0.0,0.0,0.0,0.0,0.0,0.0,0.0,0.0,0.0,0.0,0.0,0.0,0.0,0.0,0.0,0.0,0.0,0.0,0.0,0.0,0.0,0.0,0.0,0.0,0.0,0.0,0.0,0.0,0.0,0.0,0.0,0.0,0.0,0.0,0.0,0.0,0.0,0.0,0.0,0.0,0.0,0.0,0.0,0.0,0.0,0.0,0.0,0.0,0.0,0.0,0.0,0.0,0.0,0.0,0.0,0.0,0.0,0.0,0.0,0.0,0.0,0.0,0.0,0.0,0.0,0.0
pericalcarine-lh,0.0,0.0,0.0,0.0,0.0,0.0,0.0,0.0,0.0,0.0,0.0,0.0,0.0,0.0,0.0,0.0,0.0,0.0,0.0,0.0,0.0,0.0,0.0,0.0,0.0,0.0,0.0,0.0,0.0,0.0,0.0,0.0,0.0,0.0,0.0,0.0,0.0,0.0,0.0,0.0,0.0,0.0,0.0,0.0,0.0,0.0,0.0,0.0,0.0,0.0,0.0,0.0,0.0,0.0,0.0,0.0,0.0,0.0,0.0,0.0,0.0,0.0,0.0,0.0,0.0,0.0,0.0,0.0
pericalcarine-rh,0.0,0.0,0.0,0.0,0.0,0.0,0.0,0.0,0.0,0.0,0.09090909090909091,0.0,0.11229946524064172,0.0,0.0481283422459893,0.11229946524064172,0.06951871657754011,0.0,0.0,0.0,0.11229946524064172,0.0374331550802139,0.0,0.0,0.0,0.0,0.0,0.0213903743315508,0.0,0.0,0.0,0.0,0.0,0.0,0.0,0.03208556149732621,0.0053475935828877,0.0,0.0,0.0,0.0,0.0,0.0,0.10695187165775401,0.0,0.0,0.0,0.0,0.0,0.0,0.0,0.0427807486631016,0.0,0.0,0.0,0.0,0.0,0.10160427807486631,0.0,0.10695187165775401,0.0,0.0,0.0,0.0,0.0,0.0,0.0,0.0
postcentral-lh,0.0,0.0,0.0,0.0,0.0,0.0,0.0,0.0,0.0,0.0,0.0,0.0,0.0,0.0,0.0,0.0,0.0,0.0,0.0,0.0,0.0,0.0,0.0,0.0,0.0,0.0,0.0,0.0,0.0,0.0,0.0,0.0,0.0,0.0,0.0,0.0,0.0,0.0,0.0,0.0,0.0,0.0,0.0,0.0,0.0,0.0,0.0,0.0,0.0,0.0,0.0,0.0,0.0,0.0,0.0,0.0,0.0,0.0,0.0,0.0,0.0,0.0,0.0,0.0,0.0,0.0,0.0,0.0
postcentral-rh,0.0,0.0594059405940594,0.009900990099009901,0.1188118811881188,0.0,0.06930693069306931,0.0,0.0,0.0,0.0297029702970297,0.019801980198019802,0.0,0.0,0.10891089108910891,0.0,0.0,0.0,0.0,0.0,0.0,0.0,0.13861386138613863,0.0,0.0,0.0,0.0,0.0,0.0,0.0,0.0,0.0,0.0,0.0,0.0,0.0,0.0297029702970297,0.15841584158415842,0.0,0.0,0.0,0.0,0.0,0.0,0.0,0.0,0.1485148514851485,0.0,0.0594059405940594,0.0,0.0,0.0,0.0,0.0,0.0,0.0,0.0,0.0,0.019801980198019802,0.0,0.0,0.0,0.0,0.0,0.0297029702970297,0.0,0.0,0.0,0.0
posteriorcingulate-lh,0.0,0.0,0.0,0.0,0.0,0.0,0.0,0.0,0.0,0.0,0.0,0.0,0.0,0.5454545454545454,0.0,0.0,0.0,0.0,0.0,0.0,0.0,0.0,0.0,0.0,0.0,0.0,0.0,0.0,0.0,0.0,0.0,0.0,0.0,0.0,0.0,0.0,0.0,0.0,0.0,0.0,0.0,0.0,0.0,0.0,0.0,0.0,0.45454545454545453,0.0,0.0,0.0,0.0,0.0,0.0,0.0,0.0,0.0,0.0,0.0,0.0,0.0,0.0,0.0,0.0,0.0,0.0,0.0,0.0,0.0
posteriorcingulate-rh,0.0,0.0,0.1476510067114094,0.12080536912751678,0.0,0.04697986577181208,0.0,0.0,0.0,0.0,0.0738255033557047,0.0,0.0,0.020134228187919462,0.0,0.0,0.0,0.0,0.0,0.0,0.020134228187919462,0.020134228187919462,0.0,0.0,0.0,0.0,0.0,0.0,0.0,0.0,0.0,0.0,0.03355704697986577,0.0,0.0,0.053691275167785234,0.04697986577181208,0.0,0.0,0.0,0.0,0.0,0.0,0.0,0.0,0.026845637583892617,0.0,0.2550335570469799,0.06040268456375839,0.0,0.0,0.0,0.0,0.0,0.0,0.0,0.0,0.0738255033557047,0.0,0.0,0.0,0.0,0.0,0.0,0.0,0.0,0.0,0.0
precentral-lh,0.0,0.0,0.13043478260869565,0.06956521739130435,0.0,0.06956521739130435,0.0,0.0,0.0,0.0,0.0,0.0,0.0,0.0,0.0,0.0,0.0,0.0,0.0,0.0,0.0,0.0,0.0,0.0,0.0,0.0,0.0,0.0,0.0,0.0,0.0,0.0,0.0,0.20869565217391303,0.0,0.0,0.0,0.0,0.0,0.0,0.0,0.0,0.0,0.0,0.0,0.0,0.0,0.06956521739130435,0.34782608695652173,0.0,0.0,0.0,0.0,0.0,0.0,0.0,0.0,0.0,0.0,0.10434782608695652,0.0,0.0,0.0,0.0,0.0,0.0,0.0,0.0
precentral-rh,0.0,0.0,0.0,0.0,0.0,0.0,0.0,0.0,0.0,0.0,0.0,0.0,0.0,0.0,0.0,0.0,0.0,0.0,0.0,0.0,0.0,0.0,0.0,0.0,0.0,0.0,0.0,0.0,0.0,0.0,0.0,0.0,0.0,0.0,0.0,0.0,0.0,0.0,0.0,0.0,0.0,0.0,0.0,0.0,0.0,0.0,0.0,0.0,0.0,0.0,0.0,0.0,0.0,0.0,0.0,0.0,0.0,0.0,0.0,0.0,0.0,0.0,0.0,0.0,0.0,0.0,0.0,0.0
precuneus-lh,0.0,0.0,0.0,0.0,0.0,0.0,0.0,0.0,0.0,0.0,0.0,0.0,0.0,0.0,0.0,0.0,0.0,0.0,0.0,0.0,0.0,0.0,0.0,0.0,0.0,0.0,0.0,0.0,0.0,0.0,0.0,0.0,0.0,0.0,0.0,0.0,0.0,0.0,0.0,0.0,0.0,0.0,0.0,0.0,0.0,0.0,0.0,0.0,0.0,0.0,0.0,0.0,0.0,0.0,0.0,0.0,0.0,0.0,0.0,0.0,0.0,0.0,0.0,0.0,0.0,0.0,0.0,0.0
precuneus-rh,0.0,0.0,0.0,0.0,0.0,0.0,0.0,0.0,0.0,0.0,0.1111111111111111,0.0,0.1111111111111111,0.0,0.05555555555555555,0.1111111111111111,0.06944444444444445,0.0,0.0,0.0,0.1111111111111111,0.0,0.0,0.0,0.0,0.0,0.0,0.0,0.0,0.0,0.0,0.0,0.0,0.0,0.0,0.0,0.0,0.0,0.0,0.0,0.0,0.0,0.0,0.1111111111111111,0.0,0.0,0.0,0.0,0.0,0.0,0.0,0.09722222222222222,0.0,0.0,0.0,0.0,0.0,0.1111111111111111,0.0,0.1111111111111111,0.0,0.0,0.0,0.0,0.0,0.0,0.0,0.0
rostralanteriorcingulate-lh,0.0,0.0,0.0,0.0,0.0,0.0,0.0,0.0,0.0,0.0,0.0,0.0,0.0,0.0,0.0,0.0,0.0,0.0,0.0,0.0,0.0,0.0,0.0,0.0,0.0,0.0,0.0,0.0,0.0,0.0,0.0,0.0,0.0,0.0,0.0,0.0,0.0,0.0,0.0,0.0,0.0,0.0,0.0,0.0,0.0,0.0,0.0,0.0,0.0,0.0,0.0,0.0,0.0,0.0,0.0,0.0,0.0,0.0,0.0,0.0,0.0,0.0,0.0,0.0,0.0,0.0,0.0,0.0
rostralanteriorcingulate-rh,0.0,0.0,0.0,0.0,0.0,0.0,0.0,0.0,0.0,0.0,0.0,0.0,0.0,0.0,0.0,0.0,0.0,0.0,0.0,0.0,0.0,0.0,0.0,0.0,0.0,0.0,0.0,0.0,0.0,0.0,0.0,0.0,0.0,0.0,0.0,0.0,0.0,0.0,0.0,0.0,0.0,0.0,0.0,0.0,0.0,0.0,0.0,0.0,0.0,0.0,0.0,0.0,0.0,1.0,0.0,0.0,0.0,0.0,0.0,0.0,0.0,0.0,0.0,0.0,0.0,0.0,0.0,0.0
rostralmiddlefrontal-lh,0.0,0.07667731629392971,0.0,0.04792332268370607,0.0,0.025559105431309903,0.0,0.0,0.0,0.054313099041533544,0.0,0.0,0.0,0.04792332268370607,0.0,0.0,0.0,0.02875399361022364,0.0,0.0,0.0,0.006389776357827476,0.0,0.0,0.0,0.0,0.0,0.038338658146964855,0.0,0.0,0.15335463258785942,0.054313099041533544,0.0,0.0,0.022364217252396165,0.04472843450479233,0.05750798722044728,0.0,0.0,0.0,0.0670926517571885,0.0,0.0,0.0,0.0,0.0,0.0,0.0,0.0,0.0,0.0,0.0,0.0,0.0,0.21725239616613418,0.0,0.0,0.0,0.0,0.0,0.0,0.04153354632587859,0.0,0.01597444089456869,0.0,0.0,0.0,0.0
rostralmiddlefrontal-rh,0.0,0.0,0.0,0.0,0.0,0.0,0.0,0.0,0.0,0.0,0.0,0.0,0.0,0.0,0.0,0.0,0.0,0.0,0.0,0.0,0.0,0.0,0.0,0.0,0.0,0.0,0.0,0.0,0.0,0.0,0.0,0.0,0.0,0.0,0.0,0.0,0.0,0.0,0.0,0.0,0.0,0.0,0.0,0.0,0.0,0.0,0.0,0.0,0.0,0.0,0.0,0.0,0.0,0.0,0.0,0.0,0.0,0.0,0.0,0.0,0.0,0.0,0.0,0.0,0.0,0.0,0.0,0.0
superiorfrontal-lh,0.0,0.0,0.0,0.0,0.0,0.0,0.0,0.0,0.03508771929824561,0.0,0.0,0.0,0.0,0.017543859649122806,0.0,0.0,0.21052631578947367,0.0,0.0,0.24561403508771928,0.0,0.0,0.0,0.0,0.0,0.0,0.0,0.0,0.0,0.0,0.0,0.017543859649122806,0.0,0.0,0.0,0.0,0.0,0.0,0.0,0.0,0.0,0.0,0.0,0.0,0.0,0.0,0.0,0.0,0.0,0.0,0.0,0.0,0.0,0.0,0.0,0.0,0.47368421052631576,0.0,0.0,0.0,0.0,0.0,0.0,0.0,0.0,0.0,0.0,0.0
superiorfrontal-rh,0.0,0.0,0.012084592145015106,0.0,0.0,0.0,0.0,0.0,0.0,0.0,0.1148036253776435,0.0,0.06646525679758308,0.0,0.02416918429003021,0.0634441087613293,0.045317220543806644,0.0,0.0,0.0,0.11782477341389729,0.027190332326283987,0.0,0.0,0.0,0.0,0.0,0.01812688821752266,0.0,0.0,0.0,0.0,0.07854984894259819,0.0,0.0,0.04229607250755287,0.01812688821752266,0.0,0.0,0.0,0.0,0.0,0.0,0.0634441087613293,0.0,0.0,0.0,0.027190332326283987,0.0,0.0,0.0,0.02416918429003021,0.0,0.0,0.0,0.0,0.0,0.19939577039274925,0.0,0.05740181268882175,0.0,0.0,0.0,0.0,0.0,0.0,0.0,0.0
superiorparietal-lh,0.0,0.0,0.0,0.0,0.0,0.0,0.0,0.0,0.0,0.0,0.0,0.0,0.0,0.0,0.0,0.0,0.0,0.0,0.0,0.0,0.0,0.0,0.0,0.0,0.0,0.0,0.0,0.0,0.0,0.0,0.0,0.0,0.0,0.0,0.0,0.0,0.0,0.0,0.0,0.0,0.0,0.0,0.0,0.0,0.0,0.0,0.0,0.0,0.0,0.0,0.0,0.0,0.0,0.0,0.0,0.0,0.0,0.0,0.0,0.0,0.0,0.0,0.0,0.0,0.0,0.0,0.0,0.0
superiorparietal-rh,0.0,0.0,0.0,0.0,0.0,0.0,0.0,0.0,0.0,0.0,0.06818181818181818,0.0,0.08636363636363636,0.0,0.045454545454545456,0.09090909090909091,0.08636363636363636,0.0,0.0,0.0,0.09090909090909091,0.022727272727272728,0.0,0.0,0.0,0.0,0.0,0.00909090909090909,0.0,0.0,0.0,0.00909090909090909,0.0,0.05909090909090909,0.0,0.01818181818181818,0.0,0.0,0.0,0.0,0.0,0.0,0.0,0.08181818181818182,0.0,0.0,0.0,0.0,0.045454545454545456,0.0,0.0,0.03636363636363636,0.0,0.0,0.0,0.0,0.0,0.07727272727272727,0.0,0.17272727272727273,0.0,0.0,0.0,0.0,0.0,0.0,0.0,0.0
superiortemporal-lh,0.0,0.0,0.0,0.0,0.0,0.0,0.0,0.0,0.0,0.0,0.0,0.0,0.0,0.0,0.0,0.0,0.0,0.0,0.0,0.0,0.0,0.0,0.0,0.0,0.0,0.0,0.0,0.0,0.0,0.0,0.5,0.0,0.0,0.0,0.0,0.0,0.0,0.0,0.0,0.0,0.0,0.0,0.0,0.0,0.0,0.0,0.0,0.0,0.0,0.0,0.0,0.0,0.0,0.0,0.0,0.0,0.0,0.0,0.0,0.0,0.5,0.0,0.0,0.0,0.0,0.0,0.0,0.0
superiortemporal-rh,0.0,0.10144927536231885,0.0,0.043478260869565216,0.0,0.0,0.0,0.0,0.0,0.043478260869565216,0.0,0.0,0.0,0.10144927536231885,0.0,0.0,0.0,0.057971014492753624,0.0,0.0,0.0,0.007246376811594203,0.0,0.0,0.0,0.0,0.0,0.07971014492753623,0.0,0.0,0.043478260869565216,0.036231884057971016,0.0,0.0,0.0,0.09420289855072464,0.10144927536231885,0.0,0.0,0.0,0.09420289855072464,0.0,0.0,0.0,0.0,0.0,0.0,0.0,0.0,0.0,0.0,0.0,0.0,0.0,0.10144927536231885,0.0,0.0,0.0,0.0,0.0,0.0,0.09420289855072464,0.0,0.0,0.0,0.0,0.0,0.0
supramarginal-lh,0.0,0.0,0.0,0.0,0.0,0.0,0.0,0.0,0.0,0.0,0.0,0.0,0.0,0.0,0.0,0.0,0.0,0.0,0.0,0.0,0.0,0.0,0.0,0.0,0.0,0.0,0.0,0.0,0.0,0.0,0.0,0.0,0.0,0.0,0.0,0.0,0.0,0.0,0.0,0.0,0.0,0.0,0.0,0.0,0.0,0.0,0.0,0.0,0.0,0.0,0.0,0.0,0.0,0.0,0.0,0.0,0.0,0.0,0.0,0.0,0.0,0.0,0.0,0.0,0.0,0.0,0.0,0.0
supramarginal-rh,0.0,0.0915032679738562,0.0196078431372549,0.16339869281045752,0.0,0.16339869281045752,0.0,0.0,0.0,0.08496732026143791,0.0,0.0,0.0,0.006535947712418301,0.0,0.0,0.0,0.0,0.0,0.0,0.0,0.058823529411764705,0.0,0.0,0.0,0.0,0.0,0.0,0.0,0.0,0.0457516339869281,0.0392156862745098,0.0,0.0,0.0,0.0,0.08496732026143791,0.0,0.0,0.0,0.0392156862745098,0.0,0.0,0.0,0.0,0.032679738562091505,0.0,0.0,0.0,0.0,0.0,0.0,0.0,0.0,0.0196078431372549,0.0,0.0,0.0,0.0,0.0,0.0,0.0,0.0,0.1503267973856209,0.0,0.0,0.0,0.0
temporalpole-lh,0.0,0.0,0.0,0.0,0.0,0.0,0.0,0.0,0.5555555555555556,0.0,0.0,0.0,0.0,0.0,0.0,0.0,0.0,0.0,0.0,0.0,0.0,0.0,0.0,0.0,0.0,0.0,0.0,0.0,0.0,0.0,0.0,0.0,0.0,0.0,0.0,0.0,0.0,0.0,0.0,0.0,0.0,0.0,0.0,0.0,0.0,0.0,0.0,0.0,0.0,0.0,0.0,0.0,0.0,0.0,0.0,0.0,0.0,0.0,0.0,0.0,0.0,0.0,0.0,0.0,0.4444444444444444,0.0,0.0,0.0
temporalpole-rh,0.0,0.0,0.0,0.0,0.0,0.0,0.0,0.0,0.0,0.0,0.0,0.0,0.0,0.0,0.0,0.0,0.0,0.0,0.0,0.0,0.0,0.0,0.0,0.0,0.0,0.0,0.0,0.0,0.0,0.0,0.0,0.0,0.0,0.0,0.0,0.0,0.0,0.0,0.0,0.0,0.0,0.0,0.0,0.0,0.0,0.0,0.0,0.0,0.0,0.0,0.0,0.0,0.0,0.0,0.0,0.0,0.0,0.0,0.0,0.0,0.0,0.0,0.0,0.0,0.0,0.0,0.0,0.0
transversetemporal-lh,0.0,0.0,0.0,0.0,0.0,0.0,0.0,0.0,0.0,0.0,0.0,0.0,0.0,0.0,0.0,0.0,0.0,0.0,0.0,0.0,0.0,0.0,0.0,0.0,0.0,0.0,0.0,0.0,0.0,0.0,0.0,0.0,0.0,0.0,0.0,0.0,0.0,0.0,0.0,0.0,0.0,0.0,0.0,0.0,0.0,0.0,0.0,0.0,0.0,0.0,0.0,0.0,0.0,0.0,0.0,0.0,0.0,0.0,0.0,0.0,0.0,0.0,0.0,0.0,0.0,0.0,0.0,0.0
transversetemporal-rh,0.0,0.0,0.0,0.0,0.0,0.0,0.0,0.0,0.0,0.0,0.0,0.0,0.0,0.0,0.0,0.0,0.0,0.0,0.0,0.0,0.0,0.0,0.0,0.0,0.0,0.0,0.0,0.0,0.0,0.0,0.0,0.0,0.0,0.0,0.0,0.0,0.0,0.0,0.0,0.0,0.0,0.0,0.0,0.0,0.0,0.0,0.0,0.0,0.0,0.0,0.0,0.0,0.0,0.0,0.0,0.0,0.0,0.0,0.0,0.0,0.0,0.0,0.0,0.0,0.0,0.0,0.0,0.0
