,Fz,F3,F7,FT9,FC5,FC1,C3,T7,TP9,CP5,CP1,Pz,P3,P7,O1,Oz,O2,P4,P8,TP10,CP6,CP2,Cz,C4,T8,FT10,FC6,FC2,F4,F8,Fp2,AF7,AF3,AFz,F1,F5,FT7,FC3,C1,C5,TP7,CP3,P1,P5,PO7,PO3,POz,PO4,PO8,P6,P2,CPz,CP4,TP8,C6,C2,FC4,FT8,F6,AF8,AF4,F2,FCz
Fz,0.04079031230082855,0.021032504780114723,0.029318036966220522,0.03505417463352454,0.01338432122370937,0.03505417463352454,0.04079031230082855,0.036328871892925434,0.015933715742511154,0.019757807520713832,0.0,0.010197578075207138,0.036328871892925434,0.0006373486297004461,0.03505417463352454,0.0,0.036328871892925434,0.020395156150414276,0.0012746972594008922,0.040152963671128104,0.04206500956022945,0.022944550669216062,0.0,0.0,0.0,0.0012746972594008922,0.041427660930529,0.0,0.017845761631612493,0.015296367112810707,0.0,0.011472275334608031,0.0,0.0,0.04206500956022945,0.0,0.0,0.0,0.021669853409815167,0.0,0.0,0.0,0.0,0.030592734225621414,0.0,0.0,0.015296367112810707,0.0,0.0,0.0,0.040152963671128104,0.017845761631612493,0.0,0.032504780114722756,0.03824091778202677,0.040152963671128104,0.0,0.029318036966220522,0.019757807520713832,0.0006373486297004461,0.03123008285532186,0.020395156150414276,0.0
F3,0.032504780114722756,0.03154875717017208,0.032504780114722756,0.03154875717017208,0.0124282982791587,0.032504780114722756,0.032504780114722756,0.032504780114722756,0.016252390057361378,0.029636711281070746,0.0,0.015296367112810707,0.032504780114722756,0.0,0.032504780114722756,0.0,0.032504780114722756,0.02676864244741874,0.0,0.032504780114722756,0.032504780114722756,0.032504780114722756,0.0,0.0,0.0,0.0,0.032504780114722756,0.0,0.019120458891013385,0.019120458891013385,0.0,0.017208413001912046,0.0,0.0,0.032504780114722756,0.0,0.0,0.0,0.032504780114722756,0.0,0.0,0.0,0.0,0.02676864244741874,0.0,0.0,0.021032504780114723,0.0,0.0,0.0,0.030592734225621414,0.02676864244741874,0.0,0.032504780114722756,0.032504780114722756,0.032504780114722756,0.0,0.032504780114722756,0.029636711281070746,0.0,0.03154875717017208,0.029636711281070746,0.0
F7,0.03415300546448088,0.023224043715846996,0.036885245901639344,0.028688524590163935,0.010245901639344262,0.03825136612021858,0.03825136612021858,0.03756830601092896,0.012978142076502733,0.02459016393442623,0.0,0.01092896174863388,0.03825136612021858,0.0,0.036202185792349725,0.0,0.03825136612021858,0.0273224043715847,0.0,0.03825136612021858,0.03483606557377049,0.02459016393442623,0.0,0.0,0.0,0.0,0.03415300546448088,0.0,0.015027322404371584,0.015027322404371584,0.0,0.012295081967213115,0.0,0.0,0.036885245901639344,0.0,0.0,0.0,0.02663934426229508,0.0,0.0,0.0,0.00273224043715847,0.02185792349726776,0.0,0.0,0.01639344262295082,0.0,0.0,0.0,0.030737704918032786,0.02185792349726776,0.0,0.036885245901639344,0.03825136612021858,0.03825136612021858,0.0,0.036885245901639344,0.02459016393442623,0.0,0.036202185792349725,0.02185792349726776,0.0
FT9,0.0391304347826087,0.02246376811594203,0.02753623188405797,0.03840579710144928,0.015217391304347827,0.034057971014492754,0.03840579710144928,0.034782608695652174,0.018115942028985508,0.021014492753623187,0.0,0.011594202898550725,0.035507246376811595,0.0007246376811594203,0.034057971014492754,0.0,0.035507246376811595,0.01884057971014493,0.0014492753623188406,0.03768115942028986,0.03985507246376811,0.02463768115942029,0.0,0.0,0.0,0.0014492753623188406,0.0391304347826087,0.0,0.020289855072463767,0.017391304347826087,0.0,0.013043478260869565,0.0,0.0,0.03985507246376811,0.0,0.0,0.0,0.02318840579710145,0.0,0.0,0.0,0.0,0.034057971014492754,0.0,0.0,0.017391304347826087,0.0,0.0,0.0,0.03985507246376811,0.01884057971014493,0.0,0.031159420289855074,0.035507246376811595,0.03768115942028986,0.0,0.02753623188405797,0.021014492753623187,0.0007246376811594203,0.029710144927536233,0.02318840579710145,0.0
FC5,0.036053130929791274,0.020872865275142316,0.024667931688804556,0.036053130929791274,0.03984819734345351,0.028462998102466792,0.03415559772296015,0.024667931688804556,0.04174573055028463,0.017077798861480076,0.0018975332068311196,0.003795066413662239,0.028462998102466792,0.0056925996204933585,0.030360531309297913,0.0,0.028462998102466792,0.011385199240986717,0.007590132827324478,0.03225806451612903,0.03984819734345351,0.026565464895635674,0.0,0.003795066413662239,0.003795066413662239,0.007590132827324478,0.036053130929791274,0.0,0.04174573055028463,0.030360531309297913,0.0,0.0,0.0,0.0,0.03795066413662239,0.0,0.0,0.0,0.022770398481973434,0.0018975332068311196,0.0,0.0,0.0,0.04174573055028463,0.0,0.0,0.026565464895635674,0.0,0.0,0.0,0.04174573055028463,0.011385199240986717,0.0,0.022770398481973434,0.026565464895635674,0.03225806451612903,0.0,0.022770398481973434,0.017077798861480076,0.0056925996204933585,0.020872865275142316,0.024667931688804556,0.0
FC1,0.036019536019536016,0.020757020757020756,0.03296703296703297,0.031135531135531136,0.010378510378510378,0.03968253968253968,0.040903540903540904,0.03907203907203907,0.01282051282051282,0.021367521367521368,0.0,0.009768009768009768,0.040293040293040296,0.0,0.03663003663003663,0.0,0.040293040293040296,0.02564102564102564,0.0,0.040903540903540904,0.03663003663003663,0.02197802197802198,0.0,0.0,0.0,0.0,0.036019536019536016,0.0,0.014652014652014652,0.014652014652014652,0.0,0.01098901098901099,0.0,0.0,0.040293040293040296,0.0,0.0,0.0,0.0231990231990232,0.0,0.0,0.0,0.0018315018315018315,0.025030525030525032,0.0,0.0,0.014652014652014652,0.0,0.0,0.0,0.03296703296703297,0.019536019536019536,0.0,0.03724053724053724,0.03968253968253968,0.040903540903540904,0.0,0.03418803418803419,0.021367521367521368,0.0,0.036019536019536016,0.019536019536019536,0.0
C3,0.033776867963152504,0.017400204708290685,0.027635619242579325,0.028147389969293755,0.01023541453428864,0.033776867963152504,0.054759467758444216,0.04605936540429888,0.012282497441146366,0.01791197543500512,0.0,0.008188331627430911,0.035312180143295804,0.0,0.030706243602865915,0.0,0.035312180143295804,0.02302968270214944,0.0005117707267144319,0.05424769703172978,0.038894575230296824,0.01842374616171955,0.0,0.0,0.0,0.0005117707267144319,0.03480040941658137,0.0,0.013817809621289662,0.012282497441146366,0.0,0.009211873080859774,0.0,0.0,0.05015353121801433,0.0,0.0,0.0,0.019447287615148412,0.0,0.0,0.0,0.0015353121801432957,0.024053224155578302,0.0,0.0,0.012282497441146366,0.0,0.0,0.0,0.03428863868986694,0.016376663254861822,0.0,0.035312180143295804,0.05066530194472876,0.05527123848515865,0.0,0.030194472876151485,0.01791197543500512,0.0,0.038894575230296824,0.016376663254861822,0.0
T7,0.03192046049188906,0.017791732077446363,0.029304029304029304,0.026164311878597593,0.007849293563579277,0.03453689167974882,0.05023547880690738,0.05337519623233909,0.009942438513867086,0.01936159079016222,0.0,0.00837257980115123,0.03663003663003663,0.0,0.030350601779173206,0.0,0.03663003663003663,0.0282574568288854,0.0,0.05180533751962323,0.032443746729461015,0.018838304552590265,0.0,0.0,0.0,0.0,0.03192046049188906,0.0,0.011512297226582941,0.011512297226582941,0.0,0.009419152276295133,0.0,0.0,0.04395604395604396,0.0,0.0,0.0,0.02040816326530612,0.0,0.0,0.0,0.003663003663003663,0.02197802197802198,0.0,0.0,0.012558869701726845,0.0,0.0,0.0,0.029304029304029304,0.01674515960230246,0.0,0.04081632653061224,0.054945054945054944,0.05389848246991104,0.0,0.03192046049188906,0.01936159079016222,0.0,0.04552590266875981,0.01674515960230246,0.0
TP9,0.029487179487179487,0.019230769230769232,0.021794871794871794,0.029487179487179487,0.028205128205128206,0.02435897435897436,0.028205128205128206,0.021794871794871794,0.04230769230769231,0.016666666666666666,0.011538461538461539,0.007692307692307693,0.02435897435897436,0.014102564102564103,0.02564102564102564,0.0,0.02435897435897436,0.01282051282051282,0.015384615384615385,0.026923076923076925,0.03205128205128205,0.023076923076923078,0.010256410256410256,0.01282051282051282,0.01282051282051282,0.015384615384615385,0.029487179487179487,0.0,0.03461538461538462,0.02564102564102564,0.005128205128205128,0.002564102564102564,0.00641025641025641,0.005128205128205128,0.03076923076923077,0.0,0.002564102564102564,0.0,0.020512820512820513,0.011538461538461539,0.002564102564102564,0.008974358974358974,0.0,0.03333333333333333,0.0,0.008974358974358974,0.023076923076923078,0.0,0.0,0.0,0.03333333333333333,0.01282051282051282,0.008974358974358974,0.020512820512820513,0.023076923076923078,0.026923076923076925,0.0,0.020512820512820513,0.016666666666666666,0.014102564102564103,0.019230769230769232,0.021794871794871794,0.0
CP5,0.02997275204359673,0.02997275204359673,0.03451407811080836,0.02815622161671208,0.009990917347865577,0.03360581289736603,0.03360581289736603,0.03451407811080836,0.013623978201634877,0.03360581289736603,0.0,0.014532243415077202,0.03451407811080836,0.0,0.03178928247048138,0.0,0.03451407811080836,0.030881017257039057,0.0,0.03451407811080836,0.029064486830154404,0.029064486830154404,0.0,0.0,0.0,0.0,0.02997275204359673,0.0,0.01634877384196185,0.01634877384196185,0.0,0.01634877384196185,0.0,0.0,0.03178928247048138,0.0,0.0,0.0,0.03360581289736603,0.0,0.0,0.0,0.004541326067211626,0.023614895549500452,0.0,0.0,0.018165304268846504,0.0,0.0,0.0,0.027247956403269755,0.029064486830154404,0.0,0.03451407811080836,0.03451407811080836,0.03451407811080836,0.0,0.03451407811080836,0.03360581289736603,0.0,0.03451407811080836,0.02633969118982743,0.0
CP1,0.0,0.0,0.0,0.0,0.0,0.0,0.0,0.0,0.010263929618768328,0.0,0.051319648093841645,0.0,0.0,0.045454545454545456,0.0,0.0,0.0,0.0,0.039589442815249266,0.0,0.0,0.0,0.05278592375366569,0.05278592375366569,0.05278592375366569,0.03812316715542522,0.0,0.0,0.001466275659824047,0.0,0.0469208211143695,0.0,0.04838709677419355,0.0469208211143695,0.0,0.03225806451612903,0.04398826979472141,0.0,0.0,0.05278592375366569,0.04398826979472141,0.051319648093841645,0.02785923753665689,0.0,0.026392961876832845,0.051319648093841645,0.0,0.039589442815249266,0.0,0.0,0.0,0.0,0.051319648093841645,0.0,0.0,0.0,0.039589442815249266,0.0,0.0,0.05278592375366569,0.0,0.0,0.0
Pz,0.030710172744721688,0.030710172744721688,0.030710172744721688,0.030710172744721688,0.007677543186180422,0.030710172744721688,0.030710172744721688,0.030710172744721688,0.015355086372360844,0.030710172744721688,0.0,0.028790786948176585,0.030710172744721688,0.0,0.030710172744721688,0.0,0.030710172744721688,0.030710172744721688,0.0,0.030710172744721688,0.030710172744721688,0.030710172744721688,0.0,0.0,0.0,0.0,0.030710172744721688,0.0,0.02111324376199616,0.02111324376199616,0.0,0.02111324376199616,0.0,0.0,0.030710172744721688,0.0,0.0,0.0,0.030710172744721688,0.0,0.0,0.0,0.0,0.030710172744721688,0.0,0.0,0.02495201535508637,0.0,0.0,0.0,0.030710172744721688,0.030710172744721688,0.0,0.030710172744721688,0.030710172744721688,0.030710172744721688,0.0,0.030710172744721688,0.030710172744721688,0.0,0.030710172744721688,0.030710172744721688,0.0
P3,0.03603071470761961,0.02008269344359126,0.032486709982279975,0.03071470761961016,0.01004134672179563,0.039574719432959246,0.04193738924985233,0.04016538688718252,0.012404016538688719,0.021264028352037802,0.0,0.009450679267572357,0.040756054341405785,0.0,0.03544004725339634,0.0,0.040756054341405785,0.02598936798582398,0.0,0.04193738924985233,0.03662138216184288,0.021264028352037802,0.0,0.0,0.0,0.0,0.03603071470761961,0.0,0.014176018901358535,0.014176018901358535,0.0,0.010632014176018901,0.0,0.0,0.040756054341405785,0.0,0.0,0.0,0.02303603071470762,0.0,0.0,0.0,0.002362669816893089,0.025398700531600708,0.0,0.0,0.014176018901358535,0.0,0.0,0.0,0.03307737743650325,0.018901358535144713,0.0,0.03721204961606615,0.040756054341405785,0.04193738924985233,0.0,0.034258712344949795,0.021264028352037802,0.0,0.03603071470761961,0.018901358535144713,0.0
P7,0.0,0.0,0.0,0.0,0.001584786053882726,0.0,0.0,0.0,0.014263074484944533,0.0,0.05229793977812995,0.0,0.0,0.05229793977812995,0.0,0.0,0.0,0.0,0.04595879556259905,0.0,0.001584786053882726,0.0,0.05071315372424723,0.05388272583201268,0.05388272583201268,0.044374009508716325,0.0,0.0,0.004754358161648178,0.0,0.044374009508716325,0.0,0.04595879556259905,0.044374009508716325,0.0,0.028526148969889066,0.04120443740095087,0.0,0.0,0.05229793977812995,0.04120443740095087,0.0491283676703645,0.02377179080824089,0.003169572107765452,0.022187004754358162,0.0491283676703645,0.0,0.03645007923930269,0.0,0.0,0.003169572107765452,0.0,0.0491283676703645,0.0,0.0,0.0,0.03645007923930269,0.0,0.0,0.05388272583201268,0.0,0.0,0.0
O1,0.03861256544502618,0.02225130890052356,0.03206806282722513,0.03337696335078534,0.011780104712041885,0.03795811518324607,0.03926701570680628,0.03664921465968586,0.014397905759162303,0.021596858638743454,0.0,0.010471204188481676,0.03795811518324607,0.0,0.03795811518324607,0.0,0.03795811518324607,0.022905759162303665,0.0,0.03926701570680628,0.03795811518324607,0.02356020942408377,0.0,0.0,0.0,0.0,0.03861256544502618,0.0,0.016361256544502618,0.015706806282722512,0.0,0.011780104712041885,0.0,0.0,0.03926701570680628,0.0,0.0,0.0,0.02356020942408377,0.0,0.0,0.0,0.0006544502617801048,0.026832460732984294,0.0,0.0,0.015706806282722512,0.0,0.0,0.0,0.03534031413612566,0.01963350785340314,0.0,0.03534031413612566,0.037303664921465966,0.03926701570680628,0.0,0.03206806282722513,0.021596858638743454,0.0,0.034031413612565446,0.020942408376963352,0.0
Oz,0.0,0.0,0.0,0.0,0.0,0.0,0.0,0.0,0.0,0.0,0.0,0.0,0.0,0.0,0.0,0.0,0.0,0.0,0.0,0.0,0.0,0.0,0.0,0.0,0.0,0.0,0.0,0.0,0.0,0.0,0.0,0.0,0.0,0.0,0.0,0.0,0.0,0.0,0.0,0.0,0.0,0.0,0.0,0.0,0.0,0.0,0.0,0.0,0.0,0.0,0.0,0.0,0.0,0.0,0.0,0.0,0.0,0.0,0.0,0.0,0.0,0.0,0.0
O2,0.03603071470761961,0.02008269344359126,0.032486709982279975,0.03071470761961016,0.01004134672179563,0.039574719432959246,0.04193738924985233,0.04016538688718252,0.012404016538688719,0.021264028352037802,0.0,0.009450679267572357,0.040756054341405785,0.0,0.03544004725339634,0.0,0.040756054341405785,0.02598936798582398,0.0,0.04193738924985233,0.03662138216184288,0.021264028352037802,0.0,0.0,0.0,0.0,0.03603071470761961,0.0,0.014176018901358535,0.014176018901358535,0.0,0.010632014176018901,0.0,0.0,0.040756054341405785,0.0,0.0,0.0,0.02303603071470762,0.0,0.0,0.0,0.002362669816893089,0.025398700531600708,0.0,0.0,0.014176018901358535,0.0,0.0,0.0,0.03307737743650325,0.018901358535144713,0.0,0.03721204961606615,0.040756054341405785,0.04193738924985233,0.0,0.034258712344949795,0.021264028352037802,0.0,0.03603071470761961,0.018901358535144713,0.0
P4,0.028191072826938137,0.023492560689115115,0.03445575567736883,0.02192638997650744,0.006264682850430697,0.036021926389976505,0.03837118245888802,0.04463586530931871,0.009397024275646046,0.0274079874706343,0.0,0.012529365700861394,0.037588097102584185,0.0,0.030540328895849646,0.0,0.037588097102584185,0.04306969459671104,0.0,0.04072043852779953,0.028974158183241974,0.022709475332811275,0.0,0.0,0.0,0.0,0.028191072826938137,0.0,0.011746280344557557,0.011746280344557557,0.0,0.014095536413469069,0.0,0.0,0.03445575567736883,0.0,0.0,0.0,0.02662490211433046,0.0,0.0,0.0,0.006264682850430697,0.018010963194988253,0.0,0.0,0.01331245105716523,0.0,0.0,0.0,0.02427564604541895,0.025058731401722788,0.0,0.04463586530931871,0.04463586530931871,0.042286609240407204,0.0,0.03837118245888802,0.0274079874706343,0.0,0.04463586530931871,0.020360219263899765,0.0
P8,0.0,0.0,0.0,0.0,0.003552397868561279,0.0,0.0,0.0,0.017761989342806393,0.0,0.05150976909413854,0.0,0.0,0.055062166962699825,0.0,0.0,0.0,0.0,0.05328596802841918,0.0,0.003552397868561279,0.0,0.0497335701598579,0.05328596802841918,0.05328596802841918,0.05150976909413854,0.0,0.0,0.007104795737122558,0.0,0.04262877442273535,0.0,0.04440497335701599,0.04262877442273535,0.0017761989342806395,0.02486678507992895,0.03907637655417407,0.0,0.0,0.05150976909413854,0.03907637655417407,0.047957371225577264,0.019538188277087035,0.0053285968028419185,0.017761989342806393,0.047957371225577264,0.0,0.03374777975133215,0.0,0.0,0.0053285968028419185,0.0,0.047957371225577264,0.0,0.0,0.0,0.03374777975133215,0.0,0.0,0.055062166962699825,0.0,0.0,0.0
TP10,0.03292806484295846,0.017223910840932118,0.027862208713272545,0.02735562310030395,0.009625126646403243,0.033941236068895646,0.05521783181357649,0.04711246200607903,0.01165146909827761,0.0182370820668693,0.0,0.008105369807497468,0.03546099290780142,0.0,0.030395136778115502,0.0,0.03546099290780142,0.0243161094224924,0.0,0.05521783181357649,0.037993920972644375,0.0182370820668693,0.0,0.0,0.0,0.0,0.033941236068895646,0.0,0.013171225937183385,0.0121580547112462,0.0,0.00911854103343465,0.0,0.0,0.04913880445795339,0.0,0.0,0.0,0.019756838905775075,0.0,0.0,0.0,0.002026342451874367,0.02330293819655522,0.0,0.0,0.0121580547112462,0.0,0.0,0.0,0.03343465045592705,0.016210739614994935,0.0,0.0364741641337386,0.05167173252279635,0.05623100303951368,0.0,0.030395136778115502,0.0182370820668693,0.0,0.04002026342451875,0.016210739614994935,0.0
CP6,0.03878787878787879,0.019393939393939394,0.028484848484848484,0.03333333333333333,0.013333333333333334,0.03393939393939394,0.04363636363636364,0.03515151515151515,0.016363636363636365,0.01818181818181818,0.0006060606060606061,0.009696969696969697,0.03515151515151515,0.0018181818181818182,0.03393939393939394,0.0,0.03515151515151515,0.02,0.0024242424242424242,0.04303030303030303,0.04606060606060606,0.021212121212121213,0.0,0.0012121212121212121,0.0012121212121212121,0.0024242424242424242,0.04,0.0,0.01818181818181818,0.014545454545454545,0.0,0.01090909090909091,0.0,0.0,0.045454545454545456,0.0,0.0,0.0,0.02,0.0006060606060606061,0.0,0.0,0.0,0.030303030303030304,0.0,0.0,0.014545454545454545,0.0,0.0,0.0,0.04242424242424243,0.016363636363636365,0.0,0.03151515151515152,0.038181818181818185,0.04424242424242424,0.0,0.028484848484848484,0.01818181818181818,0.0018181818181818182,0.030303030303030304,0.019393939393939394,0.0
CP2,0.03317972350230415,0.029493087557603687,0.03133640552995392,0.03317972350230415,0.014746543778801843,0.03317972350230415,0.03317972350230415,0.03133640552995392,0.018433179723502304,0.027649769585253458,0.0,0.014746543778801843,0.03317972350230415,0.0,0.03317972350230415,0.0,0.03317972350230415,0.02488479262672811,0.0,0.03317972350230415,0.03317972350230415,0.03225806451612903,0.0,0.0,0.0,0.0,0.03317972350230415,0.0,0.02119815668202765,0.02119815668202765,0.0,0.016589861751152075,0.0,0.0,0.03317972350230415,0.0,0.0,0.0,0.030414746543778803,0.0,0.0,0.0,0.0,0.02857142857142857,0.0,0.0,0.022119815668202765,0.0,0.0,0.0,0.03225806451612903,0.02488479262672811,0.0,0.030414746543778803,0.03225806451612903,0.03317972350230415,0.0,0.030414746543778803,0.027649769585253458,0.0,0.029493087557603687,0.029493087557603687,0.0
Cz,0.0,0.0,0.0,0.0,0.0,0.0,0.0,0.0,0.007643312101910828,0.0,0.04331210191082802,0.0,0.0,0.03821656050955414,0.0,0.0,0.0,0.0,0.033121019108280254,0.0,0.0,0.0,0.0535031847133758,0.045859872611464965,0.05477707006369427,0.03184713375796178,0.0,0.0,0.0,0.0,0.04713375796178344,0.0,0.05222929936305733,0.050955414012738856,0.0,0.03821656050955414,0.048407643312101914,0.0,0.0,0.05477707006369427,0.048407643312101914,0.05222929936305733,0.034394904458598725,0.0,0.025477707006369428,0.0535031847133758,0.0,0.03949044585987261,0.0,0.0,0.0,0.0,0.05222929936305733,0.0,0.0,0.0,0.044585987261146494,0.0,0.0,0.049681528662420385,0.0,0.0,0.0
C4,0.0,0.0,0.0,0.0,0.0,0.0,0.0,0.0,0.010973936899862825,0.0,0.04938271604938271,0.0,0.0,0.0438957475994513,0.0,0.0,0.0,0.0,0.038408779149519894,0.0,0.0,0.0,0.05212620027434842,0.05212620027434842,0.053497942386831275,0.037037037037037035,0.0,0.0,0.0027434842249657062,0.0,0.04663923182441701,0.0,0.04801097393689986,0.04663923182441701,0.0,0.03292181069958848,0.0438957475994513,0.0,0.0,0.053497942386831275,0.0438957475994513,0.05075445816186557,0.02880658436213992,0.0013717421124828531,0.027434842249657063,0.05075445816186557,0.0,0.039780521262002745,0.0,0.0,0.0013717421124828531,0.0,0.05075445816186557,0.0,0.0,0.0,0.039780521262002745,0.0,0.0,0.053497942386831275,0.0,0.0,0.0
T8,0.0,0.0,0.0,0.0,0.0,0.0,0.0,0.0,0.008146639511201629,0.0,0.03665987780040733,0.0,0.0,0.032586558044806514,0.0,0.0,0.0,0.0,0.028513238289205704,0.0,0.0,0.0,0.04378818737270876,0.038696537678207736,0.12830957230142567,0.0274949083503055,0.0,0.0,0.002036659877800407,0.0,0.03767820773930754,0.0,0.07026476578411406,0.051934826883910386,0.0,0.031568228105906315,0.04175152749490835,0.0,0.0,0.07230142566191446,0.04684317718940937,0.04175152749490835,0.03054989816700611,0.0010183299389002036,0.020366598778004074,0.04276985743380855,0.0,0.031568228105906315,0.0,0.0,0.0010183299389002036,0.0,0.04175152749490835,0.0,0.0,0.0,0.035641547861507125,0.0,0.0,0.054989816700611,0.0,0.0,0.0
FT10,0.0,0.0,0.0,0.0,0.003683241252302026,0.0,0.0,0.0,0.01841620626151013,0.0,0.05156537753222836,0.0,0.0,0.055248618784530384,0.0,0.0,0.0,0.0,0.055248618784530384,0.0,0.003683241252302026,0.0,0.049723756906077346,0.053406998158379376,0.053406998158379376,0.053406998158379376,0.0,0.0,0.007366482504604052,0.0,0.0423572744014733,0.0,0.04419889502762431,0.0423572744014733,0.001841620626151013,0.02394106813996317,0.03867403314917127,0.0,0.0,0.05156537753222836,0.03867403314917127,0.04788213627992634,0.01841620626151013,0.0055248618784530384,0.016574585635359115,0.04788213627992634,0.0,0.03314917127071823,0.0,0.0,0.0055248618784530384,0.0,0.04788213627992634,0.0,0.0,0.0,0.03314917127071823,0.0,0.0,0.055248618784530384,0.0,0.0,0.0
FC6,0.04040404040404041,0.020833333333333332,0.02904040404040404,0.034722222222222224,0.013257575757575758,0.034722222222222224,0.041666666666666664,0.03598484848484849,0.015782828282828284,0.019570707070707072,0.0,0.010101010101010102,0.03598484848484849,0.0006313131313131314,0.034722222222222224,0.0,0.03598484848484849,0.020202020202020204,0.0012626262626262627,0.041035353535353536,0.04292929292929293,0.022727272727272728,0.0,0.0,0.0,0.0012626262626262627,0.041666666666666664,0.0,0.017676767676767676,0.015151515151515152,0.0,0.011363636363636364,0.0,0.0,0.04292929292929293,0.0,0.0,0.0,0.021464646464646464,0.0,0.0,0.0,0.0,0.030303030303030304,0.0,0.0,0.015151515151515152,0.0,0.0,0.0,0.041035353535353536,0.017676767676767676,0.0,0.032196969696969696,0.039141414141414144,0.041035353535353536,0.0,0.02904040404040404,0.019570707070707072,0.0006313131313131314,0.030934343434343436,0.020202020202020204,0.0
FC2,0.0,0.0,0.0,0.0,0.0,0.0,0.0,0.0,0.0,0.0,0.0,0.0,0.0,0.0,0.0,0.0,0.0,0.0,0.0,0.0,0.0,0.0,0.0,0.0,0.0,0.0,0.0,0.0,0.0,0.0,0.0,0.0,0.0,0.0,0.0,0.0,0.0,0.0,0.0,0.0,0.0,0.0,0.0,0.0,0.0,0.0,0.0,0.0,0.0,0.0,0.0,0.0,0.0,0.0,0.0,0.0,0.0,0.0,0.0,0.0,0.0,0.0,0.0
F4,0.03307888040712468,0.022900763358778626,0.02544529262086514,0.03307888040712468,0.027989821882951654,0.027989821882951654,0.031806615776081425,0.02544529262086514,0.03689567430025445,0.020356234096692113,0.003816793893129771,0.011450381679389313,0.027989821882951654,0.006361323155216285,0.029262086513994912,0.0,0.027989821882951654,0.01653944020356234,0.007633587786259542,0.030534351145038167,0.035623409669211195,0.026717557251908396,0.002544529262086514,0.005089058524173028,0.005089058524173028,0.007633587786259542,0.03307888040712468,0.0,0.03816793893129771,0.029262086513994912,0.0,0.006361323155216285,0.0,0.0,0.03435114503816794,0.0,0.0,0.0,0.024173027989821884,0.003816793893129771,0.0,0.001272264631043257,0.0,0.03689567430025445,0.0,0.001272264631043257,0.026717557251908396,0.0,0.0,0.0,0.03689567430025445,0.01653944020356234,0.001272264631043257,0.024173027989821884,0.026717557251908396,0.030534351145038167,0.0,0.024173027989821884,0.020356234096692113,0.006361323155216285,0.022900763358778626,0.02544529262086514,0.0
F8,0.03409090909090909,0.02556818181818182,0.028409090909090908,0.03409090909090909,0.02556818181818182,0.03125,0.03409090909090909,0.028409090909090908,0.03125,0.022727272727272728,0.0,0.01278409090909091,0.03125,0.0,0.032670454545454544,0.0,0.03125,0.018465909090909092,0.0,0.03409090909090909,0.03409090909090909,0.029829545454545456,0.0,0.0,0.0,0.0,0.03409090909090909,0.0,0.03409090909090909,0.032670454545454544,0.0,0.007102272727272727,0.0,0.0,0.03409090909090909,0.0,0.0,0.0,0.026988636363636364,0.0,0.0,0.0,0.0,0.03409090909090909,0.0,0.0,0.029829545454545456,0.0,0.0,0.0,0.03409090909090909,0.018465909090909092,0.0,0.026988636363636364,0.029829545454545456,0.03409090909090909,0.0,0.026988636363636364,0.022727272727272728,0.0,0.02556818181818182,0.028409090909090908,0.0
Fp2,0.0,0.0,0.0,0.0,0.0,0.0,0.0,0.0,0.0028208744710860366,0.0,0.04231311706629055,0.0,0.0,0.036671368124118475,0.0,0.0,0.0,0.0,0.031029619181946404,0.0,0.0,0.0,0.05218617771509168,0.045133991537376586,0.05218617771509168,0.029619181946403384,0.0,0.0,0.0,0.0,0.05077574047954866,0.0,0.05218617771509168,0.05218617771509168,0.0,0.039492242595204514,0.05077574047954866,0.0,0.0,0.05218617771509168,0.05077574047954866,0.05218617771509168,0.03526093088857546,0.0,0.028208744710860368,0.05218617771509168,0.0,0.04372355430183357,0.0,0.0,0.0,0.0,0.05218617771509168,0.0,0.0,0.0,0.0465444287729196,0.0,0.0,0.04936530324400564,0.0,0.0,0.0
AF7,0.03225806451612903,0.03225806451612903,0.03225806451612903,0.03225806451612903,0.0,0.03225806451612903,0.03225806451612903,0.03225806451612903,0.007168458781362007,0.03225806451612903,0.0,0.023297491039426525,0.03225806451612903,0.0,0.03225806451612903,0.0,0.03225806451612903,0.03225806451612903,0.0,0.03225806451612903,0.03225806451612903,0.03225806451612903,0.0,0.0,0.0,0.0,0.03225806451612903,0.0,0.012544802867383513,0.012544802867383513,0.0,0.03046594982078853,0.0,0.0,0.03225806451612903,0.0,0.0,0.0,0.03225806451612903,0.0,0.0,0.0,0.0,0.026881720430107527,0.0,0.0,0.016129032258064516,0.0,0.0,0.0,0.03225806451612903,0.03225806451612903,0.0,0.03225806451612903,0.03225806451612903,0.03225806451612903,0.0,0.03225806451612903,0.03225806451612903,0.0,0.03225806451612903,0.03225806451612903,0.0
AF3,0.0,0.0,0.0,0.0,0.0,0.0,0.0,0.0,0.003468208092485549,0.0,0.035838150289017344,0.0,0.0,0.03121387283236994,0.0,0.0,0.0,0.0,0.026589595375722544,0.0,0.0,0.0,0.04508670520231214,0.03815028901734104,0.07745664739884393,0.025433526011560695,0.0,0.0,0.0,0.0,0.04277456647398844,0.0,0.07745664739884393,0.058959537572254334,0.0,0.035838150289017344,0.048554913294797684,0.0,0.0,0.07283236994219654,0.05433526011560694,0.04393063583815029,0.035838150289017344,0.0,0.023121387283236993,0.04508670520231214,0.0,0.035838150289017344,0.0,0.0,0.0,0.0,0.04393063583815029,0.0,0.0,0.0,0.04046242774566474,0.0,0.0,0.056647398843930635,0.0011560693641618498,0.0,0.0
AFz,0.0,0.0,0.0,0.0,0.0,0.0,0.0,0.0,0.0025220680958385876,0.0,0.03783102143757881,0.0,0.0,0.03278688524590164,0.0,0.0,0.0,0.0,0.027742749054224466,0.0,0.0,0.0,0.04791929382093316,0.0403530895334174,0.0617906683480454,0.02648171500630517,0.0,0.0,0.0,0.0,0.04539722572509458,0.0,0.06305170239596469,0.0617906683480454,0.0,0.03909205548549811,0.05296343001261034,0.0,0.0,0.05926860025220681,0.05674653215636822,0.04665825977301387,0.03909205548549811,0.0,0.025220680958385876,0.04791929382093316,0.0,0.03909205548549811,0.0,0.0,0.0,0.0,0.04665825977301387,0.0,0.0,0.0,0.044136191677175286,0.0,0.0,0.05422446406052964,0.0012610340479192938,0.0,0.0
F1,0.03552206673842842,0.01829924650161464,0.02798708288482239,0.029601722282023683,0.011840688912809472,0.03390742734122713,0.05059203444564048,0.042518837459634015,0.013993541442411194,0.01776103336921421,0.0,0.008611410118406888,0.03498385360602799,0.001076426264800861,0.031754574811625406,0.0,0.03498385360602799,0.021528525296017224,0.0016146393972012918,0.05005382131324004,0.04198062432723358,0.0193756727664155,0.0,0.0005382131324004305,0.0005382131324004305,0.0016146393972012918,0.03659849300322928,0.0,0.015608180839612486,0.012917115177610334,0.0,0.00968783638320775,0.0,0.0,0.05166846071044134,0.0,0.0,0.0,0.0193756727664155,0.0,0.0,0.0,0.0005382131324004305,0.0263724434876211,0.0,0.0,0.012917115177610334,0.0,0.0,0.0,0.03713670613562971,0.016146393972012917,0.0,0.03336921420882669,0.045748116254036596,0.051130247578040904,0.0,0.02906350914962325,0.01776103336921421,0.001076426264800861,0.03498385360602799,0.017222820236813777,0.0
F5,0.0,0.0,0.0,0.0,0.0,0.0,0.0,0.0,0.0,0.0,0.03577817531305903,0.0,0.0,0.028622540250447227,0.0,0.0,0.0,0.0,0.02146690518783542,0.0,0.0,0.0,0.05008944543828265,0.03935599284436494,0.055456171735241505,0.01967799642218247,0.0,0.0,0.0,0.0,0.046511627906976744,0.0,0.055456171735241505,0.055456171735241505,0.0,0.05366726296958855,0.055456171735241505,0.0,0.0,0.0518783542039356,0.055456171735241505,0.04830053667262969,0.0518783542039356,0.0,0.03577817531305903,0.05008944543828265,0.0,0.044722719141323794,0.0,0.0,0.0,0.0,0.04830053667262969,0.0,0.0,0.0,0.0518783542039356,0.0,0.0,0.044722719141323794,0.0,0.0,0.0
FT7,0.0,0.0,0.0,0.0,0.0,0.0,0.0,0.0,0.0,0.0,0.038834951456310676,0.0,0.0,0.033287101248266296,0.0,0.0,0.0,0.0,0.027739251040221916,0.0,0.0,0.0,0.049930651872399444,0.04160887656033287,0.05409153952843273,0.026352288488210817,0.0,0.0,0.0,0.0,0.047156726768377254,0.0,0.05547850208044383,0.05547850208044383,0.0,0.04299583911234397,0.056865464632454926,0.0,0.0,0.05131761442441054,0.05825242718446602,0.04854368932038835,0.044382801664355064,0.0,0.027739251040221916,0.049930651872399444,0.0,0.04299583911234397,0.0,0.0,0.0,0.0,0.04854368932038835,0.0,0.0013869625520110957,0.0,0.04854368932038835,0.0,0.0,0.04576976421636616,0.0027739251040221915,0.0,0.0
FC3,0.0,0.0,0.0,0.0,0.0,0.0,0.0,0.0,0.0,0.0,0.0,0.0,0.0,0.0,0.0,0.0,0.0,0.0,0.0,0.0,0.0,0.0,0.0,0.0,0.0,0.0,0.0,0.0,0.0,0.0,0.0,0.0,0.0,0.0,0.0,0.0,0.0,0.0,0.0,0.0,0.0,0.0,0.0,0.0,0.0,0.0,0.0,0.0,0.0,0.0,0.0,0.0,0.0,0.0,0.0,0.0,0.0,0.0,0.0,0.0,0.0,0.0,0.0
C1,0.03130434782608696,0.029565217391304348,0.03391304347826087,0.029565217391304348,0.01217391304347826,0.03391304347826087,0.03391304347826087,0.03391304347826087,0.01565217391304348,0.030434782608695653,0.0,0.01391304347826087,0.03391304347826087,0.0,0.03304347826086956,0.0,0.03391304347826087,0.02782608695652174,0.0,0.03391304347826087,0.030434782608695653,0.030434782608695653,0.0,0.0,0.0,0.0,0.03130434782608696,0.0,0.018260869565217393,0.018260869565217393,0.0,0.01565217391304348,0.0,0.0,0.03304347826086956,0.0,0.0,0.0,0.03304347826086956,0.0,0.0,0.0,0.0026086956521739132,0.025217391304347827,0.0,0.0,0.02,0.0,0.0,0.0,0.028695652173913042,0.02782608695652174,0.0,0.03304347826086956,0.03391304347826087,0.03391304347826087,0.0,0.03304347826086956,0.030434782608695653,0.0,0.03217391304347826,0.02782608695652174,0.0
C5,0.0,0.0,0.0,0.0,0.0,0.0,0.0,0.0,0.0077348066298342545,0.0,0.03867403314917127,0.0,0.0,0.03425414364640884,0.0,0.0,0.0,0.0,0.02983425414364641,0.0,0.0,0.0,0.04751381215469613,0.04088397790055249,0.07845303867403315,0.028729281767955802,0.0,0.0,0.0011049723756906078,0.0,0.04088397790055249,0.0,0.07403314917127071,0.05414364640883978,0.0,0.03425414364640884,0.0430939226519337,0.0,0.0,0.07624309392265194,0.04861878453038674,0.045303867403314914,0.030939226519337018,0.0,0.022099447513812154,0.04640883977900553,0.0,0.03425414364640884,0.0,0.0,0.0,0.0,0.045303867403314914,0.0,0.0,0.0,0.03867403314917127,0.0,0.0,0.05856353591160221,0.0,0.0,0.0
TP7,0.0,0.0,0.0,0.0,0.0,0.0,0.0,0.0,0.0,0.0,0.03713527851458886,0.0,0.0,0.03183023872679045,0.0,0.0,0.0,0.001326259946949602,0.026525198938992044,0.0,0.0,0.0,0.04774535809018567,0.03978779840848806,0.058355437665782495,0.025198938992042442,0.0,0.0,0.0,0.0,0.04509283819628647,0.0,0.05968169761273209,0.05968169761273209,0.0,0.04111405835543767,0.054376657824933686,0.0,0.0,0.05570291777188329,0.0610079575596817,0.046419098143236075,0.04376657824933687,0.0,0.026525198938992044,0.04774535809018567,0.0,0.04111405835543767,0.0,0.0,0.0,0.0,0.046419098143236075,0.0,0.002652519893899204,0.0,0.046419098143236075,0.0,0.0,0.050397877984084884,0.003978779840848806,0.0,0.0
CP3,0.0,0.0,0.0,0.0,0.0,0.0,0.0,0.0,0.00655307994757536,0.0,0.04325032765399738,0.0,0.0,0.03800786369593709,0.0,0.0,0.0,0.0,0.0327653997378768,0.0,0.0,0.0,0.053735255570117955,0.045871559633027525,0.053735255570117955,0.03145478374836173,0.0,0.0,0.0,0.0,0.04849279161205767,0.0,0.05242463958060288,0.05111402359108781,0.0,0.03800786369593709,0.04849279161205767,0.0,0.0,0.053735255570117955,0.04849279161205767,0.05242463958060288,0.03407601572739188,0.0,0.02621231979030144,0.053735255570117955,0.0,0.04062909567496723,0.0,0.0,0.0,0.0,0.05242463958060288,0.0,0.0,0.0,0.04456094364351245,0.0,0.0,0.04980340760157274,0.0,0.0,0.0
P1,0.0015384615384615385,0.0015384615384615385,0.009230769230769232,0.0,0.0,0.007692307692307693,0.007692307692307693,0.015384615384615385,0.0,0.009230769230769232,0.026153846153846153,0.0,0.009230769230769232,0.02,0.004615384615384616,0.0,0.009230769230769232,0.016923076923076923,0.013846153846153847,0.009230769230769232,0.0,0.0,0.038461538461538464,0.02923076923076923,0.043076923076923075,0.012307692307692308,0.0015384615384615385,0.0,0.0,0.0,0.03538461538461538,0.0,0.04461538461538461,0.04461538461538461,0.004615384615384616,0.04153846153846154,0.046153846153846156,0.0,0.007692307692307693,0.04,0.047692307692307694,0.036923076923076927,0.06153846153846154,0.0,0.03076923076923077,0.038461538461538464,0.0,0.033846153846153845,0.0,0.0,0.0,0.006153846153846154,0.036923076923076927,0.015384615384615385,0.018461538461538463,0.010769230769230769,0.04,0.009230769230769232,0.009230769230769232,0.033846153846153845,0.02,0.0,0.0
P5,0.03836530442035029,0.021684737281067557,0.02335279399499583,0.03586321934945788,0.01834862385321101,0.030859049207673062,0.03753127606338615,0.03252710592160134,0.02335279399499583,0.020016680567139282,0.0016680567139282735,0.013344453711426188,0.03252710592160134,0.003336113427856547,0.030859049207673062,0.0,0.03252710592160134,0.01751459549624687,0.004170141784820684,0.03669724770642202,0.040033361134278564,0.02418682235195997,0.0008340283569641367,0.0025020850708924102,0.0025020850708924102,0.004170141784820684,0.03836530442035029,0.0,0.02585487906588824,0.020016680567139282,0.0,0.010842368640533779,0.0,0.0,0.03919933277731443,0.0,0.0,0.0,0.022518765638031693,0.0016680567139282735,0.0,0.0,0.0,0.040033361134278564,0.0,0.0,0.020016680567139282,0.0,0.0,0.0,0.0408673894912427,0.01751459549624687,0.0,0.027522935779816515,0.03419516263552961,0.03669724770642202,0.0,0.02335279399499583,0.020016680567139282,0.003336113427856547,0.02585487906588824,0.02335279399499583,0.0
PO7,0.0,0.0,0.0,0.0,0.0,0.0,0.0,0.0,0.0,0.0,0.04,0.0,0.0,0.03,0.0,0.0,0.0,0.0,0.02,0.0,0.0,0.0,0.05,0.045,0.05,0.0175,0.0,0.0,0.0,0.0,0.05,0.0,0.05,0.05,0.0,0.05,0.05,0.0,0.0,0.05,0.05,0.05,0.05,0.0,0.0475,0.05,0.0,0.05,0.0,0.0,0.0,0.0,0.05,0.0,0.0,0.0,0.05,0.0,0.0,0.05,0.0,0.0,0.0
PO3,0.0,0.0,0.0,0.0,0.0,0.0,0.0,0.0,0.006476683937823834,0.0,0.042746113989637305,0.0,0.0,0.03756476683937824,0.0,0.0,0.0,0.0,0.03238341968911917,0.0,0.0,0.0,0.05310880829015544,0.04533678756476684,0.054404145077720206,0.031088082901554404,0.0,0.0,0.0,0.0,0.04792746113989637,0.0,0.05310880829015544,0.05181347150259067,0.0,0.038860103626943004,0.04922279792746114,0.0,0.0,0.054404145077720206,0.04922279792746114,0.05181347150259067,0.034974093264248704,0.0,0.025906735751295335,0.05310880829015544,0.0,0.04015544041450777,0.0,0.0,0.0,0.0,0.05181347150259067,0.0,0.0,0.0,0.04533678756476684,0.0,0.0,0.04922279792746114,0.0,0.0,0.0
POz,0.032432432432432434,0.02702702702702703,0.02972972972972973,0.032432432432432434,0.021621621621621623,0.032432432432432434,0.032432432432432434,0.02972972972972973,0.02702702702702703,0.024324324324324326,0.0,0.014864864864864866,0.032432432432432434,0.0,0.032432432432432434,0.0,0.032432432432432434,0.02027027027027027,0.0,0.032432432432432434,0.032432432432432434,0.031081081081081083,0.0,0.0,0.0,0.0,0.032432432432432434,0.0,0.031081081081081083,0.031081081081081083,0.0,0.00945945945945946,0.0,0.0,0.032432432432432434,0.0,0.0,0.0,0.02837837837837838,0.0,0.0,0.0,0.0,0.032432432432432434,0.0,0.0,0.031081081081081083,0.0,0.0,0.0,0.032432432432432434,0.02027027027027027,0.0,0.02837837837837838,0.031081081081081083,0.032432432432432434,0.0,0.02837837837837838,0.024324324324324326,0.0,0.02702702702702703,0.02972972972972973,0.0
PO4,0.0,0.0,0.0,0.0,0.0,0.0,0.0,0.0,0.0,0.0,0.041050903119868636,0.0,0.0,0.034482758620689655,0.0,0.0,0.0,0.0,0.027914614121510674,0.0,0.0,0.0,0.05090311986863711,0.04433497536945813,0.05090311986863711,0.026272577996715927,0.0,0.0,0.0,0.0,0.05090311986863711,0.0,0.05090311986863711,0.05090311986863711,0.0,0.04433497536945813,0.05090311986863711,0.0,0.0,0.05090311986863711,0.05090311986863711,0.05090311986863711,0.03940886699507389,0.0,0.03284072249589491,0.05090311986863711,0.0,0.04926108374384237,0.0,0.0,0.0,0.0,0.05090311986863711,0.0,0.0,0.0,0.05090311986863711,0.0,0.0,0.04926108374384237,0.0,0.0,0.0
PO8,0.0,0.0,0.0,0.0,0.0,0.0,0.0,0.0,0.0,0.0,0.0,0.0,0.0,0.0,0.0,0.0,0.0,0.0,0.0,0.0,0.0,0.0,0.0,0.0,0.0,0.0,0.0,0.0,0.0,0.0,0.0,0.0,0.0,0.0,0.0,0.0,0.0,0.0,0.0,0.0,0.0,0.0,0.0,0.0,0.0,0.0,0.0,0.0,0.0,0.0,0.0,0.0,0.0,0.0,0.0,0.0,0.0,0.0,0.0,0.0,0.0,0.0,0.0
P6,0.0,0.0,0.0,0.0,0.0,0.0,0.0,0.0,0.0,0.0,0.0,0.0,0.0,0.0,0.0,0.0,0.0,0.0,0.0,0.0,0.0,0.0,0.0,0.0,0.0,0.0,0.0,0.0,0.0,0.0,0.0,0.0,0.0,0.0,0.0,0.0,0.0,0.0,0.0,0.0,0.0,0.0,0.0,0.0,0.0,0.0,0.0,0.0,0.0,0.0,0.0,0.0,0.0,0.0,0.0,0.0,0.0,0.0,0.0,0.0,0.0,0.0,0.0
P2,0.03858731196860693,0.01962066710268149,0.026814911706998037,0.03466317854807063,0.014388489208633094,0.032701111837802485,0.04251144538914323,0.034009156311314584,0.01831262262916939,0.01831262262916939,0.0013080444735120995,0.010464355788096796,0.034009156311314584,0.002616088947024199,0.032701111837802485,0.0,0.034009156311314584,0.01765860039241334,0.0032701111837802484,0.041857423152387184,0.04447351209941138,0.02158273381294964,0.0006540222367560497,0.001962066710268149,0.001962066710268149,0.0032701111837802484,0.03989535644211903,0.0,0.020274689339437543,0.015696533682145193,0.0,0.011118378024852845,0.0,0.0,0.04381948986265533,0.0,0.0,0.0,0.020274689339437543,0.0013080444735120995,0.0,0.0,0.0,0.032701111837802485,0.0,0.0,0.015696533682145193,0.0,0.0,0.0,0.04447351209941138,0.016350555918901243,0.0,0.030085022890778287,0.03727926749509483,0.041857423152387184,0.0,0.026814911706998037,0.01831262262916939,0.002616088947024199,0.02877697841726619,0.020928711576193592,0.0
CPz,0.031217481789802288,0.031217481789802288,0.03329864724245578,0.029136316337148804,0.008324661810613945,0.03329864724245578,0.03329864724245578,0.03329864724245578,0.012486992715920915,0.03329864724245578,0.0,0.01664932362122789,0.03329864724245578,0.0,0.03329864724245578,0.0,0.03329864724245578,0.03225806451612903,0.0,0.03329864724245578,0.030176899063475548,0.030176899063475548,0.0,0.0,0.0,0.0,0.031217481789802288,0.0,0.015608740894901144,0.015608740894901144,0.0,0.018730489073881373,0.0,0.0,0.03329864724245578,0.0,0.0,0.0,0.03329864724245578,0.0,0.0,0.0,0.002081165452653486,0.023933402705515087,0.0,0.0,0.01768990634755463,0.0,0.0,0.0,0.02809573361082206,0.03225806451612903,0.0,0.03329864724245578,0.03329864724245578,0.03329864724245578,0.0,0.03329864724245578,0.03329864724245578,0.0,0.03329864724245578,0.027055150884495317,0.0
CP4,0.0,0.0,0.0,0.0,0.0,0.0,0.0,0.0,0.00655307994757536,0.0,0.04325032765399738,0.0,0.0,0.03800786369593709,0.0,0.0,0.0,0.0,0.0327653997378768,0.0,0.0,0.0,0.053735255570117955,0.045871559633027525,0.053735255570117955,0.03145478374836173,0.0,0.0,0.0,0.0,0.04849279161205767,0.0,0.05242463958060288,0.05111402359108781,0.0,0.03800786369593709,0.04849279161205767,0.0,0.0,0.053735255570117955,0.04849279161205767,0.05242463958060288,0.03407601572739188,0.0,0.02621231979030144,0.053735255570117955,0.0,0.04062909567496723,0.0,0.0,0.0,0.0,0.05242463958060288,0.0,0.0,0.0,0.04456094364351245,0.0,0.0,0.04980340760157274,0.0,0.0,0.0
TP8,0.031995346131471786,0.01977894124490983,0.03257707969749855,0.027341477603257707,0.008144269924374637,0.03781268179173938,0.04246655031995346,0.04653868528214078,0.010471204188481676,0.02152414194299011,0.0,0.009307737056428156,0.038976148923792905,0.0,0.03315881326352531,0.0,0.038976148923792905,0.031413612565445025,0.0,0.04421175101803374,0.03257707969749855,0.02036067481093659,0.0,0.0,0.0,0.0,0.031995346131471786,0.0,0.012216404886561954,0.012216404886561954,0.0,0.010471204188481676,0.0,0.0,0.03955788248981966,0.0,0.0,0.0,0.02268760907504363,0.0,0.0,0.0,0.004072134962187318,0.02152414194299011,0.0,0.0,0.013379872018615475,0.0,0.0,0.0,0.029086678301337987,0.01861547411285631,0.0,0.0447934845840605,0.04653868528214078,0.04537521815008726,0.0,0.035485747527632346,0.02152414194299011,0.0,0.04421175101803374,0.01861547411285631,0.0
C6,0.03117144293614882,0.017094017094017096,0.02815485168426345,0.02564102564102564,0.008044243338360985,0.033685268979386625,0.05178481649069885,0.05228758169934641,0.010055304172951232,0.01860231271995978,0.0,0.008044243338360985,0.03569632981397687,0.0,0.029663147310206132,0.0,0.03569632981397687,0.02815485168426345,0.0,0.053293112116641526,0.033685268979386625,0.01809954751131222,0.0,0.0,0.0,0.0,0.03217697335344394,0.0,0.011563599798893917,0.011563599798893917,0.0,0.00904977375565611,0.0,0.0,0.04474610356963298,0.0,0.0,0.0,0.0196078431372549,0.0,0.0,0.0,0.004524886877828055,0.021618903971845148,0.0,0.0,0.012066365007541479,0.0,0.0,0.0,0.030668677727501256,0.01608848667672197,0.0,0.03971845148315736,0.059326294620412265,0.058320764203117145,0.0,0.030668677727501256,0.01860231271995978,0.0,0.04474610356963298,0.01608848667672197,0.0
C2,0.03206709422792304,0.016773556980759743,0.027627035027133696,0.026640355204736062,0.009373458312777503,0.03305377405032067,0.05426739023186976,0.0493339911198816,0.011346817957572768,0.018253576714356193,0.0,0.007893438579181056,0.03502713369511593,0.0,0.02960039467192896,0.0,0.03502713369511593,0.025160335471139616,0.0,0.05525407005426739,0.0370004933399112,0.017760236803157376,0.0,0.0,0.0,0.0,0.03305377405032067,0.0,0.012826837691169216,0.011840157868771583,0.0,0.008880118401578688,0.0,0.0,0.04785397138628515,0.0,0.0,0.0,0.019240256536753823,0.0,0.0,0.0,0.00246669955599408,0.022693635915145536,0.0,0.0,0.011840157868771583,0.0,0.0,0.0,0.03256043413912185,0.015786877158362113,0.0,0.0370004933399112,0.05476073014306857,0.06216082881105081,0.0,0.030093734583127776,0.018253576714356193,0.0,0.041440552540700545,0.015786877158362113,0.0
FC4,0.0,0.0,0.0,0.0,0.0,0.0,0.0,0.0,0.0,0.0,0.03852080123266564,0.0,0.0,0.032357473035439135,0.0,0.0,0.0,0.0,0.026194144838212634,0.0,0.0,0.0,0.05084745762711865,0.04160246533127889,0.053929121725731895,0.02465331278890601,0.0,0.0,0.0,0.0,0.04776579352850539,0.0,0.053929121725731895,0.053929121725731895,0.0,0.04776579352850539,0.053929121725731895,0.0,0.0,0.05238828967642527,0.053929121725731895,0.04930662557781202,0.04314329738058552,0.0,0.030816640986132512,0.05084745762711865,0.0,0.046224961479198766,0.0,0.0,0.0,0.0,0.04930662557781202,0.0,0.0,0.0,0.05238828967642527,0.0,0.0,0.046224961479198766,0.0,0.0,0.0
FT8,0.03248862897985705,0.022092267706302793,0.036387264457439894,0.02729044834307992,0.009096816114359974,0.03898635477582846,0.0396361273554256,0.04028589993502274,0.011695906432748537,0.024041585445094216,0.0,0.010396361273554255,0.04028589993502274,0.0,0.03443794671864847,0.0,0.04028589993502274,0.029889538661468484,0.0,0.04028589993502274,0.03313840155945419,0.022742040285899934,0.0,0.0,0.0,0.0,0.03248862897985705,0.0,0.01364522417153996,0.01364522417153996,0.0,0.011695906432748537,0.0,0.0,0.037686809616634176,0.0,0.0,0.0,0.025341130604288498,0.0,0.0,0.0,0.003248862897985705,0.02079272254710851,0.0,0.0,0.014944769330734242,0.0,0.0,0.0,0.029239766081871343,0.02079272254710851,0.0,0.0396361273554256,0.04028589993502274,0.04028589993502274,0.0,0.03898635477582846,0.024041585445094216,0.0,0.03898635477582846,0.02079272254710851,0.0
F6,0.02997275204359673,0.02997275204359673,0.03451407811080836,0.02815622161671208,0.009990917347865577,0.03360581289736603,0.03360581289736603,0.03451407811080836,0.013623978201634877,0.03360581289736603,0.0,0.014532243415077202,0.03451407811080836,0.0,0.03178928247048138,0.0,0.03451407811080836,0.030881017257039057,0.0,0.03451407811080836,0.029064486830154404,0.029064486830154404,0.0,0.0,0.0,0.0,0.02997275204359673,0.0,0.01634877384196185,0.01634877384196185,0.0,0.01634877384196185,0.0,0.0,0.03178928247048138,0.0,0.0,0.0,0.03360581289736603,0.0,0.0,0.0,0.004541326067211626,0.023614895549500452,0.0,0.0,0.018165304268846504,0.0,0.0,0.0,0.027247956403269755,0.029064486830154404,0.0,0.03451407811080836,0.03451407811080836,0.03451407811080836,0.0,0.03451407811080836,0.03360581289736603,0.0,0.03451407811080836,0.02633969118982743,0.0
AF8,0.0,0.0,0.0,0.0,0.0011750881316098707,0.0,0.0,0.0,0.010575793184488837,0.0,0.04230317273795535,0.0,0.0,0.038777908343125736,0.0,0.0,0.0,0.0,0.03407755581668625,0.0,0.0011750881316098707,0.0,0.0481786133960047,0.045828437132784956,0.06580493537015276,0.03290246768507638,0.0,0.0,0.0035252643948296123,0.0,0.043478260869565216,0.0,0.05992949471210341,0.052878965922444184,0.0,0.03172737955346651,0.041128084606345476,0.0,0.0,0.06462984723854288,0.04700352526439483,0.04700352526439483,0.0282021151586369,0.0023501762632197414,0.023501762632197415,0.04700352526439483,0.0,0.036427732079905996,0.0,0.0,0.0023501762632197414,0.0,0.04700352526439483,0.0,0.0,0.0,0.03760282021151586,0.0,0.0,0.06345475910693302,0.0,0.0,0.0
AF4,0.03002832861189802,0.019263456090651557,0.031161473087818695,0.025495750708215296,0.0073654390934844195,0.035694050991501414,0.04645892351274788,0.05099150141643059,0.009631728045325779,0.020963172804532578,0.0,0.009065155807365438,0.036827195467422094,0.0,0.03172804532577904,0.0,0.036827195467422094,0.03172804532577904,0.0,0.04815864022662889,0.03059490084985836,0.019263456090651557,0.0,0.0,0.0,0.0,0.03002832861189802,0.0,0.0113314447592068,0.0113314447592068,0.0,0.010198300283286119,0.0,0.0,0.040226628895184136,0.0,0.0,0.0,0.02209631728045326,0.0,0.0005665722379603399,0.0,0.0056657223796034,0.019830028328611898,0.0,0.0,0.012464589235127478,0.0,0.0,0.0,0.027195467422096317,0.018130311614730877,0.0,0.04475920679886686,0.05212464589235127,0.04929178470254957,0.0,0.03456090651558073,0.020963172804532578,0.0,0.05042492917847025,0.017563739376770537,0.0
F2,0.03242147922998987,0.029381965552178316,0.031408308004052685,0.03242147922998987,0.015197568389057751,0.03242147922998987,0.03242147922998987,0.031408308004052685,0.019250253292806486,0.02735562310030395,0.0,0.016210739614994935,0.03242147922998987,0.0,0.03242147922998987,0.0,0.03242147922998987,0.0243161094224924,0.0,0.03242147922998987,0.03242147922998987,0.03242147922998987,0.0,0.0,0.0,0.0,0.03242147922998987,0.0,0.022289766970618033,0.022289766970618033,0.0,0.016210739614994935,0.0,0.0,0.03242147922998987,0.0,0.0,0.0,0.030395136778115502,0.0,0.0,0.0,0.0,0.030395136778115502,0.0,0.0,0.0243161094224924,0.0,0.0,0.0,0.03242147922998987,0.0243161094224924,0.0,0.030395136778115502,0.03242147922998987,0.03242147922998987,0.0,0.030395136778115502,0.02735562310030395,0.0,0.029381965552178316,0.031408308004052685,0.0
FCz,0.0,0.0,0.0,0.0,0.0,0.0,0.0,0.0,0.0,0.0,0.0,0.0,0.0,0.0,0.0,0.0,0.0,0.0,0.0,0.0,0.0,0.0,0.0,0.0,0.0,0.0,0.0,0.0,0.0,0.0,0.0,0.0,0.0,0.0,0.0,0.0,0.0,0.0,0.0,0.0,0.0,0.0,0.0,0.0,0.0,0.0,0.0,0.0,0.0,0.0,0.0,0.0,0.0,0.0,0.0,0.0,0.0,0.0,0.0,0.0,0.0,0.0,0.0
