,Fz,F3,F7,FT9,FC5,FC1,C3,T7,TP9,CP5,CP1,Pz,P3,P7,O1,Oz,O2,P4,P8,TP10,CP6,CP2,Cz,C4,T8,FT10,FC6,FC2,F4,F8,Fp2,AF7,AF3,AFz,F1,F5,FT7,FC3,C1,C5,TP7,CP3,P1,P5,PO7,PO3,POz,PO4,PO8,P6,P2,CPz,CP4,TP8,C6,C2,FC4,FT8,F6,AF8,AF4,F2,FCz
Fz,0.0,0.0,0.0,0.0,0.0,0.0,0.0,0.0,0.0,0.0,0.0,0.0,0.0,0.0,0.0,0.0,0.0,0.0,0.0,0.0,0.0,0.0,0.0,0.0,0.0,0.0,0.0,0.0,0.0,0.0,0.0,0.0,0.0,0.0,0.0,0.0,0.0,0.0,0.0,0.0,0.0,0.0,0.0,0.0,0.0,0.0,0.0,0.0,0.0,0.0,0.0,0.0,0.0,0.0,0.0,0.0,0.0,0.0,0.0,0.0,0.0,0.0,0.0
F3,0.0,0.0,0.0,0.0,0.0,0.0,0.0,0.0,0.0,0.0,0.0,0.0,0.0,0.0,0.0,0.0,0.0,0.0,0.0,0.0,0.0,0.0,0.0,0.0,0.0,0.0,0.0,0.0,0.0,0.0,0.0,0.0,0.0,0.0,0.0,0.0,0.0,0.0,0.0,0.0,0.0,0.0,0.0,0.0,0.0,0.0,0.0,0.0,0.0,0.0,0.0,0.0,0.0,0.0,0.0,0.0,0.0,0.0,0.0,0.0,0.0,0.0,0.0
F7,0.0,0.0,0.09063893016344725,0.09361069836552749,0.0,0.0,0.0,0.0,0.0,0.0,0.0,0.0,0.0,0.0029717682020802376,0.0,0.010401188707280832,0.010401188707280832,0.09361069836552749,0.0,0.09361069836552749,0.0,0.0,0.0014858841010401188,0.0,0.0,0.0,0.0,0.0,0.0,0.0,0.0,0.0,0.0,0.0,0.0,0.0,0.0,0.0,0.05794947994056464,0.09361069836552749,0.0,0.0,0.0,0.0,0.0,0.0029717682020802376,0.0,0.0,0.09361069836552749,0.0,0.0,0.004457652303120356,0.0,0.0,0.004457652303120356,0.0,0.0,0.09212481426448738,0.09063893016344725,0.0,0.09361069836552749,0.06983655274888559,0.0
FT9,0.0,0.0,0.07701863354037267,0.11428571428571428,0.0,0.0,0.0,0.0,0.0,0.0,0.0,0.0,0.0,0.002484472049689441,0.0,0.008695652173913044,0.008695652173913044,0.10807453416149068,0.0,0.0968944099378882,0.0,0.0,0.0012422360248447205,0.0,0.0,0.0,0.0,0.0,0.0,0.0,0.0,0.0,0.0,0.0,0.0,0.0,0.0,0.0,0.05341614906832298,0.09440993788819876,0.0,0.0,0.0,0.0,0.0,0.002484472049689441,0.0,0.0,0.09937888198757763,0.0,0.0,0.0037267080745341614,0.0,0.0,0.0037267080745341614,0.0,0.0,0.08695652173913043,0.08819875776397515,0.0,0.08695652173913043,0.06335403726708075,0.0
FC5,0.0,0.0,0.0,0.0,0.0802675585284281,0.0,0.08361204013377926,0.0,0.0,0.0,0.08361204013377926,0.0,0.0,0.0,0.0,0.0,0.0,0.0,0.0,0.0,0.08361204013377926,0.0,0.0,0.0,0.0,0.0,0.0,0.0,0.0,0.0,0.08361204013377926,0.0,0.08361204013377926,0.0,0.0,0.0,0.0,0.0,0.0,0.0,0.0,0.0,0.0,0.0,0.08361204013377926,0.0,0.08361204013377926,0.08361204013377926,0.0,0.08361204013377926,0.08361204013377926,0.0,0.0,0.0,0.0,0.0,0.0,0.0,0.0,0.08361204013377926,0.0,0.0,0.0
FC1,0.0,0.0,0.0,0.0,0.0,0.0,0.0,0.0,0.0,0.0,0.0,0.0,0.0,0.0,0.0,0.0,0.0,0.0,0.0,0.0,0.0,0.0,0.0,0.0,0.0,0.0,0.0,0.0,0.0,0.0,0.0,0.0,0.0,0.0,0.0,0.0,0.0,0.0,0.0,0.0,0.0,0.0,0.0,0.0,0.0,0.0,0.0,0.0,0.0,0.0,0.0,0.0,0.0,0.0,0.0,0.0,0.0,0.0,0.0,0.0,0.0,0.0,0.0
C3,0.0,0.0,0.0,0.0,0.036231884057971016,0.0,0.09710144927536232,0.0,0.0,0.0,0.07971014492753623,0.0,0.0,0.0,0.0,0.0,0.0,0.0,0.0,0.0,0.09855072463768116,0.0,0.0,0.0,0.0,0.0,0.0,0.0,0.0,0.0,0.09710144927536232,0.0,0.08840579710144927,0.0,0.0,0.0,0.0,0.0,0.0,0.0,0.0,0.0,0.0,0.0,0.05652173913043478,0.0,0.06811594202898551,0.08840579710144927,0.0,0.0927536231884058,0.09855072463768116,0.0,0.0,0.0,0.0,0.0,0.0,0.0,0.0,0.09855072463768116,0.0,0.0,0.0
T7,0.0,0.0,0.0,0.0,0.0,0.0,0.0,0.0,0.0,0.0,0.0,0.0,0.0,0.0,0.0,0.0,0.0,0.0,0.0,0.0,0.0,0.0,0.0,0.0,0.0,0.0,0.0,0.0,0.0,0.0,0.0,0.0,0.0,0.0,0.0,0.0,0.0,0.0,0.0,0.0,0.0,0.0,0.0,0.0,0.0,0.0,0.0,0.0,0.0,0.0,0.0,0.0,0.0,0.0,0.0,0.0,0.0,0.0,0.0,0.0,0.0,0.0,0.0
TP9,0.0,0.0,0.0,0.0,0.0,0.0,0.0,0.0,0.0,0.0,0.0,0.0,0.0,0.0,0.0,0.0,0.0,0.0,0.0,0.0,0.0,0.0,0.0,0.0,0.0,0.0,0.0,0.0,0.0,0.0,0.0,0.0,0.0,0.0,0.0,0.0,0.0,0.0,0.0,0.0,0.0,0.0,0.0,0.0,0.0,0.0,0.0,0.0,0.0,0.0,0.0,0.0,0.0,0.0,0.0,0.0,0.0,0.0,0.0,0.0,0.0,0.0,0.0
CP5,0.0,0.0,0.0,0.0,0.0,0.0,0.0,0.0,0.0,0.0,0.0,0.0,0.0,0.0,0.0,0.0,0.0,0.0,0.0,0.0,0.0,0.0,0.0,0.0,0.0,0.0,0.0,0.0,0.0,0.0,0.0,0.0,0.0,0.0,0.0,0.0,0.0,0.0,0.0,0.0,0.0,0.0,0.0,0.0,0.0,0.0,0.0,0.0,0.0,0.0,0.0,0.0,0.0,0.0,0.0,0.0,0.0,0.0,0.0,0.0,0.0,0.0,0.0
CP1,0.0,0.0,0.0,0.0,0.04132231404958678,0.0,0.09090909090909091,0.0,0.0,0.0,0.08925619834710743,0.0,0.0,0.0,0.0,0.0,0.0,0.0,0.0,0.0,0.09090909090909091,0.0,0.0,0.0,0.0,0.0,0.0,0.0,0.0,0.0,0.09090909090909091,0.0,0.09090909090909091,0.0,0.0,0.0,0.0,0.0,0.0,0.0,0.0,0.0,0.0,0.0,0.06446280991735537,0.0,0.07768595041322314,0.09090909090909091,0.0,0.09090909090909091,0.09090909090909091,0.0,0.0,0.0,0.0,0.0,0.0,0.0,0.0,0.09090909090909091,0.0,0.0,0.0
Pz,0.0,0.0,0.0,0.0,0.0,0.0,0.0,0.0,0.0,0.0,0.0,0.0,0.0,0.0,0.0,0.0,0.0,0.0,0.0,0.0,0.0,0.0,0.0,0.0,0.0,0.0,0.0,0.0,0.0,0.0,0.0,0.0,0.0,0.0,0.0,0.0,0.0,0.0,0.0,0.0,0.0,0.0,0.0,0.0,0.0,0.0,0.0,0.0,0.0,0.0,0.0,0.0,0.0,0.0,0.0,0.0,0.0,0.0,0.0,0.0,0.0,0.0,0.0
P3,0.0,0.0,0.0,0.0,0.0,0.0,0.0,0.0,0.0,0.0,0.0,0.0,0.0,0.0,0.0,0.0,0.0,0.0,0.0,0.0,0.0,0.0,0.0,0.0,0.0,0.0,0.0,0.0,0.0,0.0,0.0,0.0,0.0,0.0,0.0,0.0,0.0,0.0,0.0,0.0,0.0,0.0,0.0,0.0,0.0,0.0,0.0,0.0,0.0,0.0,0.0,0.0,0.0,0.0,0.0,0.0,0.0,0.0,0.0,0.0,0.0,0.0,0.0
P7,0.0,0.0,0.06,0.06,0.0,0.0,0.0,0.0,0.0,0.0,0.0,0.0,0.0,0.04,0.0,0.06,0.06,0.06,0.0,0.06,0.0,0.0,0.02,0.0,0.0,0.0,0.0,0.0,0.0,0.0,0.0,0.0,0.0,0.0,0.0,0.0,0.0,0.0,0.06,0.06,0.0,0.0,0.0,0.0,0.0,0.04,0.0,0.0,0.06,0.0,0.0,0.06,0.0,0.0,0.06,0.0,0.0,0.06,0.06,0.0,0.06,0.06,0.0
O1,0.0,0.0,0.0,0.0,0.0,0.0,0.0,0.0,0.0,0.0,0.0,0.0,0.0,0.0,0.0,0.0,0.0,0.0,0.0,0.0,0.0,0.0,0.0,0.0,0.0,0.0,0.0,0.0,0.0,0.0,0.0,0.0,0.0,0.0,0.0,0.0,0.0,0.0,0.0,0.0,0.0,0.0,0.0,0.0,0.0,0.0,0.0,0.0,0.0,0.0,0.0,0.0,0.0,0.0,0.0,0.0,0.0,0.0,0.0,0.0,0.0,0.0,0.0
Oz,0.0,0.0,0.07407407407407407,0.07407407407407407,0.0,0.0,0.0,0.0,0.0,0.0,0.0,0.0,0.0,0.018518518518518517,0.0,0.06481481481481481,0.06481481481481481,0.07407407407407407,0.0,0.07407407407407407,0.0,0.0,0.009259259259259259,0.0,0.0,0.0,0.0,0.0,0.0,0.0,0.0,0.0,0.0,0.0,0.0,0.0,0.0,0.0,0.046296296296296294,0.07407407407407407,0.0,0.0,0.0,0.0,0.0,0.018518518518518517,0.0,0.0,0.07407407407407407,0.0,0.0,0.027777777777777776,0.0,0.0,0.027777777777777776,0.0,0.0,0.07407407407407407,0.07407407407407407,0.0,0.07407407407407407,0.05555555555555555,0.0
O2,0.0,0.0,0.07407407407407407,0.07407407407407407,0.0,0.0,0.0,0.0,0.0,0.0,0.0,0.0,0.0,0.018518518518518517,0.0,0.06481481481481481,0.06481481481481481,0.07407407407407407,0.0,0.07407407407407407,0.0,0.0,0.009259259259259259,0.0,0.0,0.0,0.0,0.0,0.0,0.0,0.0,0.0,0.0,0.0,0.0,0.0,0.0,0.0,0.046296296296296294,0.07407407407407407,0.0,0.0,0.0,0.0,0.0,0.018518518518518517,0.0,0.0,0.07407407407407407,0.0,0.0,0.027777777777777776,0.0,0.0,0.027777777777777776,0.0,0.0,0.07407407407407407,0.07407407407407407,0.0,0.07407407407407407,0.05555555555555555,0.0
P4,0.0,0.0,0.07948717948717948,0.10897435897435898,0.0,0.0,0.0,0.0,0.0,0.0,0.0,0.0,0.0,0.002564102564102564,0.0,0.008974358974358974,0.008974358974358974,0.11538461538461539,0.0,0.09487179487179487,0.0,0.0,0.001282051282051282,0.0,0.0,0.0,0.0,0.0,0.0,0.0,0.0,0.0,0.0,0.0,0.0,0.0,0.0,0.0,0.05512820512820513,0.09743589743589744,0.0,0.0,0.0,0.0,0.0,0.002564102564102564,0.0,0.0,0.09615384615384616,0.0,0.0,0.0038461538461538464,0.0,0.0,0.0038461538461538464,0.0,0.0,0.08461538461538462,0.08333333333333333,0.0,0.08717948717948718,0.06538461538461539,0.0
P8,0.0,0.0,0.0,0.0,0.0,0.0,0.0,0.0,0.0,0.0,0.0,0.0,0.0,0.0,0.0,0.0,0.0,0.0,0.0,0.0,0.0,0.0,0.0,0.0,0.0,0.0,0.0,0.0,0.0,0.0,0.0,0.0,0.0,0.0,0.0,0.0,0.0,0.0,0.0,0.0,0.0,0.0,0.0,0.0,0.0,0.0,0.0,0.0,0.0,0.0,0.0,0.0,0.0,0.0,0.0,0.0,0.0,0.0,0.0,0.0,0.0,0.0,0.0
TP10,0.0,0.0,0.08041504539559015,0.10246433203631647,0.0,0.0,0.0,0.0,0.0,0.0,0.0,0.0,0.0,0.0025940337224383916,0.0,0.009079118028534372,0.009079118028534372,0.09987029831387809,0.0,0.09987029831387809,0.0,0.0,0.0012970168612191958,0.0,0.0,0.0,0.0,0.0,0.0,0.0,0.0,0.0,0.0,0.0,0.0,0.0,0.0,0.0,0.055771725032425425,0.0933852140077821,0.0,0.0,0.0,0.0,0.0,0.0025940337224383916,0.0,0.0,0.10116731517509728,0.0,0.0,0.0038910505836575876,0.0,0.0,0.0038910505836575876,0.0,0.0,0.08949416342412451,0.08819714656290532,0.0,0.0907911802853437,0.06614785992217899,0.0
CP6,0.0,0.0,0.0,0.0,0.035868005738880916,0.0,0.09612625538020086,0.0,0.0,0.0,0.07890961262553801,0.0,0.0,0.0,0.0,0.0,0.0,0.0,0.0,0.0,0.10043041606886657,0.0,0.0,0.0,0.0,0.0,0.0,0.0,0.0,0.0,0.09612625538020086,0.0,0.08751793400286945,0.0,0.0,0.0,0.0,0.0,0.0,0.0,0.0,0.0,0.0,0.0,0.05595408895265423,0.0,0.06743185078909612,0.08751793400286945,0.0,0.09182209469153516,0.10186513629842181,0.0,0.0,0.0,0.0,0.0,0.0,0.0,0.0,0.10043041606886657,0.0,0.0,0.0
CP2,0.0,0.0,0.0,0.0,0.0,0.0,0.0,0.0,0.0,0.0,0.0,0.0,0.0,0.0,0.0,0.0,0.0,0.0,0.0,0.0,0.0,0.0,0.0,0.0,0.0,0.0,0.0,0.0,0.0,0.0,0.0,0.0,0.0,0.0,0.0,0.0,0.0,0.0,0.0,0.0,0.0,0.0,0.0,0.0,0.0,0.0,0.0,0.0,0.0,0.0,0.0,0.0,0.0,0.0,0.0,0.0,0.0,0.0,0.0,0.0,0.0,0.0,0.0
Cz,0.0,0.0,0.05714285714285714,0.05714285714285714,0.0,0.0,0.0,0.0,0.0,0.0,0.0,0.0,0.0,0.05714285714285714,0.0,0.05714285714285714,0.05714285714285714,0.05714285714285714,0.0,0.05714285714285714,0.0,0.0,0.02857142857142857,0.0,0.0,0.0,0.0,0.0,0.0,0.0,0.0,0.0,0.0,0.0,0.0,0.0,0.0,0.0,0.05714285714285714,0.05714285714285714,0.0,0.0,0.0,0.0,0.0,0.05714285714285714,0.0,0.0,0.05714285714285714,0.0,0.0,0.05714285714285714,0.0,0.0,0.05714285714285714,0.0,0.0,0.05714285714285714,0.05714285714285714,0.0,0.05714285714285714,0.05714285714285714,0.0
C4,0.0,0.0,0.0,0.0,0.0,0.0,0.0,0.0,0.0,0.0,0.0,0.0,0.0,0.0,0.0,0.0,0.0,0.0,0.0,0.0,0.0,0.0,0.0,0.0,0.0,0.0,0.0,0.0,0.0,0.0,0.0,0.0,0.0,0.0,0.0,0.0,0.0,0.0,0.0,0.0,0.0,0.0,0.0,0.0,0.0,0.0,0.0,0.0,0.0,0.0,0.0,0.0,0.0,0.0,0.0,0.0,0.0,0.0,0.0,0.0,0.0,0.0,0.0
T8,0.0,0.0,0.0,0.0,0.0,0.0,0.0,0.0,0.0,0.0,0.0,0.0,0.0,0.0,0.0,0.0,0.0,0.0,0.0,0.0,0.0,0.0,0.0,0.0,0.0,0.0,0.0,0.0,0.0,0.0,0.0,0.0,0.0,0.0,0.0,0.0,0.0,0.0,0.0,0.0,0.0,0.0,0.0,0.0,0.0,0.0,0.0,0.0,0.0,0.0,0.0,0.0,0.0,0.0,0.0,0.0,0.0,0.0,0.0,0.0,0.0,0.0,0.0
FT10,0.0,0.0,0.0,0.0,0.0,0.0,0.0,0.0,0.0,0.0,0.0,0.0,0.0,0.0,0.0,0.0,0.0,0.0,0.0,0.0,0.0,0.0,0.0,0.0,0.0,0.0,0.0,0.0,0.0,0.0,0.0,0.0,0.0,0.0,0.0,0.0,0.0,0.0,0.0,0.0,0.0,0.0,0.0,0.0,0.0,0.0,0.0,0.0,0.0,0.0,0.0,0.0,0.0,0.0,0.0,0.0,0.0,0.0,0.0,0.0,0.0,0.0,0.0
FC6,0.0,0.0,0.0,0.0,0.0,0.0,0.0,0.0,0.0,0.0,0.0,0.0,0.0,0.0,0.0,0.0,0.0,0.0,0.0,0.0,0.0,0.0,0.0,0.0,0.0,0.0,0.0,0.0,0.0,0.0,0.0,0.0,0.0,0.0,0.0,0.0,0.0,0.0,0.0,0.0,0.0,0.0,0.0,0.0,0.0,0.0,0.0,0.0,0.0,0.0,0.0,0.0,0.0,0.0,0.0,0.0,0.0,0.0,0.0,0.0,0.0,0.0,0.0
FC2,0.0,0.0,0.0,0.0,0.0,0.0,0.0,0.0,0.0,0.0,0.0,0.0,0.0,0.0,0.0,0.0,0.0,0.0,0.0,0.0,0.0,0.0,0.0,0.0,0.0,0.0,0.0,0.0,0.0,0.0,0.0,0.0,0.0,0.0,0.0,0.0,0.0,0.0,0.0,0.0,0.0,0.0,0.0,0.0,0.0,0.0,0.0,0.0,0.0,0.0,0.0,0.0,0.0,0.0,0.0,0.0,0.0,0.0,0.0,0.0,0.0,0.0,0.0
F4,0.0,0.0,0.0,0.0,0.0,0.0,0.0,0.0,0.0,0.0,0.0,0.0,0.0,0.0,0.0,0.0,0.0,0.0,0.0,0.0,0.0,0.0,0.0,0.0,0.0,0.0,0.0,0.0,0.0,0.0,0.0,0.0,0.0,0.0,0.0,0.0,0.0,0.0,0.0,0.0,0.0,0.0,0.0,0.0,0.0,0.0,0.0,0.0,0.0,0.0,0.0,0.0,0.0,0.0,0.0,0.0,0.0,0.0,0.0,0.0,0.0,0.0,0.0
F8,0.0,0.0,0.0,0.0,0.0,0.0,0.0,0.0,0.0,0.0,0.0,0.0,0.0,0.0,0.0,0.0,0.0,0.0,0.0,0.0,0.0,0.0,0.0,0.0,0.0,0.0,0.0,0.0,0.0,0.0,0.0,0.0,0.0,0.0,0.0,0.0,0.0,0.0,0.0,0.0,0.0,0.0,0.0,0.0,0.0,0.0,0.0,0.0,0.0,0.0,0.0,0.0,0.0,0.0,0.0,0.0,0.0,0.0,0.0,0.0,0.0,0.0,0.0
Fp2,0.0,0.0,0.0,0.0,0.032467532467532464,0.0,0.08831168831168831,0.0,0.0,0.0,0.07142857142857142,0.0,0.0,0.0,0.0,0.0,0.0,0.0,0.0,0.0,0.08961038961038961,0.0,0.0,0.0,0.0,0.0,0.0,0.0,0.0,0.0,0.13766233766233765,0.0,0.08311688311688312,0.0,0.0,0.0,0.0,0.0,0.0,0.0,0.0,0.0,0.0,0.0,0.05064935064935065,0.0,0.06103896103896104,0.08311688311688312,0.0,0.08701298701298701,0.09480519480519481,0.0,0.0,0.0,0.0,0.0,0.0,0.0,0.0,0.12077922077922078,0.0,0.0,0.0
AF7,0.0,0.0,0.0,0.0,0.0,0.0,0.0,0.0,0.0,0.0,0.0,0.0,0.0,0.0,0.0,0.0,0.0,0.0,0.0,0.0,0.0,0.0,0.0,0.0,0.0,0.0,0.0,0.0,0.0,0.0,0.0,0.0,0.0,0.0,0.0,0.0,0.0,0.0,0.0,0.0,0.0,0.0,0.0,0.0,0.0,0.0,0.0,0.0,0.0,0.0,0.0,0.0,0.0,0.0,0.0,0.0,0.0,0.0,0.0,0.0,0.0,0.0,0.0
AF3,0.0,0.0,0.0,0.0,0.037091988130563795,0.0,0.09347181008902077,0.0,0.0,0.0,0.08160237388724036,0.0,0.0,0.0,0.0,0.0,0.0,0.0,0.0,0.0,0.09347181008902077,0.0,0.0,0.0,0.0,0.0,0.0,0.0,0.0,0.0,0.09495548961424333,0.0,0.09347181008902077,0.0,0.0,0.0,0.0,0.0,0.0,0.0,0.0,0.0,0.0,0.0,0.057863501483679525,0.0,0.06973293768545995,0.09347181008902077,0.0,0.09495548961424333,0.09495548961424333,0.0,0.0,0.0,0.0,0.0,0.0,0.0,0.0,0.09495548961424333,0.0,0.0,0.0
AFz,0.0,0.0,0.0,0.0,0.0,0.0,0.0,0.0,0.0,0.0,0.0,0.0,0.0,0.0,0.0,0.0,0.0,0.0,0.0,0.0,0.0,0.0,0.0,0.0,0.0,0.0,0.0,0.0,0.0,0.0,0.0,0.0,0.0,0.0,0.0,0.0,0.0,0.0,0.0,0.0,0.0,0.0,0.0,0.0,0.0,0.0,0.0,0.0,0.0,0.0,0.0,0.0,0.0,0.0,0.0,0.0,0.0,0.0,0.0,0.0,0.0,0.0,0.0
F1,0.0,0.0,0.0,0.0,0.0,0.0,0.0,0.0,0.0,0.0,0.0,0.0,0.0,0.0,0.0,0.0,0.0,0.0,0.0,0.0,0.0,0.0,0.0,0.0,0.0,0.0,0.0,0.0,0.0,0.0,0.0,0.0,0.0,0.0,0.0,0.0,0.0,0.0,0.0,0.0,0.0,0.0,0.0,0.0,0.0,0.0,0.0,0.0,0.0,0.0,0.0,0.0,0.0,0.0,0.0,0.0,0.0,0.0,0.0,0.0,0.0,0.0,0.0
F5,0.0,0.0,0.0,0.0,0.0,0.0,0.0,0.0,0.0,0.0,0.0,0.0,0.0,0.0,0.0,0.0,0.0,0.0,0.0,0.0,0.0,0.0,0.0,0.0,0.0,0.0,0.0,0.0,0.0,0.0,0.0,0.0,0.0,0.0,0.0,0.0,0.0,0.0,0.0,0.0,0.0,0.0,0.0,0.0,0.0,0.0,0.0,0.0,0.0,0.0,0.0,0.0,0.0,0.0,0.0,0.0,0.0,0.0,0.0,0.0,0.0,0.0,0.0
FT7,0.0,0.0,0.0,0.0,0.0,0.0,0.0,0.0,0.0,0.0,0.0,0.0,0.0,0.0,0.0,0.0,0.0,0.0,0.0,0.0,0.0,0.0,0.0,0.0,0.0,0.0,0.0,0.0,0.0,0.0,0.0,0.0,0.0,0.0,0.0,0.0,0.0,0.0,0.0,0.0,0.0,0.0,0.0,0.0,0.0,0.0,0.0,0.0,0.0,0.0,0.0,0.0,0.0,0.0,0.0,0.0,0.0,0.0,0.0,0.0,0.0,0.0,0.0
FC3,0.0,0.0,0.0,0.0,0.0,0.0,0.0,0.0,0.0,0.0,0.0,0.0,0.0,0.0,0.0,0.0,0.0,0.0,0.0,0.0,0.0,0.0,0.0,0.0,0.0,0.0,0.0,0.0,0.0,0.0,0.0,0.0,0.0,0.0,0.0,0.0,0.0,0.0,0.0,0.0,0.0,0.0,0.0,0.0,0.0,0.0,0.0,0.0,0.0,0.0,0.0,0.0,0.0,0.0,0.0,0.0,0.0,0.0,0.0,0.0,0.0,0.0,0.0
C1,0.0,0.0,0.084,0.088,0.0,0.0,0.0,0.0,0.0,0.0,0.0,0.0,0.0,0.004,0.0,0.012,0.012,0.088,0.0,0.088,0.0,0.0,0.002,0.0,0.0,0.0,0.0,0.0,0.0,0.0,0.0,0.0,0.0,0.0,0.0,0.0,0.0,0.0,0.084,0.082,0.0,0.0,0.0,0.0,0.0,0.004,0.0,0.0,0.088,0.0,0.0,0.006,0.0,0.0,0.006,0.0,0.0,0.088,0.088,0.0,0.088,0.088,0.0
C5,0.0,0.0,0.08368200836820083,0.10460251046025104,0.0,0.0,0.0,0.0,0.0,0.0,0.0,0.0,0.0,0.002789400278940028,0.0,0.009762900976290097,0.009762900976290097,0.10460251046025104,0.0,0.09623430962343096,0.0,0.0,0.001394700139470014,0.0,0.0,0.0,0.0,0.0,0.0,0.0,0.0,0.0,0.0,0.0,0.0,0.0,0.0,0.0,0.05299860529986053,0.10460251046025104,0.0,0.0,0.0,0.0,0.0,0.002789400278940028,0.0,0.0,0.09762900976290098,0.0,0.0,0.0041841004184100415,0.0,0.0,0.0041841004184100415,0.0,0.0,0.08507670850767085,0.08368200836820083,0.0,0.08786610878661087,0.06415620641562064,0.0
TP7,0.0,0.0,0.0,0.0,0.0,0.0,0.0,0.0,0.0,0.0,0.0,0.0,0.0,0.0,0.0,0.0,0.0,0.0,0.0,0.0,0.0,0.0,0.0,0.0,0.0,0.0,0.0,0.0,0.0,0.0,0.0,0.0,0.0,0.0,0.0,0.0,0.0,0.0,0.0,0.0,0.0,0.0,0.0,0.0,0.0,0.0,0.0,0.0,0.0,0.0,0.0,0.0,0.0,0.0,0.0,0.0,0.0,0.0,0.0,0.0,0.0,0.0,0.0
CP3,0.0,0.0,0.0,0.0,0.0,0.0,0.0,0.0,0.0,0.0,0.0,0.0,0.0,0.0,0.0,0.0,0.0,0.0,0.0,0.0,0.0,0.0,0.0,0.0,0.0,0.0,0.0,0.0,0.0,0.0,0.0,0.0,0.0,0.0,0.0,0.0,0.0,0.0,0.0,0.0,0.0,0.0,0.0,0.0,0.0,0.0,0.0,0.0,0.0,0.0,0.0,0.0,0.0,0.0,0.0,0.0,0.0,0.0,0.0,0.0,0.0,0.0,0.0
P1,0.0,0.0,0.0,0.0,0.0,0.0,0.0,0.0,0.0,0.0,0.0,0.0,0.0,0.0,0.0,0.0,0.0,0.0,0.0,0.0,0.0,0.0,0.0,0.0,0.0,0.0,0.0,0.0,0.0,0.0,0.0,0.0,0.0,0.0,0.0,0.0,0.0,0.0,0.0,0.0,0.0,0.0,0.0,0.0,0.0,0.0,0.0,0.0,0.0,0.0,0.0,0.0,0.0,0.0,0.0,0.0,0.0,0.0,0.0,0.0,0.0,0.0,0.0
P5,0.0,0.0,0.0,0.0,0.0,0.0,0.0,0.0,0.0,0.0,0.0,0.0,0.0,0.0,0.0,0.0,0.0,0.0,0.0,0.0,0.0,0.0,0.0,0.0,0.0,0.0,0.0,0.0,0.0,0.0,0.0,0.0,0.0,0.0,0.0,0.0,0.0,0.0,0.0,0.0,0.0,0.0,0.0,0.0,0.0,0.0,0.0,0.0,0.0,0.0,0.0,0.0,0.0,0.0,0.0,0.0,0.0,0.0,0.0,0.0,0.0,0.0,0.0
PO7,0.0,0.0,0.0,0.0,0.05518763796909492,0.0,0.08609271523178808,0.0,0.0,0.0,0.08609271523178808,0.0,0.0,0.0,0.0,0.0,0.0,0.0,0.0,0.0,0.08609271523178808,0.0,0.0,0.0,0.0,0.0,0.0,0.0,0.0,0.0,0.08609271523178808,0.0,0.08609271523178808,0.0,0.0,0.0,0.0,0.0,0.0,0.0,0.0,0.0,0.0,0.0,0.08388520971302428,0.0,0.08609271523178808,0.08609271523178808,0.0,0.08609271523178808,0.08609271523178808,0.0,0.0,0.0,0.0,0.0,0.0,0.0,0.0,0.08609271523178808,0.0,0.0,0.0
PO3,0.0,0.0,0.06,0.06,0.0,0.0,0.0,0.0,0.0,0.0,0.0,0.0,0.0,0.04,0.0,0.06,0.06,0.06,0.0,0.06,0.0,0.0,0.02,0.0,0.0,0.0,0.0,0.0,0.0,0.0,0.0,0.0,0.0,0.0,0.0,0.0,0.0,0.0,0.06,0.06,0.0,0.0,0.0,0.0,0.0,0.04,0.0,0.0,0.06,0.0,0.0,0.06,0.0,0.0,0.06,0.0,0.0,0.06,0.06,0.0,0.06,0.06,0.0
POz,0.0,0.0,0.0,0.0,0.04690431519699812,0.0,0.08818011257035648,0.0,0.0,0.0,0.08818011257035648,0.0,0.0,0.0,0.0,0.0,0.0,0.0,0.0,0.0,0.08818011257035648,0.0,0.0,0.0,0.0,0.0,0.0,0.0,0.0,0.0,0.08818011257035648,0.0,0.08818011257035648,0.0,0.0,0.0,0.0,0.0,0.0,0.0,0.0,0.0,0.0,0.0,0.07317073170731707,0.0,0.08630393996247655,0.08818011257035648,0.0,0.08818011257035648,0.08818011257035648,0.0,0.0,0.0,0.0,0.0,0.0,0.0,0.0,0.08818011257035648,0.0,0.0,0.0
PO4,0.0,0.0,0.0,0.0,0.037091988130563795,0.0,0.09347181008902077,0.0,0.0,0.0,0.08160237388724036,0.0,0.0,0.0,0.0,0.0,0.0,0.0,0.0,0.0,0.09347181008902077,0.0,0.0,0.0,0.0,0.0,0.0,0.0,0.0,0.0,0.09495548961424333,0.0,0.09347181008902077,0.0,0.0,0.0,0.0,0.0,0.0,0.0,0.0,0.0,0.0,0.0,0.057863501483679525,0.0,0.06973293768545995,0.09347181008902077,0.0,0.09495548961424333,0.09495548961424333,0.0,0.0,0.0,0.0,0.0,0.0,0.0,0.0,0.09495548961424333,0.0,0.0,0.0
PO8,0.0,0.0,0.07958921694480103,0.10397946084724005,0.0,0.0,0.0,0.0,0.0,0.0,0.0,0.0,0.0,0.0025673940949935813,0.0,0.008985879332477536,0.008985879332477536,0.10012836970474968,0.0,0.10012836970474968,0.0,0.0,0.0012836970474967907,0.0,0.0,0.0,0.0,0.0,0.0,0.0,0.0,0.0,0.0,0.0,0.0,0.0,0.0,0.0,0.055198973042362,0.09370988446726572,0.0,0.0,0.0,0.0,0.0,0.0025673940949935813,0.0,0.0,0.10141206675224647,0.0,0.0,0.0038510911424903724,0.0,0.0,0.0038510911424903724,0.0,0.0,0.08985879332477535,0.08857509627727857,0.0,0.08985879332477535,0.06546854942233633,0.0
P6,0.0,0.0,0.0,0.0,0.0361794500723589,0.0,0.0955137481910275,0.0,0.0,0.0,0.07959479015918958,0.0,0.0,0.0,0.0,0.0,0.0,0.0,0.0,0.0,0.0955137481910275,0.0,0.0,0.0,0.0,0.0,0.0,0.0,0.0,0.0,0.09696092619392185,0.0,0.09117221418234443,0.0,0.0,0.0,0.0,0.0,0.0,0.0,0.0,0.0,0.0,0.0,0.056439942112879886,0.0,0.06801736613603473,0.09117221418234443,0.0,0.0955137481910275,0.09696092619392185,0.0,0.0,0.0,0.0,0.0,0.0,0.0,0.0,0.09696092619392185,0.0,0.0,0.0
P2,0.0,0.0,0.0,0.0,0.03351206434316354,0.0,0.09115281501340483,0.0,0.0,0.0,0.07372654155495978,0.0,0.0,0.0,0.0,0.0,0.0,0.0,0.0,0.0,0.09517426273458444,0.0,0.0,0.0,0.0,0.0,0.0,0.0,0.0,0.0,0.09517426273458444,0.0,0.08579088471849866,0.0,0.0,0.0,0.0,0.0,0.0,0.0,0.0,0.0,0.0,0.0,0.05227882037533512,0.0,0.06300268096514745,0.08579088471849866,0.0,0.08981233243967829,0.13404825737265416,0.0,0.0,0.0,0.0,0.0,0.0,0.0,0.0,0.10053619302949061,0.0,0.0,0.0
CPz,0.0,0.0,0.06349206349206349,0.06349206349206349,0.0,0.0,0.0,0.0,0.0,0.0,0.0,0.0,0.0,0.031746031746031744,0.0,0.06349206349206349,0.06349206349206349,0.06349206349206349,0.0,0.06349206349206349,0.0,0.0,0.015873015873015872,0.0,0.0,0.0,0.0,0.0,0.0,0.0,0.0,0.0,0.0,0.0,0.0,0.0,0.0,0.0,0.06349206349206349,0.06349206349206349,0.0,0.0,0.0,0.0,0.0,0.031746031746031744,0.0,0.0,0.06349206349206349,0.0,0.0,0.047619047619047616,0.0,0.0,0.047619047619047616,0.0,0.0,0.06349206349206349,0.06349206349206349,0.0,0.06349206349206349,0.06349206349206349,0.0
CP4,0.0,0.0,0.0,0.0,0.0,0.0,0.0,0.0,0.0,0.0,0.0,0.0,0.0,0.0,0.0,0.0,0.0,0.0,0.0,0.0,0.0,0.0,0.0,0.0,0.0,0.0,0.0,0.0,0.0,0.0,0.0,0.0,0.0,0.0,0.0,0.0,0.0,0.0,0.0,0.0,0.0,0.0,0.0,0.0,0.0,0.0,0.0,0.0,0.0,0.0,0.0,0.0,0.0,0.0,0.0,0.0,0.0,0.0,0.0,0.0,0.0,0.0,0.0
TP8,0.0,0.0,0.0,0.0,0.0,0.0,0.0,0.0,0.0,0.0,0.0,0.0,0.0,0.0,0.0,0.0,0.0,0.0,0.0,0.0,0.0,0.0,0.0,0.0,0.0,0.0,0.0,0.0,0.0,0.0,0.0,0.0,0.0,0.0,0.0,0.0,0.0,0.0,0.0,0.0,0.0,0.0,0.0,0.0,0.0,0.0,0.0,0.0,0.0,0.0,0.0,0.0,0.0,0.0,0.0,0.0,0.0,0.0,0.0,0.0,0.0,0.0,0.0
C6,0.0,0.0,0.06349206349206349,0.06349206349206349,0.0,0.0,0.0,0.0,0.0,0.0,0.0,0.0,0.0,0.031746031746031744,0.0,0.06349206349206349,0.06349206349206349,0.06349206349206349,0.0,0.06349206349206349,0.0,0.0,0.015873015873015872,0.0,0.0,0.0,0.0,0.0,0.0,0.0,0.0,0.0,0.0,0.0,0.0,0.0,0.0,0.0,0.06349206349206349,0.06349206349206349,0.0,0.0,0.0,0.0,0.0,0.031746031746031744,0.0,0.0,0.06349206349206349,0.0,0.0,0.047619047619047616,0.0,0.0,0.047619047619047616,0.0,0.0,0.06349206349206349,0.06349206349206349,0.0,0.06349206349206349,0.06349206349206349,0.0
C2,0.0,0.0,0.0,0.0,0.0,0.0,0.0,0.0,0.0,0.0,0.0,0.0,0.0,0.0,0.0,0.0,0.0,0.0,0.0,0.0,0.0,0.0,0.0,0.0,0.0,0.0,0.0,0.0,0.0,0.0,0.0,0.0,0.0,0.0,0.0,0.0,0.0,0.0,0.0,0.0,0.0,0.0,0.0,0.0,0.0,0.0,0.0,0.0,0.0,0.0,0.0,0.0,0.0,0.0,0.0,0.0,0.0,0.0,0.0,0.0,0.0,0.0,0.0
FC4,0.0,0.0,0.0,0.0,0.0,0.0,0.0,0.0,0.0,0.0,0.0,0.0,0.0,0.0,0.0,0.0,0.0,0.0,0.0,0.0,0.0,0.0,0.0,0.0,0.0,0.0,0.0,0.0,0.0,0.0,0.0,0.0,0.0,0.0,0.0,0.0,0.0,0.0,0.0,0.0,0.0,0.0,0.0,0.0,0.0,0.0,0.0,0.0,0.0,0.0,0.0,0.0,0.0,0.0,0.0,0.0,0.0,0.0,0.0,0.0,0.0,0.0,0.0
FT8,0.0,0.0,0.08446866485013624,0.09673024523160763,0.0,0.0,0.0,0.0,0.0,0.0,0.0,0.0,0.0,0.0027247956403269754,0.0,0.009536784741144414,0.009536784741144414,0.09400544959128065,0.0,0.09673024523160763,0.0,0.0,0.0013623978201634877,0.0,0.0,0.0,0.0,0.0,0.0,0.0,0.0,0.0,0.0,0.0,0.0,0.0,0.0,0.0,0.05858310626702997,0.08719346049046321,0.0,0.0,0.0,0.0,0.0,0.0027247956403269754,0.0,0.0,0.09673024523160763,0.0,0.0,0.004087193460490463,0.0,0.0,0.004087193460490463,0.0,0.0,0.09400544959128065,0.09264305177111716,0.0,0.09536784741144415,0.06948228882833787,0.0
F6,0.0,0.0,0.08423913043478261,0.09782608695652174,0.0,0.0,0.0,0.0,0.0,0.0,0.0,0.0,0.0,0.002717391304347826,0.0,0.009510869565217392,0.009510869565217392,0.09239130434782608,0.0,0.09646739130434782,0.0,0.0,0.001358695652173913,0.0,0.0,0.0,0.0,0.0,0.0,0.0,0.0,0.0,0.0,0.0,0.0,0.0,0.0,0.0,0.058423913043478264,0.08559782608695653,0.0,0.0,0.0,0.0,0.0,0.002717391304347826,0.0,0.0,0.09782608695652174,0.0,0.0,0.004076086956521739,0.0,0.0,0.004076086956521739,0.0,0.0,0.09510869565217392,0.09510869565217392,0.0,0.09375,0.06929347826086957,0.0
AF8,0.0,0.0,0.0,0.0,0.032467532467532464,0.0,0.08831168831168831,0.0,0.0,0.0,0.07142857142857142,0.0,0.0,0.0,0.0,0.0,0.0,0.0,0.0,0.0,0.09220779220779221,0.0,0.0,0.0,0.0,0.0,0.0,0.0,0.0,0.0,0.11688311688311688,0.0,0.08311688311688312,0.0,0.0,0.0,0.0,0.0,0.0,0.0,0.0,0.0,0.0,0.0,0.05064935064935065,0.0,0.06103896103896104,0.08311688311688312,0.0,0.08701298701298701,0.1025974025974026,0.0,0.0,0.0,0.0,0.0,0.0,0.0,0.0,0.13116883116883116,0.0,0.0,0.0
AF4,0.0,0.0,0.08458390177353342,0.09686221009549795,0.0,0.0,0.0,0.0,0.0,0.0,0.0,0.0,0.0,0.002728512960436562,0.0,0.009549795361527967,0.009549795361527967,0.09686221009549795,0.0,0.09686221009549795,0.0,0.0,0.001364256480218281,0.0,0.0,0.0,0.0,0.0,0.0,0.0,0.0,0.0,0.0,0.0,0.0,0.0,0.0,0.0,0.058663028649386086,0.09004092769440655,0.0,0.0,0.0,0.0,0.0,0.002728512960436562,0.0,0.0,0.09686221009549795,0.0,0.0,0.004092769440654843,0.0,0.0,0.004092769440654843,0.0,0.0,0.09140518417462483,0.09004092769440655,0.0,0.0941336971350614,0.06957708049113233,0.0
F2,0.0,0.0,0.08620689655172414,0.0896551724137931,0.0,0.0,0.0,0.0,0.0,0.0,0.0,0.0,0.0,0.0034482758620689655,0.0,0.01206896551724138,0.01206896551724138,0.0896551724137931,0.0,0.0896551724137931,0.0,0.0,0.0017241379310344827,0.0,0.0,0.0,0.0,0.0,0.0,0.0,0.0,0.0,0.0,0.0,0.0,0.0,0.0,0.0,0.07241379310344828,0.08448275862068966,0.0,0.0,0.0,0.0,0.0,0.0034482758620689655,0.0,0.0,0.0896551724137931,0.0,0.0,0.005172413793103448,0.0,0.0,0.005172413793103448,0.0,0.0,0.0896551724137931,0.0896551724137931,0.0,0.0896551724137931,0.08620689655172414,0.0
FCz,0.0,0.0,0.0,0.0,0.0,0.0,0.0,0.0,0.0,0.0,0.0,0.0,0.0,0.0,0.0,0.0,0.0,0.0,0.0,0.0,0.0,0.0,0.0,0.0,0.0,0.0,0.0,0.0,0.0,0.0,0.0,0.0,0.0,0.0,0.0,0.0,0.0,0.0,0.0,0.0,0.0,0.0,0.0,0.0,0.0,0.0,0.0,0.0,0.0,0.0,0.0,0.0,0.0,0.0,0.0,0.0,0.0,0.0,0.0,0.0,0.0,0.0,0.0
