,Fz,F3,F7,FT9,FC5,FC1,C3,T7,TP9,CP5,CP1,Pz,P3,P7,O1,Oz,O2,P4,P8,TP10,CP6,CP2,Cz,C4,T8,FT10,FC6,FC2,F4,F8,Fp2,AF7,AF3,AFz,F1,F5,FT7,FC3,C1,C5,TP7,CP3,P1,P5,PO7,PO3,POz,PO4,PO8,P6,P2,CPz,CP4,TP8,C6,C2,FC4,FT8,F6,AF8,AF4,F2,FCz
Fz,0.046586345381526104,0.0,0.04738955823293173,0.04738955823293173,0.0,0.0,0.0,0.0,0.04738955823293173,0.0,0.046586345381526104,0.0,0.0,0.0393574297188755,0.0,0.0,0.04497991967871486,0.0,0.04738955823293173,0.0,0.04738955823293173,0.0,0.0,0.0,0.0,0.04738955823293173,0.0,0.0,0.04738955823293173,0.04738955823293173,0.0,0.03132530120481928,0.0,0.0,0.04738955823293173,0.0,0.0,0.04738955823293173,0.0,0.04738955823293173,0.0,0.04738955823293173,0.04738955823293173,0.04738955823293173,0.0,0.0,0.02570281124497992,0.0,0.0,0.0,0.03453815261044177,0.0,0.04738955823293173,0.0,0.0,0.0,0.020080321285140562,0.0,0.0,0.0,0.0,0.0,0.0
F3,0.0,0.0,0.0,0.0,0.0,0.0,0.0,0.0,0.0,0.0,0.0,0.0,0.0,0.0,0.0,0.0,0.0,0.0,0.0,0.0,0.0,0.0,0.0,0.0,0.0,0.0,0.0,0.0,0.0,0.0,0.0,0.0,0.0,0.0,0.0,0.0,0.0,0.0,0.0,0.0,0.0,0.0,0.0,0.0,0.0,0.0,0.0,0.0,0.0,0.0,0.0,0.0,0.0,0.0,0.0,0.0,0.0,0.0,0.0,0.0,0.0,0.0,0.0
F7,0.036668738346799255,0.0,0.06960845245494096,0.045369794903666875,0.0,0.0,0.0,0.0,0.04599129894344313,0.0,0.036668738346799255,0.0,0.0,0.03356121814791796,0.0,0.0,0.03791174642635177,0.0,0.041640770665009326,0.0,0.0689869484151647,0.0,0.0,0.0,0.0,0.04723430702299565,0.0,0.0,0.045369794903666875,0.0435052827843381,0.0,0.024238657551274082,0.0,0.0,0.04599129894344313,0.0,0.0,0.045369794903666875,0.0,0.07085146053449347,0.0,0.04661280298321939,0.04226227470478558,0.06401491609695463,0.0,0.0,0.019888129272840272,0.0,0.0,0.0,0.026724673710379118,0.0,0.04599129894344313,0.0,0.0,0.0,0.015537600994406464,0.0,0.0,0.0,0.0,0.0,0.0
FT9,0.04105775922059847,0.0,0.05080027835768963,0.05010438413361169,0.0,0.0,0.0,0.0,0.05080027835768963,0.0,0.04105775922059847,0.0,0.0,0.037578288100208766,0.0,0.0,0.04244954766875435,0.0,0.04662491301322199,0.0,0.049408489909533754,0.0,0.0,0.0,0.0,0.05010438413361169,0.0,0.0,0.04871259568545581,0.04871259568545581,0.0,0.027139874739039668,0.0,0.0,0.04871259568545581,0.0,0.0,0.04801670146137787,0.0,0.05080027835768963,0.0,0.049408489909533754,0.04732080723729993,0.05080027835768963,0.0,0.0,0.022268615170494086,0.0,0.0,0.0,0.029923451635351428,0.0,0.05080027835768963,0.0,0.0,0.0,0.017397355601948505,0.0,0.0,0.0,0.0,0.0,0.0
FC5,0.0,0.0,0.0,0.0,0.05755395683453238,0.0,0.0,0.06474820143884892,0.0,0.06474820143884892,0.0,0.0,0.05755395683453238,0.0,0.0,0.0,0.0,0.06474820143884892,0.0,0.0,0.0,0.050359712230215826,0.0,0.0,0.0,0.0,0.06474820143884892,0.0,0.0,0.0,0.0,0.0,0.06474820143884892,0.0,0.0,0.06474820143884892,0.06474820143884892,0.0,0.04316546762589928,0.0,0.0,0.0,0.0,0.0,0.0,0.0,0.0,0.0,0.04316546762589928,0.0,0.0,0.0,0.0,0.06474820143884892,0.050359712230215826,0.0,0.0,0.06474820143884892,0.050359712230215826,0.0,0.06474820143884892,0.0,0.0
FC1,0.0,0.0,0.0,0.0,0.0,0.0,0.0,0.0,0.0,0.0,0.0,0.0,0.0,0.0,0.0,0.0,0.0,0.0,0.0,0.0,0.0,0.0,0.0,0.0,0.0,0.0,0.0,0.0,0.0,0.0,0.0,0.0,0.0,0.0,0.0,0.0,0.0,0.0,0.0,0.0,0.0,0.0,0.0,0.0,0.0,0.0,0.0,0.0,0.0,0.0,0.0,0.0,0.0,0.0,0.0,0.0,0.0,0.0,0.0,0.0,0.0,0.0,0.0
C3,0.0,0.0,0.0,0.0,0.0,0.0,0.0,0.0,0.0,0.0,0.0,0.0,0.0,0.0,0.0,0.0,0.0,0.0,0.0,0.0,0.0,0.0,0.0,0.0,0.0,0.0,0.0,0.0,0.0,0.0,0.0,0.0,0.0,0.0,0.0,0.0,0.0,0.0,0.0,0.0,0.0,0.0,0.0,0.0,0.0,0.0,0.0,0.0,0.0,0.0,0.0,0.0,0.0,0.0,0.0,0.0,0.0,0.0,0.0,0.0,0.0,0.0,0.0
T7,0.0,0.0,0.0,0.0,0.010666666666666666,0.0,0.0,0.11733333333333333,0.0,0.1,0.0,0.0,0.07733333333333334,0.0,0.0,0.0,0.0,0.08266666666666667,0.0,0.0,0.0,0.052,0.0,0.0,0.0,0.0,0.10666666666666667,0.0,0.0,0.0,0.0,0.0,0.016,0.0,0.0,0.10266666666666667,0.018666666666666668,0.0,0.068,0.0,0.0,0.0,0.0,0.0,0.0,0.0,0.0,0.0,0.008,0.0,0.0,0.0,0.0,0.09333333333333334,0.009333333333333334,0.0,0.0,0.116,0.009333333333333334,0.0,0.012,0.0,0.0
TP9,0.04066161268090972,0.0,0.05099931082012405,0.04893177119228118,0.0,0.0,0.0,0.0,0.05031013094417643,0.0,0.04066161268090972,0.0,0.0,0.037215713301171606,0.0,0.0,0.04203997243280496,0.0,0.0461750516884907,0.0,0.05031013094417643,0.0,0.0,0.0,0.0,0.05099931082012405,0.0,0.0,0.04962095106822881,0.048242591316333565,0.0,0.026878015161957272,0.0,0.0,0.04962095106822881,0.0,0.0,0.04893177119228118,0.0,0.05099931082012405,0.0,0.05031013094417643,0.04686423156443832,0.05099931082012405,0.0,0.0,0.022053756030323914,0.0,0.0,0.0,0.029634734665747762,0.0,0.05031013094417643,0.0,0.0,0.0,0.01722949689869056,0.0,0.0,0.0,0.0,0.0,0.0
CP5,0.0,0.0,0.0,0.0,0.011560693641618497,0.0,0.0,0.10982658959537572,0.0,0.1069364161849711,0.0,0.0,0.07369942196531792,0.0,0.0,0.0,0.0,0.08236994219653179,0.0,0.0,0.0,0.05635838150289017,0.0,0.0,0.0,0.0,0.09971098265895954,0.0,0.0,0.0,0.0,0.0,0.017341040462427744,0.0,0.0,0.1069364161849711,0.01878612716763006,0.0,0.06936416184971098,0.0,0.0,0.0,0.0,0.0,0.0,0.0,0.0,0.0,0.008670520231213872,0.0,0.0,0.0,0.0,0.0953757225433526,0.010115606936416185,0.0,0.0,0.10982658959537572,0.010115606936416185,0.0,0.01300578034682081,0.0,0.0
CP1,0.046586345381526104,0.0,0.04738955823293173,0.04738955823293173,0.0,0.0,0.0,0.0,0.04738955823293173,0.0,0.046586345381526104,0.0,0.0,0.0393574297188755,0.0,0.0,0.04497991967871486,0.0,0.04738955823293173,0.0,0.04738955823293173,0.0,0.0,0.0,0.0,0.04738955823293173,0.0,0.0,0.04738955823293173,0.04738955823293173,0.0,0.03132530120481928,0.0,0.0,0.04738955823293173,0.0,0.0,0.04738955823293173,0.0,0.04738955823293173,0.0,0.04738955823293173,0.04738955823293173,0.04738955823293173,0.0,0.0,0.02570281124497992,0.0,0.0,0.0,0.03453815261044177,0.0,0.04738955823293173,0.0,0.0,0.0,0.020080321285140562,0.0,0.0,0.0,0.0,0.0,0.0
Pz,0.0,0.0,0.0,0.0,0.058823529411764705,0.0,0.0,0.058823529411764705,0.0,0.058823529411764705,0.0,0.0,0.058823529411764705,0.0,0.0,0.0,0.0,0.058823529411764705,0.0,0.0,0.0,0.058823529411764705,0.0,0.0,0.0,0.0,0.058823529411764705,0.0,0.0,0.0,0.0,0.0,0.058823529411764705,0.0,0.0,0.058823529411764705,0.058823529411764705,0.0,0.058823529411764705,0.0,0.0,0.0,0.0,0.0,0.0,0.0,0.0,0.0,0.058823529411764705,0.0,0.0,0.0,0.0,0.058823529411764705,0.058823529411764705,0.0,0.0,0.058823529411764705,0.058823529411764705,0.0,0.058823529411764705,0.0,0.0
P3,0.0,0.0,0.0,0.0,0.013266998341625208,0.0,0.0,0.0978441127694859,0.0,0.08955223880597014,0.0,0.0,0.0945273631840796,0.0,0.0,0.0,0.0,0.09618573797678276,0.0,0.0,0.0,0.06467661691542288,0.0,0.0,0.0,0.0,0.0978441127694859,0.0,0.0,0.0,0.0,0.0,0.014925373134328358,0.0,0.0,0.0912106135986733,0.014925373134328358,0.0,0.0845771144278607,0.0,0.0,0.0,0.0,0.0,0.0,0.0,0.0,0.0,0.009950248756218905,0.0,0.0,0.0,0.0,0.0945273631840796,0.011608623548922056,0.0,0.0,0.0978441127694859,0.011608623548922056,0.0,0.014925373134328358,0.0,0.0
P7,0.04411764705882353,0.0,0.04671280276816609,0.04671280276816609,0.0,0.0,0.0,0.0,0.04671280276816609,0.0,0.04411764705882353,0.0,0.0,0.045847750865051905,0.0,0.0,0.04671280276816609,0.0,0.04671280276816609,0.0,0.04671280276816609,0.0,0.0,0.0,0.0,0.04671280276816609,0.0,0.0,0.04671280276816609,0.04671280276816609,0.0,0.03373702422145329,0.0,0.0,0.04671280276816609,0.0,0.0,0.04671280276816609,0.0,0.04671280276816609,0.0,0.04671280276816609,0.04671280276816609,0.04671280276816609,0.0,0.0,0.02768166089965398,0.0,0.0,0.0,0.03546712802768166,0.0,0.04671280276816609,0.0,0.0,0.0,0.02162629757785467,0.0,0.0,0.0,0.0,0.0,0.0
O1,0.0,0.0,0.0,0.0,0.0,0.0,0.0,0.0,0.0,0.0,0.0,0.0,0.0,0.0,0.0,0.0,0.0,0.0,0.0,0.0,0.0,0.0,0.0,0.0,0.0,0.0,0.0,0.0,0.0,0.0,0.0,0.0,0.0,0.0,0.0,0.0,0.0,0.0,0.0,0.0,0.0,0.0,0.0,0.0,0.0,0.0,0.0,0.0,0.0,0.0,0.0,0.0,0.0,0.0,0.0,0.0,0.0,0.0,0.0,0.0,0.0,0.0,0.0
Oz,0.0,0.0,0.0,0.0,0.0,0.0,0.0,0.0,0.0,0.0,0.0,0.0,0.0,0.0,0.0,0.0,0.0,0.0,0.0,0.0,0.0,0.0,0.0,0.0,0.0,0.0,0.0,0.0,0.0,0.0,0.0,0.0,0.0,0.0,0.0,0.0,0.0,0.0,0.0,0.0,0.0,0.0,0.0,0.0,0.0,0.0,0.0,0.0,0.0,0.0,0.0,0.0,0.0,0.0,0.0,0.0,0.0,0.0,0.0,0.0,0.0,0.0,0.0
O2,0.04520654715510522,0.0,0.0475448168355417,0.0475448168355417,0.0,0.0,0.0,0.0,0.0475448168355417,0.0,0.04520654715510522,0.0,0.0,0.041309431021044424,0.0,0.0,0.04676539360872954,0.0,0.0475448168355417,0.0,0.0475448168355417,0.0,0.0,0.0,0.0,0.0475448168355417,0.0,0.0,0.0475448168355417,0.0475448168355417,0.0,0.030397505845674203,0.0,0.0,0.0475448168355417,0.0,0.0,0.0475448168355417,0.0,0.0475448168355417,0.0,0.0475448168355417,0.0475448168355417,0.0475448168355417,0.0,0.0,0.02494154325798909,0.0,0.0,0.0,0.03351519875292284,0.0,0.0475448168355417,0.0,0.0,0.0,0.019485580670303974,0.0,0.0,0.0,0.0,0.0,0.0
P4,0.0,0.0,0.0,0.0,0.012578616352201259,0.0,0.0,0.09905660377358491,0.0,0.09433962264150944,0.0,0.0,0.08647798742138364,0.0,0.0,0.0,0.0,0.0959119496855346,0.0,0.0,0.0,0.06132075471698113,0.0,0.0,0.0,0.0,0.09433962264150944,0.0,0.0,0.0,0.0,0.0,0.018867924528301886,0.0,0.0,0.0959119496855346,0.018867924528301886,0.0,0.08018867924528301,0.0,0.0,0.0,0.0,0.0,0.0,0.0,0.0,0.0,0.009433962264150943,0.0,0.0,0.0,0.0,0.09748427672955975,0.0110062893081761,0.0,0.0,0.09905660377358491,0.0110062893081761,0.0,0.014150943396226415,0.0,0.0
P8,0.04319180087847731,0.0,0.04904831625183016,0.048316251830161056,0.0,0.0,0.0,0.0,0.04904831625183016,0.0,0.04319180087847731,0.0,0.0,0.03806734992679356,0.0,0.0,0.04319180087847731,0.0,0.048316251830161056,0.0,0.04904831625183016,0.0,0.0,0.0,0.0,0.04904831625183016,0.0,0.0,0.04904831625183016,0.048316251830161056,0.0,0.02855051244509517,0.0,0.0,0.04904831625183016,0.0,0.0,0.04904831625183016,0.0,0.04904831625183016,0.0,0.04904831625183016,0.046120058565153735,0.04904831625183016,0.0,0.0,0.02342606149341142,0.0,0.0,0.0,0.0314787701317716,0.0,0.04904831625183016,0.0,0.0,0.0,0.018301610541727673,0.0,0.0,0.0,0.0,0.0,0.0
TP10,0.0,0.0,0.0,0.0,0.0,0.0,0.0,0.0,0.0,0.0,0.0,0.0,0.0,0.0,0.0,0.0,0.0,0.0,0.0,0.0,0.0,0.0,0.0,0.0,0.0,0.0,0.0,0.0,0.0,0.0,0.0,0.0,0.0,0.0,0.0,0.0,0.0,0.0,0.0,0.0,0.0,0.0,0.0,0.0,0.0,0.0,0.0,0.0,0.0,0.0,0.0,0.0,0.0,0.0,0.0,0.0,0.0,0.0,0.0,0.0,0.0,0.0,0.0
CP6,0.03689806128830519,0.0,0.066916823014384,0.043151969981238276,0.0,0.0,0.0,0.0,0.04440275171982489,0.0,0.03689806128830519,0.0,0.0,0.03377110694183865,0.0,0.0,0.03814884302689181,0.0,0.041901188242651655,0.0,0.075046904315197,0.0,0.0,0.0,0.0,0.046278924327704814,0.0,0.0,0.045653533458411506,0.043151969981238276,0.0,0.024390243902439025,0.0,0.0,0.046278924327704814,0.0,0.0,0.045653533458411506,0.0,0.07567229518449031,0.0,0.046278924327704814,0.04127579737335835,0.06128830519074421,0.0,0.0,0.020012507817385866,0.0,0.0,0.0,0.02689180737961226,0.0,0.04440275171982489,0.0,0.0,0.0,0.015634771732332707,0.0,0.0,0.0,0.0,0.0,0.0
CP2,0.0,0.0,0.0,0.0,0.017857142857142856,0.0,0.0,0.08928571428571429,0.0,0.08928571428571429,0.0,0.0,0.08928571428571429,0.0,0.0,0.0,0.0,0.08928571428571429,0.0,0.0,0.0,0.08482142857142858,0.0,0.0,0.0,0.0,0.08928571428571429,0.0,0.0,0.0,0.0,0.0,0.017857142857142856,0.0,0.0,0.08928571428571429,0.017857142857142856,0.0,0.08482142857142858,0.0,0.0,0.0,0.0,0.0,0.0,0.0,0.0,0.0,0.013392857142857142,0.0,0.0,0.0,0.0,0.08928571428571429,0.015625,0.0,0.0,0.08928571428571429,0.015625,0.0,0.017857142857142856,0.0,0.0
Cz,0.0,0.0,0.0,0.0,0.0,0.0,0.0,0.0,0.0,0.0,0.0,0.0,0.0,0.0,0.0,0.0,0.0,0.0,0.0,0.0,0.0,0.0,0.0,0.0,0.0,0.0,0.0,0.0,0.0,0.0,0.0,0.0,0.0,0.0,0.0,0.0,0.0,0.0,0.0,0.0,0.0,0.0,0.0,0.0,0.0,0.0,0.0,0.0,0.0,0.0,0.0,0.0,0.0,0.0,0.0,0.0,0.0,0.0,0.0,0.0,0.0,0.0,0.0
C4,0.0,0.0,0.0,0.0,0.0,0.0,0.0,0.0,0.0,0.0,0.0,0.0,0.0,0.0,0.0,0.0,0.0,0.0,0.0,0.0,0.0,0.0,0.0,0.0,0.0,0.0,0.0,0.0,0.0,0.0,0.0,0.0,0.0,0.0,0.0,0.0,0.0,0.0,0.0,0.0,0.0,0.0,0.0,0.0,0.0,0.0,0.0,0.0,0.0,0.0,0.0,0.0,0.0,0.0,0.0,0.0,0.0,0.0,0.0,0.0,0.0,0.0,0.0
T8,0.0,0.0,0.0,0.0,0.0,0.0,0.0,0.0,0.0,0.0,0.0,0.0,0.0,0.0,0.0,0.0,0.0,0.0,0.0,0.0,0.0,0.0,0.0,0.0,0.0,0.0,0.0,0.0,0.0,0.0,0.0,0.0,0.0,0.0,0.0,0.0,0.0,0.0,0.0,0.0,0.0,0.0,0.0,0.0,0.0,0.0,0.0,0.0,0.0,0.0,0.0,0.0,0.0,0.0,0.0,0.0,0.0,0.0,0.0,0.0,0.0,0.0,0.0
FT10,0.040300546448087435,0.0,0.05191256830601093,0.04781420765027322,0.0,0.0,0.0,0.0,0.04918032786885246,0.0,0.040300546448087435,0.0,0.0,0.036885245901639344,0.0,0.0,0.041666666666666664,0.0,0.045765027322404374,0.0,0.05191256830601093,0.0,0.0,0.0,0.0,0.05122950819672131,0.0,0.0,0.049863387978142076,0.04781420765027322,0.0,0.02663934426229508,0.0,0.0,0.050546448087431695,0.0,0.0,0.049863387978142076,0.0,0.05191256830601093,0.0,0.05122950819672131,0.045765027322404374,0.05191256830601093,0.0,0.0,0.02185792349726776,0.0,0.0,0.0,0.029371584699453553,0.0,0.04918032786885246,0.0,0.0,0.0,0.01707650273224044,0.0,0.0,0.0,0.0,0.0,0.0
FC6,0.0,0.0,0.0,0.0,0.011095700416088766,0.0,0.0,0.11373092926490985,0.0,0.09986130374479889,0.0,0.0,0.08044382801664356,0.0,0.0,0.0,0.0,0.08460471567267684,0.0,0.0,0.0,0.05409153952843273,0.0,0.0,0.0,0.0,0.11095700416088766,0.0,0.0,0.0,0.0,0.0,0.013869625520110958,0.0,0.0,0.10124826629680998,0.013869625520110958,0.0,0.07073509015256588,0.0,0.0,0.0,0.0,0.0,0.0,0.0,0.0,0.0,0.008321775312066574,0.0,0.0,0.0,0.0,0.0957004160887656,0.009708737864077669,0.0,0.0,0.10957004160887657,0.009708737864077669,0.0,0.012482662968099861,0.0,0.0
FC2,0.0,0.0,0.0,0.0,0.0,0.0,0.0,0.0,0.0,0.0,0.0,0.0,0.0,0.0,0.0,0.0,0.0,0.0,0.0,0.0,0.0,0.0,0.0,0.0,0.0,0.0,0.0,0.0,0.0,0.0,0.0,0.0,0.0,0.0,0.0,0.0,0.0,0.0,0.0,0.0,0.0,0.0,0.0,0.0,0.0,0.0,0.0,0.0,0.0,0.0,0.0,0.0,0.0,0.0,0.0,0.0,0.0,0.0,0.0,0.0,0.0,0.0,0.0
F4,0.04108635097493036,0.0,0.05083565459610028,0.04735376044568245,0.0,0.0,0.0,0.0,0.04874651810584958,0.0,0.04108635097493036,0.0,0.0,0.037604456824512536,0.0,0.0,0.04247910863509749,0.0,0.04665738161559889,0.0,0.05083565459610028,0.0,0.0,0.0,0.0,0.05083565459610028,0.0,0.0,0.05013927576601671,0.04735376044568245,0.0,0.027158774373259052,0.0,0.0,0.05083565459610028,0.0,0.0,0.05083565459610028,0.0,0.05083565459610028,0.0,0.05083565459610028,0.04526462395543175,0.05083565459610028,0.0,0.0,0.022284122562674095,0.0,0.0,0.0,0.029944289693593314,0.0,0.04874651810584958,0.0,0.0,0.0,0.017409470752089137,0.0,0.0,0.0,0.0,0.0,0.0
F8,0.04178470254957507,0.0,0.049575070821529746,0.04886685552407932,0.0,0.0,0.0,0.0,0.049575070821529746,0.0,0.04178470254957507,0.0,0.0,0.03824362606232295,0.0,0.0,0.04320113314447592,0.0,0.04745042492917847,0.0,0.049575070821529746,0.0,0.0,0.0,0.0,0.049575070821529746,0.0,0.0,0.049575070821529746,0.04886685552407932,0.0,0.02762039660056657,0.0,0.0,0.049575070821529746,0.0,0.0,0.04886685552407932,0.0,0.049575070821529746,0.0,0.049575070821529746,0.046742209631728045,0.049575070821529746,0.0,0.0,0.0226628895184136,0.0,0.0,0.0,0.030453257790368272,0.0,0.049575070821529746,0.0,0.0,0.0,0.017705382436260624,0.0,0.0,0.0,0.0,0.0,0.0
Fp2,0.0,0.0,0.0,0.0,0.0,0.0,0.0,0.0,0.0,0.0,0.0,0.0,0.0,0.0,0.0,0.0,0.0,0.0,0.0,0.0,0.0,0.0,0.0,0.0,0.0,0.0,0.0,0.0,0.0,0.0,0.0,0.0,0.0,0.0,0.0,0.0,0.0,0.0,0.0,0.0,0.0,0.0,0.0,0.0,0.0,0.0,0.0,0.0,0.0,0.0,0.0,0.0,0.0,0.0,0.0,0.0,0.0,0.0,0.0,0.0,0.0,0.0,0.0
AF7,0.044673539518900345,0.0,0.044673539518900345,0.044673539518900345,0.0,0.0,0.0,0.0,0.044673539518900345,0.0,0.044673539518900345,0.0,0.0,0.044673539518900345,0.0,0.0,0.044673539518900345,0.0,0.044673539518900345,0.0,0.044673539518900345,0.0,0.0,0.0,0.0,0.044673539518900345,0.0,0.0,0.044673539518900345,0.044673539518900345,0.0,0.043528064146620846,0.0,0.0,0.044673539518900345,0.0,0.0,0.044673539518900345,0.0,0.044673539518900345,0.0,0.044673539518900345,0.044673539518900345,0.044673539518900345,0.0,0.0,0.03436426116838488,0.0,0.0,0.0,0.044673539518900345,0.0,0.044673539518900345,0.0,0.0,0.0,0.0286368843069874,0.0,0.0,0.0,0.0,0.0,0.0
AF3,0.0,0.0,0.0,0.0,0.048484848484848485,0.0,0.0,0.07878787878787878,0.0,0.07272727272727272,0.0,0.0,0.048484848484848485,0.0,0.0,0.0,0.0,0.06666666666666667,0.0,0.0,0.0,0.04242424242424243,0.0,0.0,0.0,0.0,0.05454545454545454,0.0,0.0,0.0,0.0,0.0,0.07272727272727272,0.0,0.0,0.07878787878787878,0.07878787878787878,0.0,0.03636363636363636,0.0,0.0,0.0,0.0,0.0,0.0,0.0,0.0,0.0,0.03636363636363636,0.0,0.0,0.0,0.0,0.06666666666666667,0.04242424242424243,0.0,0.0,0.07878787878787878,0.04242424242424243,0.0,0.05454545454545454,0.0,0.0
AFz,0.0,0.0,0.0,0.0,0.0,0.0,0.0,0.0,0.0,0.0,0.0,0.0,0.0,0.0,0.0,0.0,0.0,0.0,0.0,0.0,0.0,0.0,0.0,0.0,0.0,0.0,0.0,0.0,0.0,0.0,0.0,0.0,0.0,0.0,0.0,0.0,0.0,0.0,0.0,0.0,0.0,0.0,0.0,0.0,0.0,0.0,0.0,0.0,0.0,0.0,0.0,0.0,0.0,0.0,0.0,0.0,0.0,0.0,0.0,0.0,0.0,0.0,0.0
F1,0.04097222222222222,0.0,0.05138888888888889,0.04722222222222222,0.0,0.0,0.0,0.0,0.04861111111111111,0.0,0.04097222222222222,0.0,0.0,0.0375,0.0,0.0,0.04236111111111111,0.0,0.04652777777777778,0.0,0.05138888888888889,0.0,0.0,0.0,0.0,0.050694444444444445,0.0,0.0,0.05,0.04722222222222222,0.0,0.027083333333333334,0.0,0.0,0.050694444444444445,0.0,0.0,0.050694444444444445,0.0,0.05138888888888889,0.0,0.050694444444444445,0.04513888888888889,0.05138888888888889,0.0,0.0,0.022222222222222223,0.0,0.0,0.0,0.029861111111111113,0.0,0.04861111111111111,0.0,0.0,0.0,0.017361111111111112,0.0,0.0,0.0,0.0,0.0,0.0
F5,0.0,0.0,0.0,0.0,0.011347517730496455,0.0,0.0,0.10780141843971631,0.0,0.10638297872340426,0.0,0.0,0.07375886524822695,0.0,0.0,0.0,0.0,0.08226950354609928,0.0,0.0,0.0,0.05531914893617021,0.0,0.0,0.0,0.0,0.09929078014184398,0.0,0.0,0.0,0.0,0.0,0.01702127659574468,0.0,0.0,0.10921985815602837,0.02127659574468085,0.0,0.06950354609929078,0.0,0.0,0.0,0.0,0.0,0.0,0.0,0.0,0.0,0.00851063829787234,0.0,0.0,0.0,0.0,0.0950354609929078,0.009929078014184398,0.0,0.0,0.11063829787234042,0.009929078014184398,0.0,0.01276595744680851,0.0,0.0
FT7,0.0,0.0,0.0,0.0,0.04678362573099415,0.0,0.0,0.07602339181286549,0.0,0.07017543859649122,0.0,0.0,0.04678362573099415,0.0,0.0,0.0,0.0,0.06432748538011696,0.0,0.0,0.0,0.04093567251461988,0.0,0.0,0.0,0.0,0.05263157894736842,0.0,0.0,0.0,0.0,0.0,0.07017543859649122,0.0,0.0,0.08771929824561403,0.08771929824561403,0.0,0.03508771929824561,0.0,0.0,0.0,0.0,0.0,0.0,0.0,0.0,0.0,0.03508771929824561,0.0,0.0,0.0,0.0,0.06432748538011696,0.04093567251461988,0.0,0.0,0.08771929824561403,0.04093567251461988,0.0,0.05263157894736842,0.0,0.0
FC3,0.04143258426966292,0.0,0.051264044943820225,0.047050561797752806,0.0,0.0,0.0,0.0,0.04845505617977528,0.0,0.04143258426966292,0.0,0.0,0.037219101123595506,0.0,0.0,0.042134831460674156,0.0,0.047050561797752806,0.0,0.051264044943820225,0.0,0.0,0.0,0.0,0.05056179775280899,0.0,0.0,0.04985955056179775,0.047050561797752806,0.0,0.027387640449438203,0.0,0.0,0.05056179775280899,0.0,0.0,0.05056179775280899,0.0,0.051264044943820225,0.0,0.05056179775280899,0.0449438202247191,0.051264044943820225,0.0,0.0,0.02247191011235955,0.0,0.0,0.0,0.030196629213483147,0.0,0.04845505617977528,0.0,0.0,0.0,0.0175561797752809,0.0,0.0,0.0,0.0,0.0,0.0
C1,0.0,0.0,0.0,0.0,0.012681159420289856,0.0,0.0,0.09420289855072464,0.0,0.09239130434782608,0.0,0.0,0.09420289855072464,0.0,0.0,0.0,0.0,0.09420289855072464,0.0,0.0,0.0,0.07065217391304347,0.0,0.0,0.0,0.0,0.09420289855072464,0.0,0.0,0.0,0.0,0.0,0.012681159420289856,0.0,0.0,0.09420289855072464,0.012681159420289856,0.0,0.09057971014492754,0.0,0.0,0.0,0.0,0.0,0.0,0.0,0.0,0.0,0.010869565217391304,0.0,0.0,0.0,0.0,0.09420289855072464,0.012681159420289856,0.0,0.0,0.09420289855072464,0.012681159420289856,0.0,0.012681159420289856,0.0,0.0
C5,0.03606356968215159,0.0,0.06845965770171149,0.044009779951100246,0.0,0.0,0.0,0.0,0.04523227383863081,0.0,0.03606356968215159,0.0,0.0,0.03300733496332518,0.0,0.0,0.03728606356968215,0.0,0.04095354523227384,0.0,0.0745721271393643,0.0,0.0,0.0,0.0,0.04645476772616137,0.0,0.0,0.04462102689486552,0.042787286063569685,0.0,0.023838630806845965,0.0,0.0,0.04523227383863081,0.0,0.0,0.04462102689486552,0.0,0.08007334963325183,0.0,0.04584352078239609,0.04156479217603912,0.06295843520782396,0.0,0.0,0.019559902200488997,0.0,0.0,0.0,0.02628361858190709,0.0,0.04523227383863081,0.0,0.0,0.0,0.015281173594132029,0.0,0.0,0.0,0.0,0.0,0.0
TP7,0.0,0.0,0.0,0.0,0.0,0.0,0.0,0.0,0.0,0.0,0.0,0.0,0.0,0.0,0.0,0.0,0.0,0.0,0.0,0.0,0.0,0.0,0.0,0.0,0.0,0.0,0.0,0.0,0.0,0.0,0.0,0.0,0.0,0.0,0.0,0.0,0.0,0.0,0.0,0.0,0.0,0.0,0.0,0.0,0.0,0.0,0.0,0.0,0.0,0.0,0.0,0.0,0.0,0.0,0.0,0.0,0.0,0.0,0.0,0.0,0.0,0.0,0.0
CP3,0.040605643496214726,0.0,0.051617343427391604,0.047487955953200274,0.0,0.0,0.0,0.0,0.048864418444597386,0.0,0.040605643496214726,0.0,0.0,0.03716448726772195,0.0,0.0,0.04198210598761184,0.0,0.04611149346180317,0.0,0.051617343427391604,0.0,0.0,0.0,0.0,0.05092911218169305,0.0,0.0,0.05024088093599449,0.047487955953200274,0.0,0.026841018582243633,0.0,0.0,0.05092911218169305,0.0,0.0,0.05024088093599449,0.0,0.051617343427391604,0.0,0.05092911218169305,0.04542326221610461,0.051617343427391604,0.0,0.0,0.02202339986235375,0.0,0.0,0.0,0.029593943565037854,0.0,0.048864418444597386,0.0,0.0,0.0,0.017205781142463867,0.0,0.0,0.0,0.0,0.0,0.0
P1,0.04263005780346821,0.0,0.049132947976878616,0.049132947976878616,0.0,0.0,0.0,0.0,0.049132947976878616,0.0,0.04263005780346821,0.0,0.0,0.03901734104046243,0.0,0.0,0.04407514450867052,0.0,0.04696531791907514,0.0,0.049132947976878616,0.0,0.0,0.0,0.0,0.049132947976878616,0.0,0.0,0.04841040462427745,0.049132947976878616,0.0,0.028179190751445087,0.0,0.0,0.04841040462427745,0.0,0.0,0.0476878612716763,0.0,0.049132947976878616,0.0,0.049132947976878616,0.04841040462427745,0.049132947976878616,0.0,0.0,0.023121387283236993,0.0,0.0,0.0,0.03106936416184971,0.0,0.049132947976878616,0.0,0.0,0.0,0.018063583815028903,0.0,0.0,0.0,0.0,0.0,0.0
P5,0.037365421152628246,0.0,0.06523115896136795,0.045598480050664976,0.0,0.0,0.0,0.0,0.046865104496516784,0.0,0.037365421152628246,0.0,0.0,0.034198860037998734,0.0,0.0,0.038632045598480054,0.0,0.04243191893603546,0.0,0.06459784673844206,0.0,0.0,0.0,0.0,0.048131728942368585,0.0,0.0,0.04623179227359088,0.044331855604813175,0.0,0.024699176694110196,0.0,0.0,0.046865104496516784,0.0,0.0,0.04623179227359088,0.0,0.06586447118429385,0.0,0.04749841671944269,0.04306523115896137,0.06459784673844206,0.0,0.0,0.02026599113362888,0.0,0.0,0.0,0.027232425585813805,0.0,0.046865104496516784,0.0,0.0,0.0,0.015832805573147563,0.0,0.0,0.0,0.0,0.0,0.0
PO7,0.0,0.0,0.0,0.0,0.0,0.0,0.0,0.0,0.0,0.0,0.0,0.0,0.0,0.0,0.0,0.0,0.0,0.0,0.0,0.0,0.0,0.0,0.0,0.0,0.0,0.0,0.0,0.0,0.0,0.0,0.0,0.0,0.0,0.0,0.0,0.0,0.0,0.0,0.0,0.0,0.0,0.0,0.0,0.0,0.0,0.0,0.0,0.0,0.0,0.0,0.0,0.0,0.0,0.0,0.0,0.0,0.0,0.0,0.0,0.0,0.0,0.0,0.0
PO3,0.0,0.0,0.0,0.0,0.0,0.0,0.0,0.0,0.0,0.0,0.0,0.0,0.0,0.0,0.0,0.0,0.0,0.0,0.0,0.0,0.0,0.0,0.0,0.0,0.0,0.0,0.0,0.0,0.0,0.0,0.0,0.0,0.0,0.0,0.0,0.0,0.0,0.0,0.0,0.0,0.0,0.0,0.0,0.0,0.0,0.0,0.0,0.0,0.0,0.0,0.0,0.0,0.0,0.0,0.0,0.0,0.0,0.0,0.0,0.0,0.0,0.0,0.0
POz,0.04395604395604396,0.0,0.04395604395604396,0.04395604395604396,0.0,0.0,0.0,0.0,0.04395604395604396,0.0,0.04395604395604396,0.0,0.0,0.04395604395604396,0.0,0.0,0.04395604395604396,0.0,0.04395604395604396,0.0,0.04395604395604396,0.0,0.0,0.0,0.0,0.04395604395604396,0.0,0.0,0.04395604395604396,0.04395604395604396,0.0,0.04395604395604396,0.0,0.0,0.04395604395604396,0.0,0.0,0.04395604395604396,0.0,0.04395604395604396,0.0,0.04395604395604396,0.04395604395604396,0.04395604395604396,0.0,0.0,0.042582417582417584,0.0,0.0,0.0,0.04395604395604396,0.0,0.04395604395604396,0.0,0.0,0.0,0.034340659340659344,0.0,0.0,0.0,0.0,0.0,0.0
PO4,0.0,0.0,0.0,0.0,0.0,0.0,0.0,0.0,0.0,0.0,0.0,0.0,0.0,0.0,0.0,0.0,0.0,0.0,0.0,0.0,0.0,0.0,0.0,0.0,0.0,0.0,0.0,0.0,0.0,0.0,0.0,0.0,0.0,0.0,0.0,0.0,0.0,0.0,0.0,0.0,0.0,0.0,0.0,0.0,0.0,0.0,0.0,0.0,0.0,0.0,0.0,0.0,0.0,0.0,0.0,0.0,0.0,0.0,0.0,0.0,0.0,0.0,0.0
PO8,0.0,0.0,0.0,0.0,0.05982905982905983,0.0,0.0,0.05982905982905983,0.0,0.05982905982905983,0.0,0.0,0.05982905982905983,0.0,0.0,0.0,0.0,0.05982905982905983,0.0,0.0,0.0,0.05982905982905983,0.0,0.0,0.0,0.0,0.05982905982905983,0.0,0.0,0.0,0.0,0.0,0.05982905982905983,0.0,0.0,0.05982905982905983,0.05982905982905983,0.0,0.05128205128205128,0.0,0.0,0.0,0.0,0.0,0.0,0.0,0.0,0.0,0.05128205128205128,0.0,0.0,0.0,0.0,0.05982905982905983,0.05982905982905983,0.0,0.0,0.05982905982905983,0.05982905982905983,0.0,0.05982905982905983,0.0,0.0
P6,0.0,0.0,0.0,0.0,0.0,0.0,0.0,0.0,0.0,0.0,0.0,0.0,0.0,0.0,0.0,0.0,0.0,0.0,0.0,0.0,0.0,0.0,0.0,0.0,0.0,0.0,0.0,0.0,0.0,0.0,0.0,0.0,0.0,0.0,0.0,0.0,0.0,0.0,0.0,0.0,0.0,0.0,0.0,0.0,0.0,0.0,0.0,0.0,0.0,0.0,0.0,0.0,0.0,0.0,0.0,0.0,0.0,0.0,0.0,0.0,0.0,0.0,0.0
P2,0.04535864978902954,0.0,0.04535864978902954,0.04535864978902954,0.0,0.0,0.0,0.0,0.04535864978902954,0.0,0.04535864978902954,0.0,0.0,0.04113924050632911,0.0,0.0,0.04535864978902954,0.0,0.04535864978902954,0.0,0.04535864978902954,0.0,0.0,0.0,0.0,0.04535864978902954,0.0,0.0,0.04535864978902954,0.04535864978902954,0.0,0.04008438818565401,0.0,0.0,0.04535864978902954,0.0,0.0,0.04535864978902954,0.0,0.04535864978902954,0.0,0.04535864978902954,0.04535864978902954,0.04535864978902954,0.0,0.0,0.03164556962025317,0.0,0.0,0.0,0.04430379746835443,0.0,0.04535864978902954,0.0,0.0,0.0,0.026371308016877638,0.0,0.0,0.0,0.0,0.0,0.0
CPz,0.0,0.0,0.0,0.0,0.0,0.0,0.0,0.0,0.0,0.0,0.0,0.0,0.0,0.0,0.0,0.0,0.0,0.0,0.0,0.0,0.0,0.0,0.0,0.0,0.0,0.0,0.0,0.0,0.0,0.0,0.0,0.0,0.0,0.0,0.0,0.0,0.0,0.0,0.0,0.0,0.0,0.0,0.0,0.0,0.0,0.0,0.0,0.0,0.0,0.0,0.0,0.0,0.0,0.0,0.0,0.0,0.0,0.0,0.0,0.0,0.0,0.0,0.0
CP4,0.04066161268090972,0.0,0.05099931082012405,0.04893177119228118,0.0,0.0,0.0,0.0,0.05031013094417643,0.0,0.04066161268090972,0.0,0.0,0.037215713301171606,0.0,0.0,0.04203997243280496,0.0,0.0461750516884907,0.0,0.05031013094417643,0.0,0.0,0.0,0.0,0.05099931082012405,0.0,0.0,0.04962095106822881,0.048242591316333565,0.0,0.026878015161957272,0.0,0.0,0.04962095106822881,0.0,0.0,0.04893177119228118,0.0,0.05099931082012405,0.0,0.05031013094417643,0.04686423156443832,0.05099931082012405,0.0,0.0,0.022053756030323914,0.0,0.0,0.0,0.029634734665747762,0.0,0.05031013094417643,0.0,0.0,0.0,0.01722949689869056,0.0,0.0,0.0,0.0,0.0,0.0
TP8,0.0,0.0,0.0,0.0,0.01171303074670571,0.0,0.0,0.10395314787701318,0.0,0.10102489019033675,0.0,0.0,0.07906295754026355,0.0,0.0,0.0,0.0,0.08784773060029283,0.0,0.0,0.0,0.05710102489019034,0.0,0.0,0.0,0.0,0.09956076134699854,0.0,0.0,0.0,0.0,0.0,0.017569546120058566,0.0,0.0,0.10248901903367497,0.017569546120058566,0.0,0.0746705710102489,0.0,0.0,0.0,0.0,0.0,0.0,0.0,0.0,0.0,0.008784773060029283,0.0,0.0,0.0,0.0,0.10102489019033675,0.010248901903367497,0.0,0.0,0.10395314787701318,0.010248901903367497,0.0,0.013177159590043924,0.0,0.0
C6,0.0,0.0,0.0,0.0,0.06201550387596899,0.0,0.0,0.06201550387596899,0.0,0.06201550387596899,0.0,0.0,0.06201550387596899,0.0,0.0,0.0,0.0,0.06201550387596899,0.0,0.0,0.0,0.05426356589147287,0.0,0.0,0.0,0.0,0.06201550387596899,0.0,0.0,0.0,0.0,0.0,0.06201550387596899,0.0,0.0,0.06201550387596899,0.06201550387596899,0.0,0.046511627906976744,0.0,0.0,0.0,0.0,0.0,0.0,0.0,0.0,0.0,0.046511627906976744,0.0,0.0,0.0,0.0,0.06201550387596899,0.05426356589147287,0.0,0.0,0.06201550387596899,0.05426356589147287,0.0,0.06201550387596899,0.0,0.0
C2,0.0,0.0,0.0,0.0,0.0,0.0,0.0,0.0,0.0,0.0,0.0,0.0,0.0,0.0,0.0,0.0,0.0,0.0,0.0,0.0,0.0,0.0,0.0,0.0,0.0,0.0,0.0,0.0,0.0,0.0,0.0,0.0,0.0,0.0,0.0,0.0,0.0,0.0,0.0,0.0,0.0,0.0,0.0,0.0,0.0,0.0,0.0,0.0,0.0,0.0,0.0,0.0,0.0,0.0,0.0,0.0,0.0,0.0,0.0,0.0,0.0,0.0,0.0
FC4,0.043706293706293704,0.0,0.043706293706293704,0.043706293706293704,0.0,0.0,0.0,0.0,0.043706293706293704,0.0,0.043706293706293704,0.0,0.0,0.043706293706293704,0.0,0.0,0.043706293706293704,0.0,0.043706293706293704,0.0,0.043706293706293704,0.0,0.0,0.0,0.0,0.043706293706293704,0.0,0.0,0.043706293706293704,0.043706293706293704,0.0,0.043706293706293704,0.0,0.0,0.043706293706293704,0.0,0.0,0.043706293706293704,0.0,0.043706293706293704,0.0,0.043706293706293704,0.043706293706293704,0.043706293706293704,0.0,0.0,0.04020979020979021,0.0,0.0,0.0,0.043706293706293704,0.0,0.043706293706293704,0.0,0.0,0.0,0.04195804195804196,0.0,0.0,0.0,0.0,0.0,0.0
FT8,0.0,0.0,0.0,0.0,0.0107095046854083,0.0,0.0,0.11244979919678715,0.0,0.10040160642570281,0.0,0.0,0.07764390896921017,0.0,0.0,0.0,0.0,0.08299866131191433,0.0,0.0,0.0,0.05220883534136546,0.0,0.0,0.0,0.0,0.10174029451137885,0.0,0.0,0.0,0.0,0.0,0.01606425702811245,0.0,0.0,0.10441767068273092,0.020080321285140562,0.0,0.06827309236947791,0.0,0.0,0.0,0.0,0.0,0.0,0.0,0.0,0.0,0.008032128514056224,0.0,0.0,0.0,0.0,0.09370816599732262,0.009370816599732263,0.0,0.0,0.12048192771084337,0.009370816599732263,0.0,0.012048192771084338,0.0,0.0
F6,0.0,0.0,0.0,0.0,0.06201550387596899,0.0,0.0,0.06201550387596899,0.0,0.06201550387596899,0.0,0.0,0.06201550387596899,0.0,0.0,0.0,0.0,0.06201550387596899,0.0,0.0,0.0,0.05426356589147287,0.0,0.0,0.0,0.0,0.06201550387596899,0.0,0.0,0.0,0.0,0.0,0.06201550387596899,0.0,0.0,0.06201550387596899,0.06201550387596899,0.0,0.046511627906976744,0.0,0.0,0.0,0.0,0.0,0.0,0.0,0.0,0.0,0.046511627906976744,0.0,0.0,0.0,0.0,0.06201550387596899,0.05426356589147287,0.0,0.0,0.06201550387596899,0.05426356589147287,0.0,0.06201550387596899,0.0,0.0
AF8,0.0,0.0,0.0,0.0,0.0,0.0,0.0,0.0,0.0,0.0,0.0,0.0,0.0,0.0,0.0,0.0,0.0,0.0,0.0,0.0,0.0,0.0,0.0,0.0,0.0,0.0,0.0,0.0,0.0,0.0,0.0,0.0,0.0,0.0,0.0,0.0,0.0,0.0,0.0,0.0,0.0,0.0,0.0,0.0,0.0,0.0,0.0,0.0,0.0,0.0,0.0,0.0,0.0,0.0,0.0,0.0,0.0,0.0,0.0,0.0,0.0,0.0,0.0
AF4,0.0,0.0,0.0,0.0,0.05442176870748299,0.0,0.0,0.06802721088435375,0.0,0.06802721088435375,0.0,0.0,0.05442176870748299,0.0,0.0,0.0,0.0,0.06802721088435375,0.0,0.0,0.0,0.047619047619047616,0.0,0.0,0.0,0.0,0.061224489795918366,0.0,0.0,0.0,0.0,0.0,0.06802721088435375,0.0,0.0,0.06802721088435375,0.06802721088435375,0.0,0.04081632653061224,0.0,0.0,0.0,0.0,0.0,0.0,0.0,0.0,0.0,0.04081632653061224,0.0,0.0,0.0,0.0,0.06802721088435375,0.047619047619047616,0.0,0.0,0.06802721088435375,0.047619047619047616,0.0,0.061224489795918366,0.0,0.0
F2,0.0,0.0,0.0,0.0,0.0,0.0,0.0,0.0,0.0,0.0,0.0,0.0,0.0,0.0,0.0,0.0,0.0,0.0,0.0,0.0,0.0,0.0,0.0,0.0,0.0,0.0,0.0,0.0,0.0,0.0,0.0,0.0,0.0,0.0,0.0,0.0,0.0,0.0,0.0,0.0,0.0,0.0,0.0,0.0,0.0,0.0,0.0,0.0,0.0,0.0,0.0,0.0,0.0,0.0,0.0,0.0,0.0,0.0,0.0,0.0,0.0,0.0,0.0
FCz,0.0,0.0,0.0,0.0,0.0,0.0,0.0,0.0,0.0,0.0,0.0,0.0,0.0,0.0,0.0,0.0,0.0,0.0,0.0,0.0,0.0,0.0,0.0,0.0,0.0,0.0,0.0,0.0,0.0,0.0,0.0,0.0,0.0,0.0,0.0,0.0,0.0,0.0,0.0,0.0,0.0,0.0,0.0,0.0,0.0,0.0,0.0,0.0,0.0,0.0,0.0,0.0,0.0,0.0,0.0,0.0,0.0,0.0,0.0,0.0,0.0,0.0,0.0
