,Fp1,Fz,F3,F7,FT9,FC5,FC1,C3,T7,TP9,CP5,CP1,Pz,P3,P7,O1,Oz,O2,P4,P8,TP10,CP6,CP2,Cz,C4,T8,FT10,FC6,FC2,F4,F8,Fp2,AF7,AF3,AFz,F1,FT7,FC3,C1,C5,TP7,CP3,P1,P5,PO7,PO3,POz,PO4,PO8,P6,P2,CPz,CP4,TP8,C6,C2,FC4,FT8,F6,AF8,AF4,F2,FCz
Fp1,0.09809450017668815,0.004186884319243803,0.01200687464715166,0.021130226027079042,0.018470884644462622,0.002260011213713816,0.001073415684557456,0.009734786517075395,0.0071964342783450725,0.01696041217613626,0.02790390223865993,0.01656040006842266,0.028471891274139752,0.004340650522109952,0.014136635547965553,0.0075495025982308655,0.007023463798640275,0.005985640920411493,0.00046125461254612545,0.015515405833665357,0.014510360014416626,0.0014990774907749078,0.005052462652631104,0.0067095739633474165,0.013273191023115877,0.03923946312145304,0.0018585472362735835,0.00023062730627306272,0.02035217783978679,0.0041562850648537005,0.004500092215725667,0.08970861062578578,0.07006820092046781,0.00034594095940959407,0.07332762645873311,0.0016635127363291945,0.01597666044621148,0.006245459607400347,0.005633298535389016,0.022344561067224558,0.010081409415295985,0.027140064776267757,0.022563837391998492,0.007059056604968949,0.011621799199201454,0.014566564971258258,0.0056418337695395265,0.006449029341495246,0.0030536779995804534,0.013006970910514141,0.006628401246812926,0.015077667111085456,0.04148031405438053,0.004406842582828728,0.02628733329015854,0.013368618460602768,0.018102879664813436,0.0020756457564575647,0.00046125461254612545,0.03217613889940883,0.0002484237094373996,0.0014770134705353157,0.0012663163759642174
Fz,0.0014570343587197213,0.03190179846963737,0.016490365750376476,0.011728448595566961,0.017326724437795968,0.021524064044913402,0.020794776956345677,0.01545603769944954,0.019855781142993304,0.0059276579275146365,0.009704077263112714,0.011098250799448973,0.014186588179047482,0.017318742131393942,0.015421743251519349,0.01714834151350704,0.016591783268682648,0.01625438188052933,0.021501582951191735,0.014055064467872308,0.014284137653081487,0.024826261407892083,0.017591348675027714,0.01964918905150579,0.018807853701584415,0.006849506516901912,0.021869484735934412,0.021963634362347925,0.02330439520818715,0.01743047018195857,0.01680568024852848,0.0018035636679704476,0.0028393575443817895,0.020483687709720526,0.0005867014341590613,0.0233288103240449,0.010463150333760426,0.016991688271964744,0.01761612099814015,0.018503601146665903,0.018665231050710086,0.014264378988936604,0.016380891932736955,0.01831147084603237,0.012571680971158754,0.01679798115644981,0.018036610069473494,0.018617583430155633,0.017144547462166204,0.01640115578999918,0.01876285451767542,0.015059606536719259,0.008015641493327381,0.021643380198159704,0.007453355175026068,0.009205834378355914,0.011235896787821418,0.020788297471893723,0.021421932112097863,0.009877557517831086,0.02193198835106319,0.01915015775930829,0.016520077739525133
F3,0.0055709097157248455,0.019955007401387205,0.037623555784784504,0.016675789521240734,0.013729235534342604,0.019340547102349864,0.017724974382485874,0.017394406774518163,0.013636576566693544,0.011183269426372416,0.011363703924962177,0.013337707871458061,0.012928417052979934,0.018410495199510657,0.01384349295165329,0.01649988118286612,0.015685126944364802,0.016123329524147426,0.019264261662387074,0.014831368377101493,0.014501841016160987,0.019145478084861244,0.01723068728888167,0.019613989949468787,0.014351009145022825,0.008435603959804729,0.01860172892293123,0.017093791174882154,0.02007901590088839,0.016031027832991582,0.01767376540975954,0.0052372055754492984,0.007072923780038357,0.016254309850024486,0.0056078335504324275,0.02092999521233708,0.01313672306584699,0.0172923382099456,0.01619230165246734,0.016336868354602945,0.01537580840517861,0.014420680035102948,0.014646050441803374,0.01572170929380539,0.014947706288466589,0.014928204124085593,0.019173000218258435,0.020127437722186996,0.015490756688636396,0.016683110728496715,0.017766773758288706,0.014991951330430152,0.010638122740921982,0.02114805230739463,0.011089911696963148,0.01227145861637955,0.01500866634338342,0.019799299989153796,0.020793099098337563,0.010993774711739259,0.021354960796741266,0.02007552998770045,0.016613439838416594
F7,0.009111323641797144,0.0153433072803628,0.017743086382078155,0.0405286608959899,0.008005827369554429,0.015597226922121928,0.017306376367278088,0.020609295334314014,0.009759843981437517,0.013958329148290764,0.016633213092836895,0.018741559652221143,0.01657407619249667,0.02040969677719997,0.018483482392811768,0.01449264993314858,0.013203444004595555,0.015306013779139118,0.017499978740203148,0.016288817547826667,0.010504836408517971,0.015212999425428211,0.018696870198966334,0.015932910119011247,0.010960193173929877,0.011967859276766548,0.017252494081329603,0.014259435007888326,0.012325166473424107,0.018520995293383746,0.01790517203862022,0.008475234469231334,0.004906403492058318,0.019723663536987616,0.010311453434941208,0.019742529686947757,0.01696521915664874,0.018990402393060653,0.016172779426505374,0.013190793438172697,0.013881203695383593,0.014536858901830613,0.009342000116597589,0.018833874122010978,0.013288623607578745,0.016022686138341277,0.023318056732230828,0.018204219932330748,0.011425003857259943,0.018212973966327834,0.015993885585890207,0.01617601776088625,0.013767484625173809,0.01599966237073089,0.017087431175631135,0.018496832843155696,0.01626693246283395,0.014631931221428555,0.01867064978285125,0.013949575114293677,0.018142763980879013,0.016462853886870518,0.019674858151958744
FT9,0.007925063512874187,0.020296722894610424,0.013271240794552417,0.006505304875981341,0.04290218701944984,0.017113073092646255,0.016679746748857253,0.013452191979908854,0.02413143157534515,0.006100928825621556,0.013856568030268638,0.010898859241747947,0.01335633037093199,0.016680627400811294,0.006756595173311101,0.022089312738266947,0.02369110742161904,0.020617015827966684,0.019104540767647133,0.007400404627300545,0.022012305832927292,0.021934088259062817,0.013239570143534307,0.018715496813108377,0.016158185643138517,0.006613479202651084,0.01952714248453409,0.01946936770509766,0.01972949551799937,0.013312551211369764,0.01660324307320562,0.010150476470631695,0.014093233670614158,0.016218224956171066,0.008210918031928202,0.0179686237310562,0.01228941597036756,0.011953287711502242,0.014704491821631447,0.016094922742829056,0.019810858277414002,0.012643392473494035,0.030702593901802838,0.01031642557673787,0.02365168411613179,0.010887128155469852,0.011240727236330307,0.011053077261576028,0.022332976188549576,0.007908221727989082,0.018277563000400388,0.011599311208375766,0.00879770755101325,0.02500855727498119,0.011236245574833329,0.010614640219180013,0.01633548841325677,0.024163731263473293,0.020199147387420718,0.005279187564403828,0.020809524886483962,0.022532608864425964,0.012771427963177037
FC5,0.0009481639317614997,0.020642912109995873,0.015137102732152213,0.011349678270836196,0.013993450956248063,0.032745729243440255,0.02337728611947998,0.019163212935971223,0.015471299030315362,0.010209708418622981,0.014319961372887272,0.01245886404450613,0.01385458148515653,0.019868687167396724,0.016478676691769212,0.019118928470561174,0.017825180159197887,0.01755864800515867,0.023282077321738127,0.012452707228797474,0.013300431097087142,0.021703809460422753,0.020573698623832896,0.01681995535561969,0.016379484212418118,0.007071944901036511,0.022999247854672354,0.021740569061379895,0.015216617732704118,0.019187679181734814,0.015553590680803291,0.0009321683766532508,0.001072124414794488,0.022762091177984646,0.0017148437336839762,0.022077843767397375,0.0072798668412199855,0.015435787013478957,0.021607232613936652,0.01412449380496838,0.012660951203123013,0.011481787410382461,0.015010667357101506,0.017639390313607558,0.014583113361153855,0.013558512836694776,0.01761693618487235,0.01699359258686374,0.01865892058940769,0.01487348796889629,0.019880839781743008,0.01633133653002234,0.007232342950884577,0.021608137887691566,0.01124261861666637,0.016994357119771382,0.012271685873947788,0.02125486762656584,0.02035084741936712,0.010087760052618376,0.021948189243645066,0.020324389332798905,0.019584932150352282
FC1,0.0004569924997409031,0.020469045653569405,0.014466512126905565,0.012684958756380194,0.01388886927307151,0.02413313835883401,0.03125019405647907,0.01964318611479309,0.014317185315977228,0.011249077187882699,0.014781411381898316,0.013232344678950233,0.01454849503451177,0.019303656865864507,0.016097647673421703,0.019927888220060506,0.018548500205614868,0.017745002698650744,0.022510757071388207,0.012580613816961796,0.012481234481599941,0.021270361134371734,0.01882404452642586,0.018057376183634302,0.013395794878391536,0.006412851590080948,0.02326683287279504,0.022034675579077796,0.014506872138206369,0.020060737744390385,0.017829167632418742,0.0002955524545376904,0.0005020603072126942,0.02412154074033024,0.0003988063808751923,0.022223443260149744,0.009298764270012076,0.015539325465619536,0.0218861819733448,0.014330131755447444,0.012591292294308372,0.012163637584674291,0.013909049278721912,0.0188679353848549,0.013402195239376379,0.0146412423554264,0.019067467479235274,0.01749687194967034,0.018559264618923293,0.013685634459639193,0.018523698339755326,0.017207204240346385,0.007248986080817751,0.020284238499434955,0.011542189808373043,0.017459209580302438,0.011316592963128532,0.02037664207650218,0.021602742753081987,0.010055931084499807,0.022134656466172613,0.019183753781004845,0.020108331321871373
C3,0.0036188829867266703,0.016314554540504008,0.015018444436713593,0.017428650454965597,0.012025817640854863,0.021107039292097625,0.020801485814033217,0.03629745761246984,0.01504057549268032,0.012694735107698,0.02177612285641049,0.02090790847213822,0.014483616311683345,0.026837212990302117,0.016357548011418664,0.01812540070298635,0.014955951695602585,0.01663407166102361,0.020133931491941655,0.011217452756925324,0.013106877341337139,0.019779339167814332,0.018082407232071693,0.016875686204490568,0.013149278016109829,0.008898603210774058,0.019918027691289045,0.01887527923132474,0.009296781801958,0.01942926297661397,0.017317035819056806,0.0033974435583328986,0.002745725770855207,0.021992880054407575,0.004082790355931872,0.021864836087742947,0.010270399349521071,0.01619434579241145,0.01776187061673789,0.009928407523097371,0.013171242974606824,0.005746010232818365,0.01285742757929811,0.017435371674990686,0.01347075107752297,0.013845008769316377,0.020371207454949296,0.01623461297382296,0.017924053340930897,0.012832060486421137,0.019322840318508967,0.016709247948573105,0.008679629470680928,0.018734717815691353,0.014430238885161113,0.01982318603607346,0.015781006511490468,0.018700152359490733,0.019968512730838398,0.009387367925449131,0.020801568862768082,0.018535160297059712,0.020494486142482372
T7,0.0029504297706132,0.02388475100508213,0.013984124569304361,0.008948039981737224,0.024839686758370026,0.019786181859243288,0.0179552971904007,0.017358036999291334,0.03818931541145115,0.0034070220909474774,0.012264901273056062,0.012561537040655029,0.01146383603245488,0.02164119121678273,0.009670232891473467,0.02259181769492804,0.02409122597305246,0.01937127194740739,0.020706002172928135,0.0084299498393503,0.01342195691642439,0.025570795936248957,0.015575584918831691,0.02240303785500116,0.017744581651408742,0.008205985855699406,0.02093434413584258,0.02324818060609539,0.02048212979477186,0.018743411704200453,0.015922567447961535,0.004074375753021021,0.006601162554644872,0.01943929093560806,0.0028428486594249624,0.020225285163897003,0.010965561303622222,0.0155669205657992,0.015628280979609922,0.017893868072469017,0.02539740772786548,0.012822782552167096,0.022811197586952492,0.013340849793180367,0.016956352630740718,0.011277222280786123,0.0147677923997196,0.013083936458184547,0.02269502082685272,0.009154400442839283,0.02044689984830054,0.011683399135468564,0.006967868891834362,0.021311926717069996,0.007485913231473977,0.008601080353981036,0.010085165704683017,0.02194858872155135,0.019358160910990383,0.009536269397835632,0.0190727220066605,0.017854328850855104,0.013755691000895298
TP9,0.011699834757389211,0.009572757145596814,0.01568530667873688,0.02200799366759944,0.008111764144399302,0.01839662194872856,0.021425836229179963,0.02454654932922564,0.0040547890753661955,0.04846060607150397,0.026872887315349536,0.01920944579146021,0.01263444400939057,0.01997620069911074,0.015135674710603307,0.01766393945446289,0.01754860625230681,0.019228908186688196,0.020015178376510276,0.012490957324282403,0.015272123024973452,0.013442895864788394,0.019931251204334866,0.010934093516156798,0.005901878800736726,0.010722942394016173,0.018064646196792794,0.014204265118686984,0.003918874037676888,0.0177045698488485,0.013464010977002457,0.011672214551117967,0.006806201463062643,0.01719066301108587,0.016191641869080644,0.018116100785625852,0.010909725856914146,0.016283673965355756,0.01936647594136358,0.004667766380141954,0.00463204124977101,0.014452846975128178,0.012168739213432408,0.013167813242381188,0.017016303572677867,0.013628665661268241,0.01662263520108599,0.013260431502280692,0.01512805017624089,0.011413341776910162,0.01833540971880973,0.014629339520259538,0.01736075623604716,0.015376045869057692,0.02857478475168227,0.025363639385404,0.019725485735946194,0.01642390810343533,0.016176392800355814,0.01031301128728134,0.017017370126039547,0.019226188916340446,0.02048248300251096
CP5,0.014589619068644503,0.012372835811576234,0.011940434829793622,0.018480382373404453,0.01503079592182608,0.01928385079847886,0.019569533519461713,0.028065464376930783,0.012435804663318735,0.01760234923898468,0.049082556745369835,0.024402102529680936,0.014263192889657982,0.02301669487582026,0.014276642411997848,0.018866943480600723,0.0172259949022826,0.01832512053001989,0.018555179371563986,0.00992577536147856,0.01231170668724188,0.015594217086347513,0.01680296909703949,0.012927903870340474,0.009284723275264847,0.01359665872053091,0.01743322904494733,0.01606451366527219,0.00620903819051102,0.017673466782327913,0.012988419752205443,0.014119322489719827,0.01022265904908021,0.01928100293761726,0.013701393101059386,0.01658392074528658,0.007893796439179727,0.013721778767390069,0.018592257312080206,0.00632253450510961,0.009210757871060009,0.006206789634789952,0.01668988161075382,0.011849354385761476,0.018223847252822403,0.012218990929958047,0.01643333255284292,0.011360307453757802,0.018030880289123384,0.009186911101398342,0.0184361778120698,0.013923916493472126,0.012528710897430179,0.015009606536198403,0.019132649363565814,0.02724508532618553,0.018504229143066122,0.01634184328049785,0.014925652712984686,0.013941031533299439,0.017006946550529693,0.018057166091333732,0.016899145957654307
CP1,0.007932143111761927,0.015465367562548595,0.014981364178833848,0.019136617587251395,0.01303907150825781,0.01761037502544858,0.017661196852592147,0.025809074286143742,0.01458267267005507,0.013067623148627893,0.023137579025148163,0.0420134652947904,0.015249976286933203,0.026480716973550596,0.015397187135410583,0.019145868244559154,0.014420729379120128,0.016584581202809916,0.016568135847360513,0.009472091295379022,0.012952846388776796,0.017658684271153503,0.015254201781363684,0.017942142397808666,0.010051340985806506,0.011190312231402669,0.0184640616552995,0.016028971565973476,0.00966269980278229,0.017593929669999175,0.01685410655545431,0.006862608584023095,0.006802879145746046,0.022127660359588137,0.007372764602767526,0.020488240374827826,0.014884061912954992,0.0176069491994649,0.01817763432493318,0.010264106103885017,0.012137418678876242,0.004113225616309224,0.01169829871488274,0.016662698379604244,0.01297054803494552,0.011969880026693257,0.02052021784118159,0.014134645094928084,0.0181945363026551,0.010566865213602498,0.014904389716660596,0.011276880397057959,0.01417039143343981,0.017508504218964965,0.01422852153482326,0.022429276754684542,0.01974350567350392,0.017425704925467633,0.019073005700718144,0.011193624481288108,0.02031202126370784,0.020266224599441555,0.018503576865969186
Pz,0.013099966885930615,0.017036668788055473,0.012621730664148161,0.015839619049886164,0.013019335745567016,0.017561643849502227,0.01813878166318299,0.016731875148023358,0.011424950691035073,0.009267194015388117,0.013131210584259773,0.014125809822436716,0.042918042727318834,0.01627681010963023,0.024117907504723257,0.009409662663865514,0.009889358069361141,0.008516217147071363,0.015029326567996309,0.022500224558972555,0.017885627594669794,0.015674122275246224,0.017616058731220713,0.01807456531775528,0.015095795042908502,0.008068035204961113,0.014769289403200239,0.013247462974092059,0.01948835492919779,0.014760154177432882,0.016146268346517105,0.012739172472637403,0.010965254685843551,0.017564419159701798,0.010853506554980227,0.018819325327731028,0.015491004937616095,0.014031412489507365,0.016550756524218835,0.018695000422958907,0.010798028962434219,0.018110583040109617,0.01220731431490777,0.02493032540826816,0.006356478106996146,0.023497345691690194,0.02139771521095938,0.016111043569934074,0.010847812877354309,0.021947447347338077,0.00871958730066447,0.016611927794390764,0.022453089246422597,0.019197200773901996,0.010807957133972881,0.014935182650725829,0.015322589795549804,0.01621246705637308,0.017397859674234333,0.012210359390163555,0.019916537471003935,0.018222457878802376,0.014596766475050642
P3,0.001591665804694904,0.017425282742677912,0.015037503251092644,0.015343369578326356,0.014274723226139359,0.020629294317573155,0.019319550907561853,0.024609033885863364,0.01795071032113463,0.010503014350812159,0.017533390922365697,0.018825156764830413,0.013197864232605544,0.03351628959877434,0.01421327187364313,0.01938514904313287,0.017157833626354688,0.017962829423414706,0.021851849835543634,0.01077313889015998,0.013591185748955861,0.02254129972786215,0.018036694150201045,0.018753324967180088,0.013933436357964048,0.00555104665442397,0.021339129903387065,0.020143755310077116,0.011313066721911333,0.01905448294225319,0.017983536363854392,0.001349043436951903,0.001406963525327673,0.023554031945875138,0.001297624307731227,0.02247096626519627,0.011857997177833333,0.015841616232122546,0.018110880123931673,0.010342577250939329,0.015838352265077873,0.004797764258594668,0.01515684771703039,0.017458376082473456,0.014637921097728764,0.013523527709314576,0.019735639268422128,0.015826527434807836,0.01883401190006581,0.012382541940259936,0.019759877472982273,0.013875810541598317,0.007866994348358912,0.021067828275999092,0.012607427062597886,0.018386274584525932,0.01674409944157472,0.020598260881847873,0.021862791849783555,0.00789626215202396,0.021528834806924947,0.020747194398394963,0.01929325279893144
P7,0.006504513351684492,0.018989761047042523,0.013931227073882994,0.018430343475339173,0.006987775064306874,0.021560486600787094,0.020364554326523183,0.01889108438916718,0.009675801287038472,0.010259126387148924,0.013060111033348375,0.014418831032024553,0.02399394141705747,0.0181936368648944,0.03560986458709285,0.011300418941861935,0.007971849528309346,0.008349764336148247,0.018139688047349056,0.023585135076644587,0.013234538764705444,0.01725630448535214,0.02222587859179142,0.015879719690659516,0.014531252969315414,0.010479850745129719,0.01786130014082123,0.016253606010237984,0.014994635641791132,0.01906103817442733,0.015498090151818925,0.005525722404977433,0.004017555175705265,0.021179930034300486,0.0048559881684539325,0.021107266177302957,0.01231211566527319,0.017294584807692248,0.018517602855187956,0.0162407109742582,0.00981647299825561,0.015222880490115796,0.008331899540131797,0.03074362314130684,0.00518895240704459,0.024919947546913665,0.025873353207260398,0.021268353414843753,0.010630370948079688,0.02452425897139881,0.014914451294449729,0.016517712151173296,0.015661100605149435,0.018092632205630094,0.010162868759003043,0.016633221304948355,0.012638946143132698,0.015640998836084524,0.01747662405773369,0.015004038675687476,0.01907025915164267,0.015666384122444844,0.01745504453071555
O1,0.002689194073443442,0.017664703501759242,0.014018055324619704,0.011287214651945668,0.019561030400513796,0.020629278470606884,0.02091596633012442,0.018279774324637406,0.019293423716612683,0.011013124518174043,0.01581704020284327,0.014681547224273967,0.007764006671561536,0.020742556951044037,0.009040181889278801,0.0366433417147148,0.02553800453878139,0.025019324507089123,0.02274125822387621,0.007021157183810126,0.011719859627220278,0.021742157520949518,0.017933955300434228,0.01810342906915057,0.012600552486938192,0.008567035562568676,0.024695522534908823,0.02254354129718278,0.014288952238068572,0.01896962174443239,0.01571272968631679,0.0031887444249067867,0.004972341214815481,0.021089472718429796,0.003826832033765419,0.020727314376566656,0.0098871963797192,0.01584444396155408,0.01921740486267579,0.012825818686179921,0.015903075259260928,0.00923386619638319,0.019116627098759553,0.011394815398019904,0.02297504102466231,0.007361346978262884,0.015109014332164458,0.013159234003087179,0.026035861270858357,0.008080485794605042,0.022372970785283854,0.012775752494629946,0.005298982054177238,0.020065613105523766,0.014281226531177978,0.017509923935928984,0.014524477162853548,0.01972089082450318,0.020259894288831945,0.008202183867361571,0.019712471232183795,0.019945657156766113,0.018143479058219784
Oz,0.002451826120084968,0.017639237485521486,0.013650511553122281,0.010086170841241698,0.02103152050362224,0.019765071981923094,0.019928378524110186,0.015860109969164135,0.020555323714180302,0.011787491189382299,0.015292641029870865,0.011040557729940441,0.008180840448604341,0.018768324362405813,0.006482084169048271,0.026646632241935753,0.03844453181141966,0.027130622640973608,0.02288786125140558,0.0056321490324506025,0.011866412351238318,0.022100431443217668,0.015429795521122083,0.016764264291627206,0.01420135750540568,0.008569208472955076,0.023989346002408766,0.021960791109203147,0.015506645147342013,0.018835801376342182,0.01823617293276838,0.0031881947477827716,0.005286219964739624,0.01978073742693614,0.005223714636329866,0.019599693904099907,0.010324126546270252,0.01374269054304927,0.01925886544965793,0.013519907750085328,0.018268254211227693,0.013114088124470284,0.021072016852368296,0.01020318073490169,0.025443181581594802,0.008058858869417734,0.012590844298068029,0.010733053475339429,0.028488550466087694,0.00717070607327371,0.022344058520284885,0.01546780602710483,0.0030314388938099367,0.020677512446930515,0.014251046836771747,0.014543507107050536,0.012811969862523101,0.021584152612156897,0.021919880453329876,0.00751857774887839,0.020501440609620895,0.02094203451002217,0.018617575961777634
O2,0.0019083747784449914,0.0176355698293503,0.014485220379084332,0.011970004380206425,0.019262333508947568,0.020014991919715373,0.019517644126432532,0.017107292716918576,0.017364994020585854,0.012210478076574636,0.015569054826641695,0.013105612583736643,0.0071267411103463655,0.01982972400733635,0.0069332275306563124,0.026526033070646493,0.02724285758889507,0.03576045591975377,0.02334877006734648,0.005577529530489064,0.011645325729789664,0.02200042892723475,0.017702761311181134,0.01618168942770047,0.014298726323362723,0.006969612894343979,0.024712100663153467,0.022453758761190185,0.013688881345076197,0.019300282352064897,0.01962189564412519,0.002515154398375051,0.0040047454915383964,0.020156793343935428,0.004629855661104399,0.020194742187052757,0.013047831312056567,0.015070266754934909,0.01842298852387325,0.011156285204320713,0.016332411191405705,0.010289351994038198,0.018595995002826406,0.010203155290397267,0.025715317652614395,0.007884855565652955,0.013777806070986519,0.012114595427198725,0.026102957883665796,0.00830180003592072,0.023748272795233817,0.013008993661683725,0.003258279397986382,0.02060555594060759,0.01571882618258856,0.01687678070186956,0.013530802721315441,0.02066551376338862,0.023172085158365566,0.006947879650264494,0.02143276269326175,0.0216617112288811,0.019783253761323772
P4,0.00013615498327238776,0.020037744113510447,0.01487998837821325,0.012181330834189923,0.015062644573700336,0.022897997044136267,0.021947295191863708,0.018441690567262796,0.015889267714434035,0.011096760140413695,0.014014141576561945,0.011465872969918628,0.011437663069131564,0.02082176228078671,0.013586161685151414,0.02090848543582469,0.019956398834823648,0.020267996691983342,0.03079269993216604,0.011734576275663515,0.012115120902650985,0.024642571423347207,0.021069630125907058,0.016651613257742833,0.01522095553662843,0.00559336807429844,0.025707980983184747,0.02408226855772424,0.014753751984300295,0.021398295664328652,0.017135820261635556,3.890142379211079e-05,0.00017505640706449855,0.023622825912381434,0.0006613242044658835,0.023052379109138973,0.009449536209548469,0.015308451625312023,0.018772674906621233,0.01183897892704626,0.014361195315276607,0.010694156422635954,0.01387537821439534,0.016492014434951692,0.015657694616929972,0.014791880474446791,0.01823481759861134,0.016798846230843073,0.019120630038376135,0.01421966245565304,0.024938099881150675,0.01515867450301488,0.0036213748437688817,0.021917152956962605,0.012671817107474063,0.01470560801592893,0.011730035562655262,0.02060580788611875,0.022078072298784918,0.009301304954542552,0.021243913599325943,0.019558464289448782,0.019375260508576145
P8,0.0075734764949886915,0.019209637255669675,0.01651260318017407,0.01760759525660116,0.008403763015496214,0.017436322378002488,0.017265049499403815,0.014341686272354279,0.00935975455795736,0.009481168655615152,0.01028833892108931,0.009813229016369773,0.025131877624070646,0.01475835554754127,0.02609587677411576,0.009653106187635502,0.007692261301904844,0.007421028947127549,0.01703600064469427,0.03916857838828866,0.016251191568417818,0.01642899124587422,0.02146053982691516,0.015127643830646131,0.017019985429526336,0.005268272716623611,0.014469052927862101,0.01355424790533619,0.01987995244932581,0.01453302337611986,0.014010290565021337,0.006662388155750915,0.006845959566229388,0.017052257774159064,0.007321643711956625,0.019742523136500083,0.01662634199695873,0.014746721669083146,0.014107439925630363,0.02037131948351014,0.012885745847117134,0.01997438210677922,0.011199427260327088,0.025578673781742448,0.005047473383794896,0.027086950776779233,0.021961969518417397,0.02470877196243991,0.00825832609508652,0.034978375965205664,0.013018642321350166,0.017775483778622536,0.019898022714227682,0.019826135070799934,0.011760626888205231,0.01226148233869977,0.014755545431971676,0.01909184942888604,0.017381598431758072,0.013353754711971241,0.01959889935152747,0.01881203522551708,0.015056330428226083
TP10,0.007641985913227799,0.01785424186213784,0.015909148917589072,0.010221232101548128,0.024457894813510177,0.016940015799433362,0.01578247840676915,0.015498416186663744,0.01384878475465513,0.011398119494617602,0.01217427575406741,0.012370451747286775,0.020749865824779404,0.017123254333216615,0.013787173791477288,0.01381302061597506,0.014976057482438663,0.01380062397324719,0.016309851956834286,0.015568947113730762,0.04326460620557814,0.020187697391952864,0.01363921476841477,0.019558046271687578,0.015261088958462735,0.000500557469648699,0.014318052114755574,0.013746479090080524,0.020038284485012346,0.008371435275147665,0.015003870913148223,0.008725543794360753,0.011865961065214502,0.013912818857629636,0.008741929838261107,0.01696087587246553,0.011187095624499245,0.009782257500702815,0.014132846974760534,0.014075738135088962,0.014639845079752835,0.013665574315246329,0.026082704865688592,0.015497418836370623,0.017246448165197843,0.016354536059403534,0.01374100771065559,0.014978508716609783,0.014479461319587994,0.015180612622838964,0.012998620889299609,0.01449137333435653,0.015069415088749637,0.031651901878880125,0.014771446153289453,0.015027154125977058,0.02365042035013766,0.02749250164657617,0.019335566920385558,0.004497066518867781,0.024628680515816646,0.027901696210500135,0.0131177972257339
CP6,0.0005659309564233164,0.023729873245319607,0.014936753189996162,0.010831036827652834,0.017460296572470335,0.021390246225685545,0.020886634952942462,0.01827518050368828,0.01968799791075681,0.008037838879511452,0.012048907278820967,0.012084332539696188,0.012314269278792544,0.021227193202570313,0.013390222644286433,0.019925867130280953,0.019597533926776524,0.019072189490060884,0.024740572825574778,0.011532310853459744,0.015352399102638178,0.030533106888559668,0.01773690520767555,0.02010000390866667,0.015595865058674045,0.0041911819674543115,0.023631965420800996,0.024426474652183526,0.0171070246368296,0.018755157215111146,0.01784068123531114,0.0003638127577007034,0.0009499012406752295,0.022170846186881206,2.02118198722613e-05,0.023439192459964363,0.009686841282040677,0.01404895445971696,0.01839286580151074,0.01415180636978382,0.01731240269703701,0.009815664628454675,0.016456008128542657,0.01696418343358663,0.015336697021745754,0.01504585335642736,0.017912563330161564,0.01613870438698766,0.02053673146542863,0.01342108387286077,0.021077886569678798,0.014442487155139062,0.004721579076360303,0.02407054008158956,0.008657885572581956,0.011955509193282192,0.013105627235332377,0.021999643510053978,0.023095537228814873,0.007871254528306164,0.022941829443585623,0.020283323044975217,0.016606618932250267
CP2,0.0017126407499320779,0.018257704959529712,0.014803323405553535,0.014664471066197003,0.011817051046667434,0.022311742324231665,0.020114612288834897,0.01784994756746412,0.013425751332792649,0.0120236573361704,0.01363777186231219,0.012312547129413928,0.014565149679564564,0.019488186436046197,0.01784493090886862,0.018471397708581087,0.015211560272887736,0.01723202018265947,0.023334123608962004,0.015505206513630576,0.01128787677955826,0.019279071817245478,0.03314815021017065,0.016181991799176523,0.013489941579702996,0.007432303870872528,0.023909655077247495,0.02026570511666023,0.013520494589174429,0.02091916122260804,0.017487848637133818,0.0013549416326037794,0.0015465798401677778,0.02202637528730046,0.002626544387528661,0.022268907879367666,0.011056926883442588,0.016912097904675905,0.019397541834646467,0.014576773322439866,0.011152327932341628,0.013065105357821759,0.01167238688587325,0.019402736810490623,0.012770225425891926,0.016828978291169427,0.021156320521582443,0.018676510095800875,0.016325819850204794,0.018400477636619644,0.021087730461670093,0.011711219099156317,0.011169804343578345,0.020225200683845326,0.014968589152475686,0.01673238449800716,0.01324265254013647,0.017193983132218555,0.02092479472679704,0.011191817938141958,0.02081609781549086,0.017908764521281657,0.02010338622738067
Cz,0.002798825673213201,0.021940641986076287,0.017443555998567135,0.013162723690563333,0.017353111031507468,0.01967878891709627,0.02054916753624994,0.01768693756132509,0.019905032161602318,0.007574815830049683,0.010952690516610339,0.014560751942934571,0.016466609559705327,0.020847384241593596,0.014120778108305948,0.01985859174233339,0.017499319388851683,0.016372887691373215,0.019857417415546592,0.012112629464077125,0.016315949974301868,0.02348252994221814,0.017140221471179155,0.033217241110782315,0.014513383275966794,0.004683688694379118,0.020674381297989316,0.020293360537013097,0.020284370862990016,0.017041207344993536,0.018762390393570794,0.0023515442241500146,0.0026788169514227423,0.02056336225022194,0.0022081050352765275,0.02243890230037223,0.011548616194495927,0.015461694207796658,0.01704523805815565,0.015424576759543352,0.017316326880246702,0.011625620259473265,0.01697410562711231,0.017324055009578395,0.014346600837914869,0.01363024592334169,0.019109150092669024,0.01669092466553491,0.01763268179481988,0.013248804647468344,0.016144208575388976,0.013813238431946671,0.009311367919385737,0.02251969099942374,0.008015210179575436,0.011735726634167614,0.014231463859080785,0.020578223558179017,0.022046963726696466,0.007541221362156774,0.02404175868674755,0.01971036802840812,0.015539800956282025
C4,0.006637186476539012,0.02319682734816881,0.014576788973087349,0.010168652940815637,0.016568705210603808,0.021055109035118504,0.016796775078380635,0.015800104761560158,0.018513024419181207,0.0050310411062962825,0.009971845793173688,0.009098672470211438,0.015105646905593764,0.01715130172417046,0.014882257196511688,0.01473682080260615,0.016277258964612747,0.015961579485854416,0.02013346924662172,0.016276685506432756,0.014924896586991497,0.020176978073696998,0.016180011556477233,0.016444301782848184,0.0375671713764602,0.009715140013699362,0.018935570604578088,0.01856382171473763,0.024978191940374556,0.014573570207819025,0.016044212959725697,0.008037164381750297,0.0092006000370417,0.018490530059604875,0.007196419193933863,0.019278702081372015,0.01094953649410163,0.017961080170267506,0.01626177559375305,0.01919168442722146,0.01928630502691961,0.017742648099644685,0.020645400913492984,0.017127641949583182,0.012584595255806375,0.015534926599942774,0.01487757703781694,0.017804859062847983,0.014073625666774624,0.019246588423292642,0.01816930098555633,0.01707332991034296,0.009270672926906132,0.020378483878684663,0.008204780658165722,0.009312442880790476,0.010849958255944227,0.019865978753633412,0.01974507157091062,0.010415128966305004,0.02004761700748211,0.018418403819483058,0.01671354964767839
T8,0.02993905680954187,0.015048565380783797,0.015159800086011827,0.019938072391473577,0.012958208050634475,0.015164665470243355,0.012851974824301789,0.017208455742922624,0.015507238421519652,0.012170333359342537,0.01916424947422095,0.017138877346045182,0.012545829878041035,0.011948181503102052,0.01621202732055011,0.017880457169194702,0.018598572004057436,0.015386862691371779,0.012402397443597835,0.007623989043472265,0.0008898322769363095,0.009487147673597816,0.015456622547800983,0.008893911034010963,0.016976482388443202,0.06238143886536972,0.015600191076908002,0.015521471655110718,0.019905330283603133,0.023516182562825835,0.013319924984621302,0.028349346382694565,0.02369626982672427,0.015053340035239445,0.023033545520035857,0.015442706868425493,0.015428518999722366,0.021634469693532964,0.017472536096841334,0.01855687033081891,0.017486224951777124,0.017690185487953806,0.011387187957618308,0.01421448655112532,0.012536507393569436,0.010163742294773783,0.015326833603405633,0.013829803642619041,0.015456259628697466,0.009983110652220066,0.017713605111352653,0.014650057522677909,0.013857362812042383,0.003184014048598497,0.012745151854425889,0.012972532014001418,0.007169727738088541,0.006993689290438716,0.010024721595682715,0.0358716500298501,0.010052552954433691,0.006525512305679503,0.014701127045275974
FT10,0.00045808116445256126,0.02033541693570964,0.014374425839621795,0.012038963747032366,0.015464537734697664,0.022361146514229695,0.02198048223405857,0.017752746917059917,0.015839984995104972,0.01059520121208913,0.013228523902338833,0.012667424937817275,0.010818455702287282,0.02020766178439414,0.012697758690337133,0.022181745172885917,0.02070431410099364,0.020908492618162272,0.025194908403344034,0.009622070871869936,0.010380863235380438,0.02318143012274262,0.02114008930950947,0.01701790798941156,0.014379538057863638,0.006601219401759879,0.029878907626404237,0.024368858615092154,0.014308985673271428,0.0222036717473131,0.018858809603780072,0.00014989132878662968,0.0008423149844620844,0.024478636113328407,0.0011146794678567737,0.024638477298611152,0.009708993254194323,0.016791318714784224,0.020249697674857504,0.012778091152959858,0.014668821698965644,0.01042982860247665,0.013481772588125652,0.01607779222464429,0.016152398332106414,0.012583418133834175,0.01849012204154002,0.016031088474392254,0.02098481118249343,0.012422099247091613,0.02265444405362327,0.014380741179335885,0.004901252778110185,0.021188165959699357,0.012878193374687567,0.01578662634820765,0.011777307883152876,0.018596055419950304,0.023640884187133025,0.009299812479894351,0.021477619379266958,0.01909572811641306,0.02049629146399904
FC6,6.329380986539517e-05,0.0218431951374064,0.014249020934471363,0.01080273215354592,0.01616682839059254,0.022900702136051238,0.022547546343500466,0.018279232220327297,0.018508049567064734,0.008628406289768114,0.01305317505541601,0.011602204571256804,0.010668530627332858,0.02035930325721818,0.013049770701858686,0.021600893760529434,0.02039570120553201,0.020664609649050578,0.025693315875338386,0.010014711188239584,0.011238824704668842,0.025793513024610054,0.01959419621008615,0.0182654593952778,0.014965989785975048,0.00711370880337856,0.025964762287684375,0.03006247693633065,0.016376941372080622,0.021482208842190882,0.01702807844489149,0.00010548968310899195,0.0005220836829801453,0.023420464446386437,0.00010548968310899195,0.02407152932046981,0.009160208655693003,0.015996889717978285,0.02038250597030245,0.013879987540408619,0.016416888071406763,0.010425362865725988,0.015336178359677658,0.016314008555852688,0.015035731309317634,0.01305752900579594,0.018386610083716285,0.016601332569710643,0.021284641307384933,0.01254842396186288,0.022927309202692835,0.014093793670363994,0.004461744303781662,0.02055172265564179,0.010138833037870443,0.012986982283085733,0.010824335481260161,0.021933312610095873,0.0221888092222024,0.008830833166046433,0.021448060067794508,0.0179253544405016,0.01966017238623395
FC2,0.008917674632868328,0.02590537042671163,0.018612879075146305,0.01071930000005552,0.018281563941232284,0.017853812723011914,0.01676873848332744,0.009681201570292577,0.0187681476943337,0.003987074469532137,0.005972763607231429,0.0074438077290995466,0.017979665074758785,0.01213038212729008,0.013848783139841205,0.015913123274407574,0.01689447806259518,0.014732855182648389,0.017579241230673226,0.016828192134324307,0.016207851546169678,0.020292604332239797,0.014950570260932616,0.0203754331157183,0.022605656362199942,0.010271392002411735,0.017634008751421973,0.018870399368640673,0.04074008171250944,0.01496180586977631,0.01717288902410791,0.009771934837077426,0.011282784174155683,0.01598172364094242,0.007065008441627299,0.01912345907684518,0.013531809195349971,0.016726336031174894,0.01636707240701024,0.025628314469909666,0.01940655616860603,0.0219758862598289,0.019579892673911123,0.01653470609479384,0.012661231680891498,0.015486839833377099,0.01543788790262898,0.01967593318705991,0.01534777575195995,0.0181160191467544,0.01575339406993032,0.01597715028317343,0.01239975914574396,0.020006288887420728,0.005491374328014821,0.004331996904274001,0.011049768472895464,0.019574585427547187,0.01933919803430282,0.012314558670281308,0.020870938039399444,0.016907577019786332,0.013380492817815748
F4,0.0012828148080361902,0.018212767854300472,0.013652259419672741,0.014618822260218423,0.011904829517036766,0.02146446634047801,0.021683715599968803,0.01938888915815181,0.016175904481961476,0.010919006519325,0.01416661090433261,0.01375977628123108,0.012181859248025815,0.02065539962195913,0.01550437180613403,0.019941760957143846,0.018923014340115122,0.019017182670381813,0.02400252616184026,0.010592361833480063,0.007283197806663497,0.02121469147333986,0.021032266438680922,0.016707311607772852,0.012727172706396452,0.01149201120760996,0.02571206561186251,0.02308499778918537,0.013480663469431647,0.03235444984600094,0.020449620328964177,0.0007017433526155713,0.000799060991474512,0.025092595277313917,0.0016202165178481353,0.02394014316265782,0.011772698673705517,0.018103361407586782,0.020342926824779322,0.012936101307983654,0.01431654868573801,0.011404262929731963,0.010607285019067835,0.01798615374984331,0.014565765751608544,0.013708973663389131,0.02114462869833183,0.017414651655403637,0.019698091211535172,0.013282249021403063,0.023375690982325288,0.016300162053812097,0.004923468918790263,0.017816325949553374,0.013543046468614086,0.016215878015385578,0.008440931685475583,0.015055746124903884,0.021684030530828027,0.015285945904016718,0.01932481006946905,0.014930228829616362,0.020079488495490308
F8,0.0017233152535540298,0.01785289910819718,0.015638321998772322,0.014533900177887943,0.015284094606656324,0.017746490535274155,0.01988789942385897,0.017443456129165907,0.014029965065110084,0.010690348585109529,0.011984456449928196,0.013996976985603968,0.013659041815179532,0.01962901730547679,0.012975277636061745,0.017696806597953488,0.01938683104490916,0.020362667239976737,0.019406040454944144,0.01034527180737266,0.012150355483250871,0.020211601834173913,0.018221308805907294,0.0188456329791408,0.013813877549313005,0.006542955313976889,0.02245544714928961,0.01833747344739393,0.015897103208123757,0.02137028519295559,0.03259187395720837,0.0018174542056930048,0.002984334129835834,0.021939292870243078,0.002797514819729594,0.024412651189019363,0.015003136344411108,0.017476494663187396,0.019115578396712185,0.01324783751488431,0.013884582672447982,0.012087947834507794,0.0129462112484324,0.01625847220755219,0.014644734987841471,0.012164033243691254,0.0201356173340212,0.014684612402083151,0.01953769463265049,0.012035296254328332,0.017415596063131405,0.017746490535274155,0.007864973699345433,0.021244263573874593,0.013685544196073072,0.01584772199789533,0.015440540298507627,0.01799008493549812,0.029262917140274028,0.005873020258845608,0.024621748461050134,0.02125824406140722,0.019864364685824226
Fp2,0.0886513289428926,0.0045192202983774365,0.010056898985402365,0.018957255482151388,0.023098273335112985,0.002158938956681211,0.0006044165987297947,0.009073006355152558,0.009237235809561534,0.017005142698586648,0.027276793562365374,0.01396993440021115,0.027549919891434047,0.003239876742968368,0.01159663300883833,0.008453411978222561,0.00874465270138454,0.006954611643705172,0.00021779374931939454,0.012934635203574529,0.01636439205662031,0.0009678307096301782,0.0040143960278933456,0.005420750852055418,0.015451504483054664,0.034624890684736516,0.0009256234346074267,0.0004900359359686377,0.021443769205231118,0.0021289728439655565,0.004504431963861984,0.09898595390304565,0.07886589325676997,0.00010889687465969727,0.07693737865539998,0.0008167265599477295,0.01639357928196647,0.006174608570678734,0.005428781812365233,0.02067218653619924,0.008009404075589208,0.029583121165466433,0.02912216719979402,0.004990257697833339,0.013160849356888486,0.011717771045805125,0.0027224218664924317,0.0035269072641330636,0.004227979575215458,0.010395830771688555,0.006588260916911685,0.013828134796942695,0.04122822412479847,0.006183028974673299,0.027212261691252036,0.011734611853794251,0.02087137119269065,0.0050856398240817615,0.0018567306573163134,0.02462792392476546,0.0020065612208945843,0.005156539625715989,0.0011434171839268213
AF7,0.06618182001610041,0.006841815398294897,0.014418604757807107,0.009926676860690162,0.03140589249409419,0.0027698808106335175,0.0009549731862330698,0.006662743595546271,0.014122425498907569,0.011028679231958514,0.019423329180976934,0.01347572637003113,0.024052312353501037,0.003458481824212021,0.008332857566379807,0.012519721400043426,0.014394300518253515,0.009654801841344218,0.0008643481797844214,0.013031486142341677,0.022237404729100588,0.002899197707880925,0.004577050056874213,0.0065554954063840815,0.016739774277814427,0.027155000746323585,0.003156742397301404,0.0018193213660174913,0.02430108688100713,0.002315609351996238,0.007066171043607996,0.0751137426946844,0.09161471635462087,0.0001525320317266626,0.06276317650908118,0.0023399135915498285,0.017179658085206537,0.006055940105182329,0.007763599540420587,0.021646135316375853,0.011917331651296527,0.02781264824726308,0.034368086332327456,0.0047019532125045765,0.017240418684090514,0.011076198605991362,0.0031611561389184475,0.005097642282406551,0.009734363833090405,0.01165428411518467,0.0069070470601156194,0.01127068984373979,0.034791404278325735,0.01169733242628077,0.023484258075255556,0.011631011659385713,0.022539201477330906,0.011371288759816562,0.004980477504935939,0.01702271231186283,0.007009766865021361,0.010850696534284224,0.002706884680281168
AF3,0.00014468115889608275,0.019667994522103736,0.01283606416312379,0.014047343428992488,0.013195774150977606,0.02264674404580855,0.023186977092343942,0.019670547161419714,0.014953824921470455,0.009764798955775065,0.01422388066890128,0.015272065241073355,0.013246954456414193,0.02258330046387031,0.015695838350646345,0.019500585619695802,0.01763189678060091,0.017824063576003205,0.023822703901725216,0.011803740486436273,0.010648321364750125,0.022125349973959693,0.019586562845250954,0.017331122066079088,0.014542083748408059,0.006716746741675533,0.02512535682162343,0.022134441071364433,0.013541384812742193,0.022332952224960553,0.01919915412529693,0.00014468115889608275,5.4255434586031036e-05,0.02976116987455337,0.0002531920280681448,0.02428932004915458,0.010835188781625526,0.017108472559269543,0.02092401268526773,0.012215675759393608,0.01392339710422186,0.009187738839638599,0.011966835180132895,0.01909466631499377,0.013363936883210062,0.0135010944142018,0.019271823094683494,0.01713143164277245,0.018736038546903006,0.013858348812687106,0.021207553134699537,0.014951175232207008,0.006403186260818592,0.020578924513336608,0.012314573041327465,0.017512398954585187,0.012217377518937592,0.019140256092061055,0.022689161643778925,0.010112730916864572,0.021598887863575,0.01919081685771671,0.021458423863442763
AFz,0.07218742647012891,0.0010824742268041238,0.010405031161048376,0.022533238104558696,0.019080660576744884,0.0041110928334794385,0.0009152165448196449,0.011990392443888248,0.005915216544819644,0.024165897965005505,0.02873888853027713,0.01662750626240247,0.024397362190706033,0.004328866187607627,0.010410309694802883,0.010540742576215989,0.013706103317667783,0.012217567210206415,0.0021134020618556702,0.01382709314165419,0.01704408356533201,0.00015463917525773195,0.007170226987362752,0.005684866329201432,0.01291608276574346,0.027424866787299038,0.003964865996039538,0.0005154639175257732,0.013928082840704887,0.0040616495261813195,0.005902598038092898,0.07620594194237548,0.06474886881125753,0.0008762886597938144,0.09472800454765984,0.0012844536249055174,0.01723125808177875,0.006972453758170275,0.004811711473470943,0.01415216544819645,0.006078268057895208,0.02946676397770314,0.0226089907901559,0.0040553402728179455,0.015851093291577044,0.009781237571499665,0.002212288676451909,0.0041668453941409314,0.007657278442134985,0.012258598179686704,0.008892288759742382,0.01608045443282311,0.04051567214370938,0.006483299218943585,0.03869785756079684,0.018132867045499504,0.021686392627127293,0.005436577427865245,0.0037628865979381443,0.02175686677896999,0.0022617319837500284,0.007178639325180584,0.005904701122547356
F1,0.0005702686207822237,0.021041006659243605,0.015579714972592433,0.013277223452725877,0.013935948285033114,0.020665187306635767,0.020156568142786383,0.01861038574153951,0.014817483242961949,0.010023813475497394,0.012160172008022947,0.013536412147655705,0.013444448567105822,0.020693503587469145,0.014950886864699975,0.018281023325385892,0.016598649237826626,0.016746570652206597,0.021935736294867395,0.012845259854993733,0.0124381051690701,0.02234217167634052,0.018996123390725483,0.018409223640563622,0.014298572959946,0.006724941430787083,0.023657854486079377,0.02169373796319985,0.01514665924782135,0.020255360050091795,0.020238054192875485,0.0003763076691502973,0.0006993746517046802,0.022907121496608424,0.00040322991769649585,0.029641865730019614,0.012486258043059745,0.018276841228524344,0.01914023553083234,0.01434770246702056,0.015073697462023198,0.010623650574719798,0.013104262138629346,0.018637423484039732,0.012394178968555835,0.014943987620604258,0.020622957043656923,0.018064553209977362,0.017768106570720935,0.015041571906916703,0.018926065163455717,0.015855534796901896,0.007702320160879107,0.02162997516952932,0.01184042598319922,0.01462250108163127,0.013803334885085786,0.01986502290484201,0.024009539654715382,0.008297024870881407,0.022632997609834386,0.020977732182115537,0.021213133174935603
FT7,0.008329780980578143,0.015972325030364214,0.015666022507955586,0.01862453880369487,0.01575777177306055,0.011296015771147108,0.013764522024652979,0.014551226715379699,0.01434751550039259,0.009618230197993936,0.00929706964364277,0.015861910733305586,0.018222471026555293,0.018367300829649234,0.014484285082394719,0.014902786786140192,0.015499299630613679,0.018825914418526782,0.015568918590015978,0.017255182363490666,0.012800252414267799,0.01629080825829806,0.016069770674565945,0.01573876501484476,0.01307828203080744,0.011122808567376755,0.01618553962445922,0.014602076148020905,0.01771983405772711,0.01738995807159973,0.020366693178223122,0.008965067046975047,0.009665614356886143,0.017032806116549892,0.009474634563301231,0.020709196090945278,0.04241965012992094,0.01721294386781825,0.01372451463432833,0.01612374365469403,0.018631364856385446,0.01369009912829302,0.015201266318911714,0.018815964818349334,0.01115677785234251,0.016273481889553056,0.019652284773316025,0.01675824177375925,0.014291415909724168,0.018988725801050134,0.014014174240516208,0.01595365999841055,0.017379220524090598,0.018428204357275317,0.013527392240577096,0.012627595926374427,0.019877680072936246,0.016800375774624243,0.02024969005992862,0.010985355532850372,0.01832729343932458,0.01875025735376559,0.01671343044647694
FC3,0.002582183501504415,0.019882977951414707,0.01639954908101092,0.01682657162720269,0.012133500035542302,0.0184588110335335,0.01813576237039942,0.017358608597069163,0.014805852439452687,0.011616766496085949,0.012548673959982147,0.016092844388903967,0.013575439886051395,0.018926915334873267,0.015514647683138677,0.01836864213112753,0.015920706186693882,0.01676583006868466,0.01850347231967392,0.012534674768838558,0.009290507879180235,0.01710834432469691,0.01837391432237023,0.01685241944009821,0.01674590656666511,0.01150556406288577,0.02103337756391168,0.018726196118900383,0.01745196860948381,0.019852052157768366,0.01912463765132935,0.0029268483269083274,0.0030782166969737187,0.021178627412609233,0.0033691048153525753,0.0239166051452966,0.014544655363611289,0.03378146650060018,0.021552067462267822,0.0158400411261563,0.01371788704572402,0.013728043007225672,0.011692089877223193,0.01659095866560729,0.013134876057857422,0.012856877101847502,0.019496190830245792,0.018637719876744688,0.016285682935101096,0.015074278065436576,0.017755940100723476,0.016150394837413318,0.009777231443273027,0.01710561112382962,0.012939886942268625,0.01557838614117351,0.014320433114626423,0.017080415430567368,0.020853233969591614,0.010519227772331254,0.01980211868038525,0.02056976861184712,0.02312779696070629
C1,0.0023576836911267107,0.01844121163600311,0.014040238164021179,0.012857657008693145,0.012913274813499197,0.02377639192858751,0.022963006329782848,0.0174571667167447,0.013097736565335187,0.011465457714427148,0.014721992691011092,0.014389240881038512,0.013919280915797685,0.01937854706439656,0.015202626479843176,0.01956702017884862,0.018950130419728154,0.017902036891154466,0.021014973304346367,0.010666893328255505,0.011432753277641036,0.02019635210509438,0.019566612099571536,0.01630565768109444,0.013886712505437267,0.008250532654686539,0.0230941627260496,0.021059983881832077,0.01492773549375868,0.020007878990642318,0.017946911442214483,0.0023079816188964577,0.003176168863953003,0.02314869231945009,0.0020383262332592878,0.022441645378932513,0.009768858201352442,0.018836379738182626,0.03328803691142808,0.0142085184389672,0.012395517145987849,0.012240359170295593,0.013659552625352383,0.01617008184293453,0.015585352414897398,0.013019613471786283,0.019171307970966327,0.01611500814383126,0.020395024367589696,0.012690736998004076,0.01888288660635098,0.015719295935948965,0.008440774112672633,0.019373447490374934,0.012004360406424403,0.018006268556785214,0.012980110547599287,0.019044298963741338,0.020719073320201665,0.010037833454861138,0.021092552292192493,0.02005261751527664,0.021231459360839994
C5,0.009699298831402175,0.022381994873016134,0.016456838836349928,0.012311170837354004,0.01661815250342737,0.018250620986240522,0.018267565976538926,0.011315699073475821,0.01811012651104176,0.00491981516716499,0.0059961170515535345,0.009389007879276084,0.01855526360826714,0.012583860579573955,0.015992819648036005,0.01621661152015088,0.01682942439184112,0.013470953720331,0.01586078735328576,0.017954807748007076,0.013138783225094989,0.018200316190960922,0.017650511699923738,0.01719373136855614,0.019033576908801378,0.010678702354540853,0.017373580552778836,0.01759614910139153,0.02723702753100888,0.01578542196120253,0.015818598164511387,0.009606988449020542,0.010375650259361087,0.015939333799062698,0.00727716574469746,0.0197028730814863,0.01328280532793074,0.016831545094303596,0.01706859135680893,0.04062802788038842,0.017499250740141664,0.02357691168949351,0.01756437982325719,0.018394826690748604,0.011602336353972802,0.016616745578252847,0.01779895880935677,0.019737476839371063,0.015227848437603404,0.019412708173352326,0.014395648070994187,0.017902382250265005,0.014806018438063853,0.018527552133385417,0.007921747894522036,0.0073541216636275435,0.0106464029007909,0.017098239932480795,0.01796539063091806,0.01387180155572092,0.019502367677655865,0.016398234832892773,0.014578331734967313
TP7,0.004258408646571177,0.023822524370555376,0.01603348756523422,0.013167214363096301,0.02115420303199212,0.01716070869754421,0.016647831785230986,0.01599130743615203,0.02652899901001365,0.004048332485269775,0.01032556814283895,0.010441585404397586,0.01105995645258152,0.019755571290058095,0.01010492504268438,0.019395462918910818,0.02180525471843095,0.019292705114360167,0.019769898195091964,0.012010048923851477,0.014873474270248717,0.023527398889490802,0.013955150326793637,0.01995770531940578,0.019902867168583915,0.009602726593644938,0.020318458938986615,0.021366748662607113,0.021780516212129772,0.017334834165257714,0.016462227268224293,0.0035229528888027287,0.00539395029726197,0.018781007174493436,0.002914348193452554,0.02116461463325943,0.01448755994477438,0.015008378989041324,0.015126909533078797,0.01812277012895505,0.03632135694885245,0.012852289314357739,0.020696809518934316,0.01429819546158699,0.016924336671068057,0.013134912111268488,0.01582915092857941,0.01703047605537232,0.020421216743537265,0.013704184533277151,0.019340246381661867,0.014036551204796723,0.006625219730989715,0.021137139795638193,0.007247239220933732,0.007738113958265841,0.011193192288079943,0.02146585802539768,0.019435440440685882,0.011980104616916641,0.019603714859332176,0.017759280178054154,0.01484637781905456
CP3,0.013542952071231788,0.01909783685735148,0.016339602388394645,0.015872165741595858,0.014155759703092123,0.016884758552970315,0.01689482660346253,0.007545679697994103,0.013649584363954647,0.012597768594042493,0.006335529709661012,0.004459659498271995,0.019570509306979296,0.006567074042328314,0.01707748348226576,0.013071086731935648,0.01774304228325535,0.014083356699177436,0.0157713342289342,0.0203079061346514,0.013538604089767602,0.013597156038958058,0.01817737959571031,0.01386679337569871,0.018905192639089206,0.011682143580064515,0.016277590279104845,0.014368540022338835,0.02489255838390101,0.01609428771203628,0.015939897919913692,0.015297693246908375,0.015755303976314448,0.013408698380093636,0.01651742701953468,0.016523712065794886,0.013595945373460547,0.016615201927262832,0.016557376377370883,0.025606358950489336,0.013336295376178947,0.047673757797447355,0.018923875941476626,0.017709055127546683,0.012231567015071203,0.018977999198169733,0.015327413132186026,0.018046343931572,0.012806120220791853,0.021190189681186057,0.014840486072668142,0.018128734274945737,0.016725536513184536,0.01674478479280413,0.014883007769238846,0.00862020390762519,0.009965414697428109,0.0163159254162777,0.017453672400696098,0.013991624704609986,0.015814420902737075,0.015708192165180053,0.015799601315614836
P1,0.010145273186275464,0.018190302718270324,0.014002210843516842,0.008445393390976788,0.02984296232840905,0.01759226810479658,0.015989352473786793,0.014463347661272238,0.020683951771018335,0.00848447974871665,0.015440387625910278,0.009812009798089272,0.01244575465405635,0.01744555996137874,0.007960788894729669,0.020802144648006456,0.022405777757587425,0.01980922641388346,0.016951101852392667,0.009480094836966515,0.023308430697699237,0.01997644579142934,0.012505395510963722,0.017741673102341288,0.018688175159954454,0.006239135968318453,0.01648317963428062,0.01761884726071008,0.02021548513449298,0.01140561623477341,0.013605304582272439,0.013027867733005672,0.015531456928571583,0.01409104118038565,0.01034037688175881,0.01608892696212362,0.011710995305022134,0.010622461333673686,0.015025666984664706,0.016346541428799086,0.018505621931336938,0.016051819979939444,0.04493766589438571,0.010587203931926787,0.023289224625595163,0.012216024505318356,0.00988828966809225,0.011477937353665018,0.019612774291336683,0.01082615674491149,0.01640083184249218,0.01228110233551894,0.01154638625152419,0.025848539191996544,0.012492801779058423,0.0126600211566043,0.016080335246369162,0.025146971339074606,0.01801444835993052,0.005866699692313461,0.020226012960763658,0.022438925988660235,0.012638792443905074
P5,0.0031169069578590816,0.020178971727524607,0.014018032343701806,0.016477831632010696,0.009455662045599833,0.020682687507139766,0.02122241133601696,0.018069440946097696,0.011943023506453314,0.009079603615713975,0.010489686578407162,0.013764092983730528,0.022615205635221867,0.019667382360106192,0.02730374717796952,0.012303676287987893,0.011111524636003943,0.010667271520666165,0.019280764276706934,0.020485413980139436,0.013567447128442529,0.019781055553303322,0.020921562746015004,0.017100814267435854,0.01502083943928683,0.00812107506724764,0.01966116102578099,0.0181840833382624,0.01590209975387146,0.01918249673186108,0.017094306788653556,0.0023577103303908825,0.0020318102546936735,0.022357611010572872,0.0018733969910599611,0.023369777799044773,0.014234025256475893,0.016172930867277634,0.017394813851400272,0.016617756271529602,0.012547572900561809,0.01413826839847938,0.010235174929521697,0.03258964758153289,0.005861918426159703,0.022502215496535215,0.025096631906207235,0.021186403286754925,0.012643671285813562,0.02235978017016697,0.015544299186441464,0.015892398533729344,0.012731554556006814,0.020100965056334276,0.009551760430851586,0.01519825823315139,0.012786678901095996,0.018360929843212775,0.020080021128168275,0.012011273574703382,0.02024591106955186,0.017574171043199985,0.017880382534155866
PO7,0.005380863300141647,0.015436811999947675,0.01610801572276808,0.012494110154859382,0.02603421540902235,0.01904648980984198,0.016795677952506766,0.01643368507637539,0.017095228644486003,0.012283143353922082,0.018361919835221854,0.012393456831745631,0.006783986630329121,0.018668744449810593,0.004978863849658009,0.02746586667819991,0.02922007200060451,0.029458975943822255,0.020567883518219043,0.004667788431793152,0.017049720537653162,0.02048357347571495,0.014615809885875925,0.01671986951655491,0.012838532066438367,0.00656206285495412,0.021097245750154148,0.018628714830196604,0.013705019242081232,0.015849768424869015,0.0160243656127588,0.006223710227303629,0.008318086658011089,0.01716376315782836,0.007156913435636474,0.017176469477133263,0.008806828473622564,0.01350855419583949,0.018772397846996004,0.011128584121662155,0.016377289130890024,0.010360931788480666,0.025966885534361002,0.0064153336735596105,0.04233810538132253,0.006558425893649369,0.011309296684003883,0.010288783359095282,0.028677957358841048,0.0069489236635091114,0.022051066087634495,0.012640271584805973,0.0037885488463219345,0.022505187635065663,0.01639731546332788,0.018072075388475863,0.016352398153204682,0.021640495894813448,0.0199330033179227,0.0068185838532477065,0.020735206783499327,0.02370698127376391,0.018611143865644213
PO3,0.0064945438138659835,0.02114097429834766,0.01525775219919398,0.01642263782585464,0.011052807595788304,0.017912174070756508,0.018796230488427386,0.016780822826225172,0.011628342309821384,0.009439045758453972,0.012162608720448007,0.011686100112585336,0.024509092869888255,0.017325195971596864,0.025906601254105485,0.009239837188108693,0.009807157201192532,0.009406607636870097,0.019942614387016694,0.025778726295282606,0.015566454195208815,0.01974815144360728,0.021386016506658216,0.015657265600429984,0.015667372335175053,0.0066003277756861095,0.01737565504157998,0.01630863916308527,0.017104136794084887,0.017343397212373147,0.01486505675106671,0.0052674552448005755,0.004950899132590579,0.018309314658524582,0.004534160556205713,0.021349253440351573,0.014305831244014085,0.014566942269469049,0.01572038451100314,0.017655448087483334,0.01325019865318693,0.01800517799706857,0.012791035415391151,0.02616557985592857,0.006358634446470903,0.03946416525292575,0.023376404974975416,0.01958247725539132,0.010461083869692793,0.02653034241957178,0.014546248020306806,0.01615325200199142,0.015802365734401726,0.02039167089006741,0.009295041885027677,0.011803507751909068,0.011602046563013885,0.017422945524844788,0.01762203390027204,0.015070167306352309,0.018807794068471977,0.016451426581048097,0.014074364844461973
POz,0.0020758786036561253,0.019188512641940086,0.0162024651460349,0.018616794040254885,0.009875403563374786,0.019622028711487702,0.02020387556150836,0.020099713635625394,0.012780205533509979,0.010327136022474205,0.013081591200770612,0.01603291805471481,0.01782933143341709,0.021229002615805535,0.02106618359428905,0.015580517607785708,0.012546597204535456,0.0135508238700854,0.02039500307728205,0.01644855775256381,0.01127270559239063,0.01971136237847404,0.021369901195015233,0.018432406642161482,0.012884027441539759,0.007939415533245488,0.02119426992596786,0.01924042961989332,0.014159631190827204,0.021412709978192567,0.01981518428650382,0.00119132215859215,0.00120918648241408,0.02155363265315564,0.0008680401447781026,0.024392357374270653,0.01364926573184764,0.017905160769289483,0.019392804470974537,0.014898564950366937,0.013107871635785383,0.011239648896065508,0.009054568338112062,0.023266784494722186,0.009434479388317199,0.018796469379910433,0.03251248034860793,0.019194924789643873,0.015180714174516208,0.018694663483246395,0.017157470880703723,0.016090215078935585,0.010967627920251698,0.01963147692411679,0.011049869403827878,0.01657397213292388,0.012266136021775429,0.01712579835154472,0.021845558059910498,0.010458586389054815,0.021651054461358323,0.016507554866050517,0.018947156189602403
PO4,0.0024509557599211316,0.02103826367306827,0.018669816383521914,0.01608184616857578,0.010531359652830292,0.020039774764105296,0.020398644080096215,0.01735557890515487,0.012000532021550192,0.008522996596840962,0.010049849464009986,0.012220054946949974,0.014992079555973533,0.01826801249061083,0.019141900930511623,0.014528205733248315,0.011674701401749418,0.012601322399734322,0.020254535918806736,0.020669782545580086,0.013407546190355384,0.019298981586763936,0.02072540554823033,0.017140631580786766,0.015704870247590347,0.00742482346084204,0.020083454019692148,0.019018045140116124,0.018972406288296485,0.019335567136086314,0.01598869713880429,0.0015083739228411663,0.0021591925842099407,0.020937276258365632,0.001821976726345782,0.02342677716384193,0.012915767781471708,0.01847959913151337,0.017871901216731437,0.018007798653756422,0.01498517201937573,0.01456740728736958,0.011698970864675064,0.022023966256735077,0.009511217285740566,0.017681595694622312,0.02154460183381423,0.033370318933450924,0.012651723022252304,0.022575198590633994,0.0178651798498003,0.017007908657560675,0.010442413884757144,0.02017800413669641,0.011970383769926185,0.013954202923222626,0.013368530805900787,0.018222559808457862,0.020274229780700703,0.011769810027753694,0.020475646101105964,0.017919783734016623,0.02022186956194993
PO8,0.0013482169125237531,0.018384954916780657,0.013656963116696579,0.008847797175594928,0.020580530720238507,0.020455519566475067,0.020064232710092895,0.018331395338230985,0.01967661797162268,0.010793455294468004,0.015809453424316704,0.014065254885078727,0.009227691919787165,0.020568220578570585,0.008872793217384845,0.026889756828373253,0.028684249531516885,0.025699673808948775,0.02180268288176485,0.006133816167523528,0.01213789546613769,0.023417175496907326,0.016545947362111256,0.017053878484012863,0.012696360942643042,0.006958661969589718,0.02418271335285782,0.022865918688469905,0.014344487623331403,0.019311245186508418,0.018545707330557923,0.0019115127271171406,0.0040230556781813386,0.020747302637093755,0.0030319492854699545,0.02089353309179305,0.009840468491750333,0.014468716315372838,0.02089785210367103,0.01265460017955124,0.01708438270267071,0.009811153438082431,0.018464804325052306,0.011915487721078703,0.024150644210755953,0.008607842247512047,0.015250883324869239,0.011546067059598413,0.036276636238493656,0.007840332764849595,0.021827678923554764,0.014362681700321327,0.005141009283612145,0.020487588708576927,0.012315788359670912,0.015272342816503182,0.014181628015086205,0.02063722014567622,0.021971426425332053,0.007073334608397198,0.021066460079482256,0.020206791046880238,0.0180855564748261
P6,0.006049053978756811,0.02008956800223541,0.016888484625333287,0.01765406975110799,0.008057284216685258,0.018763594730045553,0.017078891774939584,0.014727763796211582,0.009229930874703817,0.008676831682113422,0.008991815976644085,0.010193418193294852,0.021896551955435387,0.015227738589146675,0.024348924261042692,0.009782194044316178,0.008368936084740689,0.00954762349483541,0.018432572404013043,0.03186394258754128,0.014692555563399483,0.01725180076919169,0.022036342774320476,0.014951919054777645,0.018288412879007857,0.00608405612218363,0.016617251551906537,0.015081706761518595,0.019679380132901603,0.015918538543177076,0.014450907982197687,0.005057023280304137,0.005651783636553359,0.017839060249512418,0.006089884952156057,0.02082473744552557,0.016265598900711442,0.016407680033708447,0.014896092162239864,0.01994061592690266,0.013282841952402955,0.018711306353368286,0.01161521914116215,0.025144507057812914,0.006560904186458943,0.02529075080754473,0.022221745451495474,0.024545996263599445,0.009188475800430272,0.03639391365161947,0.0152725319226139,0.01797842722419004,0.017669689771120822,0.02000165338125702,0.011554181686807788,0.012690577999650931,0.014091754455074098,0.018290285181630755,0.01796634572003772,0.013236594327801849,0.01964625612481613,0.017893014839427304,0.016858486954337767
P2,0.002165510734169753,0.01907041877936287,0.015210444592762083,0.012338171366130603,0.01584452803701436,0.02135370410529088,0.01961098803812291,0.019393410661143327,0.017233907557583982,0.011661280999514434,0.015170909683498504,0.010963810922087008,0.007408920667347634,0.02099728711544587,0.011954515697361522,0.02230805658513709,0.021202581033409527,0.02248326126475439,0.028040715490414994,0.009592658634525844,0.010857962192284538,0.023078295110039,0.02089164272682062,0.014862987963538382,0.015183269770455893,0.007961671214534992,0.025385828070909455,0.023890804161714588,0.014029490518697089,0.022721967519459027,0.016406558227912444,0.0023678646934460887,0.0026306270132395206,0.022963562647556682,0.0030806603591653787,0.021604463935187064,0.008894958673274039,0.016071359515057518,0.0184512011557537,0.011586006818354231,0.015313046852111392,0.010405091058259968,0.015207185350985346,0.014428203577962928,0.01858082498152628,0.011854853396699533,0.01681121506117081,0.015998808180083837,0.02103043125439174,0.012697592171280818,0.033543692358227455,0.013975051474819675,0.0026095747634559303,0.020091148936365856,0.015569724913352956,0.01494149584382817,0.011422894027899212,0.020076117088516254,0.02066513053186688,0.011268830997330538,0.01887099200745028,0.017572250570303455,0.02013958034963286
CPz,0.006465763972173237,0.018066576982687953,0.014507341128834537,0.014831058078284094,0.011693775164669365,0.02055083009440973,0.020961205899266498,0.01884164117885259,0.011571504971813154,0.011512267766431264,0.012395966095844303,0.010082201111922602,0.015896114275125533,0.016739721093983508,0.015993493339351374,0.015366148329617205,0.018016944256236914,0.014923548635269682,0.019755677009080142,0.01585137005591475,0.013649241323805461,0.018416686120049888,0.014004152700632821,0.015052357925457857,0.016340450827339592,0.008416813221238138,0.019284005074615584,0.017195163184410424,0.016666847828993806,0.01922468160145887,0.02039097590765345,0.005967699849796302,0.00519531570583632,0.019198053614961963,0.006845181148236736,0.021627313895823383,0.013009289716576427,0.016717423749782963,0.0179910236654936,0.01704334915426812,0.013462287553383218,0.015885480334081735,0.012590166359352097,0.017416227232999654,0.012846605946805794,0.015290830811007378,0.018897577204051066,0.01823438505828337,0.016594917758342223,0.01754771657539249,0.016798572969971164,0.03812367359701711,0.0086608820097815,0.01984769596889667,0.014626695470901563,0.016903905923036148,0.01200370652370141,0.01782471664918019,0.0210696905017052,0.010927222722287758,0.01959393643364763,0.01877554280977938,0.019818387930195108
CP4,0.02729588864327033,0.012481260381297456,0.01413821991811228,0.018520632316509536,0.013698606042098693,0.012011008356964177,0.011610978749765775,0.013769657427125201,0.009748056459530315,0.016045161665781103,0.01610726693031212,0.01882192216950912,0.03135753675515289,0.013201957491957222,0.021038733798253873,0.00882259165576069,0.005559614131857484,0.004744052797091257,0.005943215867741497,0.02421294022245206,0.019584055050874013,0.007577288316421337,0.01928876153922253,0.01454553771002291,0.012551579581485672,0.012028265196170201,0.008553597886864061,0.006791073286610683,0.01889177849422485,0.0080480032162271,0.012253702383105955,0.027520033986841965,0.023796213434573457,0.011136388319867654,0.026860516389768246,0.01406965543676067,0.020960297445461802,0.013557601549303118,0.013657170271393567,0.021103885624985615,0.009142430191330419,0.02135220990005635,0.017628852223260327,0.018591683701536042,0.0055505712283086565,0.020821510546975317,0.017632630970299344,0.014583001167582339,0.008521301802761103,0.023207747222526248,0.004266049712573267,0.013119279516653648,0.058025837793033316,0.014986077336981464,0.017978403156204775,0.017676650427732706,0.023558223906415668,0.013240346700461626,0.011610978749765775,0.01510290289827794,0.01568822576507109,0.01504208947711104,0.010768288704353063
TP8,0.0015424936897842699,0.0198245829600774,0.015903659569784224,0.010767066856271563,0.019062288346081206,0.02047842116413964,0.018712790263676456,0.016182994941784372,0.016010399914413706,0.009584307010020448,0.010960430063245052,0.011788118133597762,0.014714178377532989,0.01934062980770311,0.013455599842864284,0.017424509182911215,0.01795068512061293,0.017505937293626907,0.021397465622079996,0.013104954107953072,0.022162967166948027,0.02330583526168909,0.01738194318452289,0.018596085913370572,0.01499457911752027,0.0013379473670190247,0.021112520827781745,0.01877631391260027,0.016509050597708037,0.015467349154102798,0.018333625363979617,0.0021428079794035436,0.004058431649006322,0.01977388703464093,0.0022164493761319833,0.02182904251251778,0.01099543454738324,0.013176761426053257,0.01694971559676776,0.013651898225257605,0.01509372221909517,0.01094088099375759,0.020181145601543167,0.016956626413700552,0.016028801331394706,0.014856727645746227,0.017338537017884553,0.01614180179563963,0.0174155748164175,0.014674476096955607,0.017620618094371862,0.014797783779937831,0.008207379517350278,0.03272025722002159,0.012576754620690432,0.015202793597542025,0.017250541303296965,0.025512320632144668,0.023627275405692885,0.006296146159930244,0.02458262574240612,0.025922099703796952,0.01757095180811808
C6,0.012459172002476076,0.009885575657972602,0.012275231956576992,0.018761964964500968,0.012662413978384728,0.0161119807575863,0.016255278247052335,0.01978390411618596,0.008684148506256626,0.022130117691803102,0.020532891498353262,0.016331220904876716,0.01183287375974821,0.01923103543653835,0.011413062864070005,0.019450591849382238,0.017540087595535128,0.020163675792794662,0.0193602445120032,0.0113184216135996,0.01492597763363194,0.012946782934382745,0.02014586760932226,0.009634884117795412,0.00865358752254347,0.007857279515140968,0.01942314729777675,0.014768433597387984,0.005496403381902494,0.01838696159931384,0.016496778623683254,0.013078950309178529,0.01195985681227901,0.018578183051378618,0.018331627291516057,0.018469740458717104,0.012212487303580176,0.015566809494947802,0.01587789072615442,0.007691434724524358,0.007572910559142949,0.011767903083817345,0.01493042967950004,0.012082387818941708,0.01832081344239928,0.01051988758326305,0.015162135555221137,0.015296528952950968,0.015654198532995905,0.012503534328380344,0.02174901040143397,0.01639234287230303,0.013531993416090751,0.01875916479794677,0.04773705938789313,0.025871908976788538,0.01914485307321734,0.01652912042574365,0.019251069642944804,0.00908526080928881,0.016100563571105977,0.021990668910841622,0.023359276466934635
C2,0.00677729699756217,0.01103635699258287,0.012860119546333731,0.017899095424389982,0.010912515269286754,0.021658484909159087,0.021170758122927895,0.023795521514471958,0.008439818288155066,0.01696431063765891,0.025560032200707156,0.02196058260959686,0.01437172548585849,0.02348121309171229,0.01596865617148161,0.02038500387703289,0.015803111291256514,0.018769640419780347,0.018560357262239285,0.01032053059073311,0.013858309507492679,0.014888944706696768,0.018630285106284526,0.012666082980690876,0.008553868095964347,0.009404479195941298,0.020234588900559417,0.015446983023421285,0.00418291010166793,0.01870378281650907,0.016435147692800234,0.00605448117350872,0.005819008449238384,0.02275509439978103,0.008015296922066917,0.019311397773408998,0.010107944565314246,0.016311572967805617,0.021095492290617864,0.006788473348686408,0.007207156351915106,0.005902915137691004,0.013007465031222562,0.01603820032907877,0.017404112217653596,0.010492681206713815,0.01907223849481278,0.014986980549711688,0.017314984229082772,0.011716318600363101,0.018005888811694078,0.017291597155636638,0.01243049356827396,0.019120163701049287,0.022134000973068387,0.040112816156990444,0.01956975719653081,0.01731421685618661,0.019084565905281257,0.012134384540850555,0.01903879250757831,0.021823762791082685,0.02283723296614817
FC4,0.008168490551324374,0.014514346466816593,0.016036761807715197,0.01589073613582758,0.01725276339596217,0.01584626189862432,0.014018331793409125,0.019196919850206967,0.010781164697779472,0.013803015525374433,0.017375946202346212,0.018313359867359325,0.01568223933644866,0.021721368993820406,0.012383949595830257,0.0176383352119621,0.015408946882597844,0.016236054678902087,0.016132705267547662,0.013443784067591048,0.023033451030598513,0.018107110538817993,0.015784377253999206,0.01642354511751901,0.010726236510508799,0.0040281055945876314,0.016338954596088993,0.01393903674136215,0.01296680226150533,0.010128220908249455,0.01797818276888339,0.009507811934654062,0.010764516289993978,0.016174932033913333,0.009721330226018681,0.019399534697336657,0.01718392229398261,0.01464735821233036,0.015710827165502796,0.010766939277601742,0.011642468297989737,0.008200575873091477,0.017556617172307366,0.014036953694634861,0.016425655599657925,0.011578023677058184,0.014872678936264946,0.014529333886630687,0.016906096370385114,0.014157401007942296,0.014651442187909522,0.012864214849787267,0.017026856189161395,0.02450744514741337,0.017672081521700602,0.01987589149248468,0.04168454797274021,0.02384754490052891,0.022102993822939846,0.002951173220873831,0.023667323424735275,0.028670985475122528,0.017395017597739468
FT8,0.0008020594376517107,0.019996168112862735,0.01577463955256811,0.01044601591103338,0.019337536926529675,0.021430857586012604,0.020025094587669483,0.01745109795523924,0.016936051819504833,0.009571303347453966,0.012704369608124606,0.012090168874260884,0.013115020937731033,0.019760046351303497,0.012671000088070924,0.01781838291298638,0.01958077689662434,0.018382709506400415,0.02111042808333994,0.013663593392799121,0.020706191160920564,0.022574654471241587,0.016047963439482935,0.017753458435539132,0.01520763779586558,0.002996959697869093,0.01951009513263675,0.020985679294339084,0.016504859784218815,0.013836355078887873,0.016183116040252743,0.001910969081551928,0.004107433743746072,0.019278416416324447,0.0020879703329059374,0.02138082664628292,0.01057455062463447,0.013789859903075064,0.017915315988492227,0.013216850699148838,0.016212042515059494,0.011310324662843846,0.020637027118208057,0.016433317419602845,0.016020601366652946,0.013788999302446684,0.015934118783617737,0.01539044301446161,0.01847277453405418,0.01454102780036871,0.018585304948625973,0.013986901538741953,0.007847989489708353,0.027177297446390865,0.01172218011516536,0.014167938875379548,0.018060762282452666,0.033862763907850764,0.0225179589636415,0.005045803224181005,0.024420699075346268,0.02641214329270971,0.018215094666906982
F6,9.396729937981582e-05,0.01986308750771134,0.01596883804307454,0.012493761957193136,0.015710726946829533,0.019446218518849995,0.02015721616403336,0.017324271544037935,0.01474292852358916,0.010180467512031291,0.011326537207229693,0.013177426408148445,0.012811148221682351,0.020430246970585365,0.01285701583429945,0.01846928996253526,0.019236336630111164,0.019835163914761016,0.021501142826279913,0.011499220738446976,0.013880733759188904,0.022695773086219846,0.018355017048599594,0.01854972018554451,0.014672089311633083,0.004167280271188806,0.023627035866409372,0.020456528888112342,0.015645273639122312,0.019017122771806082,0.02450789456994213,0.0006034932694329794,0.0017604070888775228,0.02192018668429185,0.0012779552715654952,0.02469780220136046,0.012390333167503608,0.01603619206769203,0.01812949553008804,0.013159021510502859,0.013992241405251713,0.011184527426082187,0.014747464987628828,0.01657115051506298,0.014845507873069498,0.012715668767622645,0.019024352187970175,0.01616295078129719,0.019197698433658157,0.013166250926666952,0.01841468077907418,0.01553540766848285,0.006540383078322101,0.023904732657744503,0.013145556749880723,0.015150149296402307,0.015841690767239007,0.021489117904589235,0.030867572465668694,0.00499990976721539,0.025900583633422104,0.02329480220736159,0.020633230800395454
AF8,0.01819811423540759,0.017431858466340728,0.015089741158423856,0.019862684269931857,0.007804632030503002,0.018759161234849952,0.01815147760775037,0.015696603128788202,0.013615068928897637,0.009831065777570171,0.017486776328778517,0.01470574596955879,0.016901132882808294,0.01445837403672445,0.021359396680587433,0.014222204784840396,0.01295027635473298,0.012094125252485415,0.017858838475150865,0.01704795457266847,0.006093060187550301,0.014458739217495666,0.019468216761658934,0.011880543952887542,0.014841182388083067,0.029614783509693203,0.018444573216313896,0.0162148478986711,0.017928793416636696,0.026663978327555907,0.010257315424837881,0.014831349135024837,0.010529648984971298,0.01944635917091518,0.012927870992832408,0.016822075049806665,0.012916394426303709,0.01700168312578246,0.016946765263344675,0.019301911156067907,0.01634026847375154,0.017250880962472875,0.009381497816473853,0.019378138838092626,0.010417439585082825,0.019717232007963742,0.01783579404690067,0.018624729063446515,0.01219558844738762,0.019096976272021816,0.020110786564308626,0.016203645217720813,0.013940494447612767,0.01220715630910912,0.011631163525811521,0.016168576451785092,0.004177740298057959,0.009380128388581798,0.009987629425295772,0.049558260221289965,0.010776838327420029,0.008929373589979032,0.016574337936201108
AF4,0.0002570845128391627,0.020225985352240974,0.016483721294817094,0.012333633846066403,0.0160044346665649,0.021157735233176322,0.02048168023065667,0.017910268954907334,0.014216916597993422,0.009844729969712918,0.01226006042353501,0.013737681437682836,0.01496993118470289,0.019895430352753637,0.014078508580516486,0.017720026286736495,0.017780342425308203,0.018372397458125318,0.020529871379984098,0.012990986685303553,0.017426618274106128,0.022048951965596288,0.018365614412320645,0.019914183983977755,0.015024750976010167,0.004263164660965271,0.021337139610643135,0.019591750196776954,0.017345294637367305,0.016631938244165853,0.02098552564504707,0.0006577131148284175,0.0024516024856716897,0.02082168388642456,0.0009085807292206142,0.02283166141011712,0.011215387734209908,0.015114298760918743,0.018347941607870333,0.014450626087351408,0.013846446065290018,0.010672295869844368,0.01613559642676267,0.01673910736558313,0.014778607689758246,0.013445148380059835,0.018999334888368566,0.016404857396787712,0.01816869163422835,0.014581530507841129,0.01663815514261282,0.01467724372325506,0.00861438453653243,0.024953944126900114,0.010879593727166193,0.0148067070413797,0.016853265404571518,0.023262499549333834,0.025731620435631007,0.0054399770013787326,0.03133939150464837,0.023285977508698232,0.018759768776154883
F2,0.0007910152709991727,0.018417436479012277,0.01624149652425507,0.01170301028398076,0.0182653375218141,0.020175792514379544,0.01860644479597421,0.01669371158137822,0.014246277493345548,0.011224319306909872,0.013604703253842259,0.014327814050479691,0.014410774496382919,0.01999146440565018,0.01198509887065458,0.018358797495197733,0.018936198209392463,0.01927215064573031,0.019904013603350257,0.013037203673366752,0.020587462188603696,0.020715144757795248,0.016112579918130313,0.017334051783948305,0.014278791422630555,0.002582264939323209,0.019739231822559072,0.017208172807197598,0.014532922524080446,0.013429801649242418,0.01853844539569453,0.0020442416587586566,0.004139309537807292,0.019206363379816786,0.0027587802845280146,0.022219559543548505,0.01196077740856589,0.016177512850782387,0.018259328350730377,0.012671205381610312,0.013531643941658253,0.010728331385677796,0.01872040035647542,0.015067813249353006,0.01744247280295549,0.012657573298837911,0.015036438431083269,0.014986371618136804,0.017923660692146348,0.013815725972608793,0.016277741402593256,0.014676734088164365,0.00894157207375045,0.027246097177358847,0.01540224687100383,0.017211903756250778,0.021580833081583393,0.026202469619596807,0.023909821252718164,0.004892086486191556,0.024517647526003238,0.0342525130927834,0.020288893741619303
FCz,0.0004624762403522645,0.0174085692826106,0.014753986065730543,0.015124879140270664,0.0112916530741867,0.021488234160603442,0.02133122532657191,0.020070784429974998,0.011410407162323048,0.012844324365598564,0.013706099459491956,0.014456340776841083,0.012151591505564104,0.020679787486627008,0.014530728325695082,0.01848492551632523,0.017826774077153974,0.01917879813956303,0.02150207297794841,0.011434727997399807,0.011227240830698764,0.018666160091960062,0.020198183873327148,0.014754176252677465,0.014032847426695078,0.007076259923044711,0.023231703714123936,0.02059238435821257,0.01187807686480448,0.019473181722312778,0.01898730297814175,0.0004810969009341298,0.0009387912980494959,0.0235696305983715,0.001962547256158245,0.02480951907839709,0.01171973808062268,0.020595139351986556,0.02129825913627935,0.011837067125135306,0.011997432758780017,0.011024250226814237,0.011913069904559951,0.016666466608111545,0.015571774994235434,0.011831271857166951,0.019135349931538675,0.01851200134517597,0.01759477588842925,0.014237167980729867,0.02034420397726116,0.016857359963693638,0.006866936093827676,0.020528573920563824,0.017170554393972172,0.01967810408218676,0.014413905993548186,0.01989616836009305,0.023562505380252882,0.009185333995502698,0.021674947478787825,0.022527349073154346,0.031342803418848375
