,bankssts-lh,bankssts-rh,caudalanteriorcingulate-lh,caudalanteriorcingulate-rh,caudalmiddlefrontal-lh,caudalmiddlefrontal-rh,cuneus-lh,cuneus-rh,entorhinal-lh,entorhinal-rh,frontalpole-lh,frontalpole-rh,fusiform-lh,fusiform-rh,inferiorparietal-lh,inferiorparietal-rh,inferiortemporal-lh,inferiortemporal-rh,insula-lh,insula-rh,isthmuscingulate-lh,isthmuscingulate-rh,lateraloccipital-lh,lateraloccipital-rh,lateralorbitofrontal-lh,lateralorbitofrontal-rh,lingual-lh,lingual-rh,medialorbitofrontal-lh,medialorbitofrontal-rh,middletemporal-lh,middletemporal-rh,paracentral-lh,paracentral-rh,parahippocampal-lh,parahippocampal-rh,parsopercularis-lh,parsopercularis-rh,parsorbitalis-lh,parsorbitalis-rh,parstriangularis-lh,parstriangularis-rh,pericalcarine-lh,pericalcarine-rh,postcentral-lh,postcentral-rh,posteriorcingulate-lh,posteriorcingulate-rh,precentral-lh,precentral-rh,precuneus-lh,precuneus-rh,rostralanteriorcingulate-lh,rostralanteriorcingulate-rh,rostralmiddlefrontal-lh,rostralmiddlefrontal-rh,superiorfrontal-lh,superiorfrontal-rh,superiorparietal-lh,superiorparietal-rh,superiortemporal-lh,superiortemporal-rh,supramarginal-lh,supramarginal-rh,temporalpole-lh,temporalpole-rh,transversetemporal-lh,transversetemporal-rh
bankssts-lh,0.27882344496794265,0.0,0.012147984538928768,0.0013804527885146328,0.0,0.0,0.0,0.033637400228050174,0.0,0.0,0.0,0.0,0.0,0.0,0.0,0.0,0.0,0.012424075096631695,0.03975704030922143,0.0,0.0,0.0,0.0,0.06639836247132845,0.0,0.0,0.014632799558255107,0.0,0.0,0.0,0.1167818985334145,0.022234891676168756,0.020706791827719492,0.011871893981225842,0.005521811154058531,0.0,0.0,0.03876852907639681,0.01653363740022805,0.0,0.04737015086444363,0.03135689851767389,0.0,0.039908779931584946,0.0,0.0,0.0,0.0,0.0,0.0,0.0,0.008558807288790724,0.0,0.0,0.05113058611160607,0.0,0.0022087244616234127,0.0027609055770292656,0.0,0.0,0.0027609055770292656,0.0,0.050815773617075934,0.0,0.0,0.0,0.07150745444505797,0.0
bankssts-rh,0.0,0.39444322505121454,0.0026338893766461808,0.0026338893766461808,0.0,0.018437225636523266,0.0,0.014925373134328358,0.0,0.0,0.0,0.0,0.0,0.019054543459174712,0.0,0.006433823529411764,0.0021949078138718174,0.0,0.0,0.02267156862745098,0.0,0.0,0.0,0.02696078431372549,0.0,0.006740196078431373,0.0,0.0228270412642669,0.0,0.0,0.011948529411764705,0.0,0.0,0.0,0.0,0.004389815627743635,0.0,0.000877963125548727,0.0,0.0015318627450980392,0.0,0.004901960784313725,0.0,0.009657594381035996,0.0,0.0052677787532923615,0.0,0.03555750658472344,0.0,0.0,0.0026338893766461808,0.016237745098039217,0.0,0.0,0.0,0.0009191176470588235,0.0416300848697688,0.0,0.017998244073748903,0.0328321627158326,0.0,0.18174751243781095,0.0,0.03676470588235294,0.004901960784313725,0.030637254901960783,0.0,0.0196078431372549
caudalanteriorcingulate-lh,0.00968013468013468,0.0016835016835016834,0.1875539207293943,0.13506114652674972,0.0011216350947158525,0.005260942760942761,0.0,0.0,0.012626262626262626,0.0,0.03111372951851516,0.02480059820538385,0.0,0.0032402791625124627,0.014207377866400797,0.0,0.006523569023569023,0.015453639082751745,0.03289353320509851,0.0,0.0,0.007365319865319866,0.016575274177467597,0.005260942760942761,0.049219345331010335,0.01109172482552343,0.015151515151515152,0.0035774410774410776,0.00660518444666002,0.014207377866400797,0.013334995014955135,0.0,0.005892255892255892,0.006102693602693603,0.0140993265993266,0.0,0.00872382851445663,0.012711864406779662,0.033649052841475575,0.017572283150548356,0.008349950149551345,0.010942760942760943,0.0,0.003863409770687936,0.005681818181818182,0.0,0.0,0.0,0.0014955134596211367,0.0,0.0002492522432701894,0.0,0.04496988831485342,0.055771658089703954,0.02104565931834127,0.004985044865403789,0.034722222222222224,0.0,0.005928972342232561,0.015782828282828284,0.020833333333333332,0.0,0.012713962489635472,0.0021043771043771043,0.007786195286195286,0.0,0.020412457912457913,0.0
caudalanteriorcingulate-rh,0.0016279069767441861,0.0018604651162790699,0.11785389438044275,0.17789105203506306,0.0006940160394818014,0.005813953488372093,0.013340530536705737,0.0,0.019383383785489865,0.0,0.02201375837481887,0.0168877236273905,0.014034546576187539,0.0020049352251696483,0.002082048118445404,0.008019740900678593,0.015614607692638768,0.0025447254780999384,0.02027796508041261,0.006554595928439235,0.003392967304133251,0.014385679239057142,0.017137354202832016,0.0,0.03731625611523177,0.011798272671190622,0.021246287821184165,0.003953488372093023,0.011258482418260333,0.009793337446020975,0.009793337446020975,0.0,0.0,0.0,0.026360127971536376,0.008405305367057372,0.03209818802634033,0.006477483035163479,0.04543627964363084,0.01557802390141027,0.006175128760598539,0.0032558139534883722,0.007788402220851327,0.011840953760957205,0.006279069767441861,0.0,0.0,0.0,0.0009253547193090684,0.0,0.0,0.0,0.04601753152662009,0.05540916459836736,0.012203348492891267,0.005089450956199877,0.038203233720212906,0.0,0.00023255813953488373,0.01744186046511628,0.01950683614765505,0.0,0.00030845157310302283,0.01262305783108331,0.014034546576187539,0.0,0.01788380700974133,0.001850709438618137
caudalmiddlefrontal-lh,0.0,0.0,0.0019704433497536944,0.0022167487684729066,0.32215728568513713,0.0,0.0,0.0,0.017011834319526627,0.0,0.0,0.0,0.017011834319526627,0.017011834319526627,0.03571428571428571,0.0,0.0,0.01798904013758125,0.013313609467455622,0.0,0.038177339901477834,0.0,0.013300492610837438,0.0,0.017011834319526627,0.0,0.017011834319526627,0.0032019704433497538,0.017011834319526627,0.0,0.0022167487684729066,0.029585798816568046,0.010591133004926109,0.020689655172413793,0.017011834319526627,0.0,0.0,0.023662080624945347,0.0022167487684729066,0.0,0.011576354679802956,0.003694581280788177,0.0,0.0,0.0,0.04189159646719329,0.018226600985221674,0.0004926108374384236,0.0,0.02832512315270936,0.05,0.017487684729064038,0.0007389162561576355,0.0,0.017011834319526627,0.0,0.017011834319526627,0.0022167487684729066,0.04384236453201971,0.01847290640394089,0.017011834319526627,0.0049261083743842365,0.038669950738916256,0.0,0.0014792899408284023,0.0,0.0,0.01083743842364532
caudalmiddlefrontal-rh,0.0,0.03156384505021521,0.01649928263988522,0.01649928263988522,0.0,0.7044476327116213,0.0,0.0,0.0,0.0,0.0,0.0,0.0,0.005021520803443328,0.010043041606886656,0.0,0.028694404591104734,0.0,0.0,0.0,0.0,0.00860832137733142,0.0,0.0,0.0,0.0,0.0,0.06886657101865136,0.0,0.0,0.0,0.0,0.0,0.0,0.0,0.003586800573888092,0.0,0.0,0.0,0.0,0.0,0.0,0.0,0.0,0.0,0.0,0.0,0.0,0.0,0.0,0.0007173601147776184,0.0,0.0,0.0,0.0,0.0,0.06599713055954089,0.0,0.023672883787661407,0.015781922525107604,0.0,0.0,0.0,0.0,0.0,0.0,0.0,0.0
cuneus-lh,0.0,0.0,0.0,0.020252868180753923,0.0,0.0,0.14138756754721893,0.025539938292766542,0.022008897213767267,0.0,0.010284538909838875,0.0,0.0341840318426598,0.009598902982516283,0.0,0.018145633341137907,0.013345820650901428,0.0,0.0014048232264106766,0.01217513462889253,0.0468956673540417,0.059731274381432706,0.0230617922356186,0.004565675485834699,0.0,0.007492390540856942,0.028681807539217983,0.016773277889557712,0.009482556778272068,0.0,0.0,0.0033949894638258017,0.0,0.03599588618443606,0.030086630765628657,0.028200770766513197,0.011238585811285413,0.0,0.005970498712245376,0.005385155701240927,0.0,0.0,0.026925056108247962,0.01123786341332874,0.04302365443949263,0.0005142269454919438,0.01662667123757285,0.030281758480370083,0.051079876585533084,0.00411381556393555,0.008056222146040452,0.020819990709962276,0.00421446967923203,0.0167357131958107,0.00433153828143292,0.004565675485834699,0.003277920861624912,0.005999314364072678,0.005656496400411382,0.007609459143057832,0.00842893935846406,0.0035120580660266917,0.0,0.00831187075626317,0.04504079020062356,0.0,0.03744445462044529,0.006907047529852494
cuneus-rh,0.04481132075471698,0.008515167642362959,0.0,0.0,0.0,0.0,0.03964874933475253,0.31910415014007854,0.0,0.008515167642362959,0.011442256519425226,0.0,0.0,0.0,0.0,0.0,0.0,0.0,0.0,0.0,0.03326237360298031,0.03725385843533795,0.0,0.0,0.0,0.0,0.0,0.0,0.02358490566037736,0.0,0.041666666666666664,0.0,0.0,0.02687599787120809,0.0,0.0,0.0,0.0,0.06525157232704402,0.0,0.018867924528301886,0.013364779874213837,0.0,0.0456824183879422,0.029536987759446513,0.004789781798829164,0.017562533262373604,0.016764236295902075,0.03033528472591804,0.010377860564129857,0.002394890899414582,0.015965939329430547,0.0,0.0,0.04716981132075472,0.0,0.0,0.0,0.0,0.0,0.031374577003022486,0.0,0.0,0.0,0.023948908994145823,0.017296434273549762,0.014635444385311336,0.0
entorhinal-lh,0.0,0.0,0.012536564981195153,0.023193552944376337,0.004805683242791475,0.0,0.018562401263823063,0.0,0.11873955698855734,0.013526856240126383,0.0,0.013428120063191154,0.0662890678380664,0.020894274968658588,0.0,0.016093996840442337,0.0231042654028436,0.0,0.06401566014355985,0.014218009478672985,0.005627962085308057,0.009281200631911532,0.010959715639810427,0.004344391785150079,0.05206363148440456,0.02514083830603874,0.06173820892822603,0.0,0.022798154372052768,0.0,0.0,0.0,0.0,0.0,0.05929522092147384,0.030063247267405127,0.011499278107751084,0.012745507730881738,0.009182464454976303,0.007306477093206951,0.0,0.014208106978687839,0.022956718153064923,0.0,0.012342022116903634,0.0,0.0,0.0,0.018364928909952605,0.0,0.0,0.0,0.013551818792172272,0.0,0.026419003491621493,0.0,0.0347582700728626,0.0071040534893439195,0.0,0.0,0.05494789964674482,0.0,0.0,0.003060821484992101,0.04035025307489129,0.0,0.011299330128884337,0.009182464454976303
entorhinal-rh,0.0,0.0,0.0,0.0,0.0,0.0,0.0,0.025295109612141653,0.032454856027330406,0.4816852213517555,0.00854075158613958,0.0212298682284041,0.0,0.0,0.022693997071742314,0.0581787521079258,0.0212298682284041,0.016349438750610054,0.08028306490971206,0.0,0.0,0.0,0.015129331381161543,0.0,0.007320644216691069,0.022938018545632016,0.0,0.006588579795021962,0.0,0.0,0.0,0.0,0.008784773060029283,0.0,0.0,0.0,0.0,0.0,0.0,0.0,0.007808687164470474,0.0,0.0,0.021079258010118045,0.015129331381161543,0.0,0.0,0.0,0.044483509827110995,0.0,0.005124450951683748,0.0,0.010248901903367497,0.010004880429477794,0.0,0.0,0.0,0.0009760858955588092,0.009272816007808687,0.0,0.002440214738897023,0.03204047217537943,0.01268911664226452,0.0,0.0,0.0,0.0,0.0
frontalpole-lh,0.0,0.0,0.05467943299913397,0.05376031535207514,0.0,0.0,0.017553793884484713,0.01160815402038505,0.0,0.008042279411764705,0.15248062878888813,0.04573443016787689,0.0,0.001838235294117647,0.0,0.0,0.0,0.0,0.017693014705882353,0.0,0.01642129105322763,0.020101925254813136,0.01727066817667044,0.0,0.04526654411764706,0.039103875907667715,0.0,0.0,0.01649909857770968,0.02850097428552395,0.015395220588235295,0.0033975084937712344,0.0,0.028878822197055492,0.0,0.0,0.007123161764705882,0.0,0.03913640413696623,0.045771642462194395,0.0,0.0,0.011041902604756512,0.01841956523549397,0.022650056625141562,0.0,0.02463193657984145,0.020101925254813136,0.016880849876757042,0.0,0.007078142695356738,0.01642129105322763,0.03125,0.06075206307041503,0.008501838235294117,0.01287597428552395,0.0,0.0,0.0,0.0,0.0,0.0,0.00622876557191393,0.0,0.04161947904869762,0.0,0.013306908267270668,0.0019818799546998866
frontalpole-rh,0.0,0.0,0.03093872623000302,0.03395713854512526,0.0,0.0,0.0,0.0,0.02052520374283127,0.013733776033806218,0.030695927030679283,0.14990816604863816,0.005914659907055344,0.009083227714406422,0.0,0.0,0.004980380319951705,0.0,0.027014790220344097,0.010139416983523447,0.010773130544993664,0.0122517955217575,0.0,0.008660752006759611,0.034801069795715844,0.07137626977031375,0.014575411913814956,0.0,0.041191381495564006,0.07055777887700525,0.009658919408391186,0.0,0.0,0.0,0.006759611322348965,0.0,0.00784787201931784,0.005280946345585129,0.018865076969514036,0.0574332962120902,0.0,0.0,0.0,0.0,0.02052520374283127,0.0,0.0,0.01563160118293198,0.02429821913673408,0.0204900718208703,0.007182087029995775,0.023658639628221376,0.030787805614246905,0.03314145310475013,0.024596234750609902,0.06062526404731728,0.0,0.001509206157561123,0.0,0.026827207435572455,0.0038022813688212928,0.0,0.0,0.0,0.0,0.0,0.0,0.0
fusiform-lh,0.0,0.0,0.0,0.01639344262295082,0.00398337374437132,0.0,0.026932084309133488,0.0,0.057441008797286516,0.0,0.0,0.005195704883962591,0.11016338905349563,0.01541392448908902,0.0,0.0201765447667087,0.019816249324446047,0.0,0.02679689551875212,0.023479949783276735,0.014860689402303309,0.0335605158127829,0.011079084849576653,0.008557016753738066,0.03221337028056807,0.005764727076202486,0.07710344304290032,0.00468384074941452,0.027060533939874343,0.0,0.0,0.0026121419564042515,0.0,0.0,0.07390290381028966,0.041341655613092866,0.011286688406280472,0.01662625562868029,0.009547829219960368,0.0066654656818591245,0.0,0.00398337374437132,0.02497641762123015,0.002882363538101243,0.0022514721163837893,0.0007205908845253108,0.0,0.005944874797333814,0.0,0.013335642535503983,0.012469691721510218,0.02261212698049394,0.0032426589803638984,0.0,0.03446633998798308,0.004329754069968826,0.02081835612302885,0.0067544163491513685,0.0,0.025211102615748656,0.032250030061019966,0.0,0.0,0.015553824451256127,0.035903933778521385,0.0,0.014411817690506215,0.01522248243559719
fusiform-rh,0.0,0.01731141709000906,0.008586525759577279,0.008586525759577279,0.004025201260063003,0.001575078753937697,0.009800490024501224,0.0,0.017150857542877145,0.0,0.0019815059445178335,0.007875393769688484,0.015575778788939447,0.16052602498024504,0.0,0.0274108322324967,0.006300315015750788,0.0,0.010850542527126356,0.00891677675033025,0.0,0.003325166258312916,0.014700735036751837,0.043452337742382496,0.032816799360443585,0.0041606769902563815,0.025376268813440673,0.0,0.02905145257262863,0.005250262513125656,0.0,0.03662699647531914,0.0,0.0,0.01750087504375219,0.05959510326903399,0.04194187582562748,0.010675533776688834,0.008586525759577279,0.003325166258312916,0.0,0.001321003963011889,0.033352922599894856,0.05829386581614417,0.0,0.0,0.0,0.0066050198150594455,0.0,0.004025201260063003,0.00647532376618831,0.016275813790689535,0.0,0.0009907529722589167,0.027126356317815892,0.010811009506882213,0.03358723088069859,0.0,0.01767588379418971,0.02216103209387682,0.030451522576128806,0.013210039630118891,0.012219286657859974,0.015191545574636724,0.007737028198833984,0.014861294583883751,0.011889035667107,0.012879788639365918
inferiorparietal-lh,0.0,0.0,0.014534883720930232,0.0033033826638477802,0.01942389006342495,0.03292181069958848,0.0,0.0,0.0,0.011760042283298097,0.0,0.0,0.0,0.0,0.334595415829266,0.0,0.014931289640591967,0.0318446088794926,0.0,0.0,0.017970401691331923,0.0,0.024709302325581394,0.0,0.0,0.0,0.009645877378435518,0.014799154334038054,0.0,0.0,0.0,0.0,0.0200845665961945,0.024973572938689216,0.0,0.0,0.0,0.008060253699788583,0.0,0.005285412262156448,0.017177589852008457,0.007003171247357294,0.0,0.0,0.0,0.0002642706131078224,0.017838266384778013,0.009513742071881607,0.0,0.0036997885835095136,0.034223044397463,0.0,0.0,0.0,0.0,0.0,0.0,0.0,0.24572273118784746,0.0,0.012552854122621564,0.0035676532769556026,0.059593023255813955,0.0,0.0,0.0,0.0,0.0
inferiorparietal-rh,0.0,0.0021078322609274463,0.0,0.011093854004881295,0.0,0.0,0.01652984246727313,0.0,0.01763922786776126,0.030775716694772345,0.0,0.0,0.024184601730641225,0.0094297759041491,0.0,0.27498165678945735,0.017417350787663634,0.03246205733558179,0.0013312624805857556,0.016973596627468383,0.012314177945418238,0.01952518304859108,0.006767250942977591,0.07770337391601073,0.004215664521854893,0.005546927002440648,0.021522076769469715,0.005902192242833052,0.005768804082538274,0.0,0.0,0.03428094427592679,0.0,0.0,0.0188595518082982,0.03294874639449745,0.023120302650813742,0.023608768971332208,0.002440647881073885,0.0018859551808298202,0.002529510961214165,0.0,0.013201686265808742,0.0,0.021079258010118045,0.0,0.0,0.0,0.0,0.0008875083203905037,0.0,0.010539629005059023,0.0005546927002440647,0.0,0.007588532883642495,0.011382799325463743,0.016640781007321942,0.0,0.0,0.006212558242733526,0.0,0.01854974704890388,0.013157722426160394,0.023297374030503797,0.021633015309518527,0.0,0.033925491955365664,0.04748234992148245
inferiortemporal-lh,0.0,0.003289473684210526,0.01456766917293233,0.026708457767274055,0.0,0.021616541353383457,0.013143239028736913,0.0,0.026063711294274892,0.009690354199153487,0.0,0.0038984183559812877,0.02450434395188238,0.017857142857142856,0.012586322120739585,0.01770995767431499,0.16833462582721004,0.00768545333036311,0.006348852751169525,0.013366005791935844,0.005457785698373803,0.06204305595800595,0.00935620405435509,0.007462686567164179,0.0,0.007128536422365783,0.029405212742258855,0.038317558208285245,0.009690354199153487,0.0,0.0,0.0,0.0038984183559812877,0.0007796836711962575,0.02450434395188238,0.04801440279245675,0.01592457837621454,0.0,0.007017153040766317,0.02735969462529123,0.0,0.0008910670527957229,0.02851822835100672,0.008287907617115857,0.011472488304744932,0.0,0.001893517487190911,0.0,0.008687903764758299,0.0,0.028720686490117026,0.0,0.002349624060150376,0.0,0.0022276676319893073,0.0,0.02740523200404665,0.0,0.03860292578181922,0.03101503759398496,0.010581421251949209,0.0,0.011026954778347071,0.02443609022556391,0.01726442414791713,0.026785714285714284,0.015927823568723548,0.020175047777608424
inferiortemporal-rh,0.023369565217391305,0.0,0.02862595419847328,0.0073950381679389315,0.01738923000331895,0.0,0.0,0.0,0.0,0.015505725190839694,0.0,0.0,0.0,0.0,0.058444656488549615,0.043478260869565216,0.016698473282442748,0.3219486392300033,0.00923913043478261,0.0,0.0016698473282442748,0.0,0.039837786259541985,0.07445652173913044,0.0,0.0,0.0,0.01049618320610687,0.0,0.0,0.0,0.0,0.006440839694656489,0.005009541984732824,0.0,0.0,0.0,0.015982824427480915,0.0,0.0,0.022185114503816793,0.0,0.0,0.02608695652173913,0.013043478260869565,0.003101145038167939,0.0026240458015267176,0.0,0.0,0.0014312977099236641,0.022185114503816793,0.029891304347826088,0.0,0.0,0.014673913043478261,0.008349236641221374,0.0,0.0,0.03148854961832061,0.0,0.0055136076999668104,0.006440839694656489,0.08275804845668769,0.0,0.0,0.0,0.034239130434782605,0.0
insula-lh,0.02435011516946364,0.0,0.03045971762110359,0.024271071561983652,0.003290556103981573,0.0,0.002491103202846975,0.0,0.07170900476486576,0.05925266903914591,0.013345195729537367,0.030782918149466192,0.031091012566177065,0.010529779532741033,0.0,0.002135231316725979,0.010320284697508897,0.0031260282987824943,0.1578855659346643,0.002135231316725979,0.0,0.0,0.0,0.023429989027576266,0.042707963731279844,0.019217081850533807,0.043266070150908886,0.0,0.008645672684519982,0.0,0.0,0.0,0.007403751233958539,0.00970714050674564,0.03816570818973745,0.011113589762506162,0.014412811387900355,0.004442250740375123,0.0199288256227758,0.014234875444839857,0.0,0.0052648897663705166,0.006359321700456345,0.0,0.01298932384341637,0.0,0.0,0.0,0.017793594306049824,0.0,0.0,0.0008226390259953932,0.018683274021352312,0.013701067615658364,0.04580354560347745,0.0,0.030927597226564744,0.0013162224415926291,0.0,0.0,0.048699117873340525,0.0,0.010036196117143797,0.0,0.018217619347064673,0.0,0.03339914445541296,0.002135231316725979
insula-rh,0.0,0.011225444340505144,0.0,0.012628624883068288,0.0,0.0,0.016214530714062987,0.0,0.02182725288431556,0.0,0.0,0.014164305949008499,0.03883970175015525,0.0038977237293420642,0.0,0.024165887121920797,0.018709073900841908,0.0,0.0018709073900841909,0.19770403093092215,0.031154318059556336,0.037460989637575735,0.008886810102899906,0.00904271905207359,0.0,0.03126332182345454,0.04285155259696609,0.0,0.026266108751129565,0.0008498583569405099,0.0,0.0,0.018413597733711047,0.0007795447458684129,0.03872557463268647,0.020424072341752416,0.021054863166709507,0.009915014164305949,0.03832612972154573,0.016682257561584035,0.0,0.005768631119426255,0.036894417399615395,0.0,0.0,0.0077954474586841285,0.0,0.0,0.0,0.021246458923512748,0.040226628895184136,0.021246458923512748,0.0,0.0,0.019546742209631728,0.012747875354107648,0.009198628001247272,0.0,0.02322946175637394,0.021246458923512748,0.0,0.014343623323978797,0.0,0.0,0.021515434985968196,0.010757717492984098,0.01278453383224197,0.008107265357031494
isthmuscingulate-lh,0.0,0.0,0.0,0.00509585052171803,0.01856345547197282,0.0,0.0471638047245137,0.021529452290733723,0.006673137587964086,0.0,0.009989665862900447,0.009128487771271098,0.016255556698870535,0.0,0.015772870662460567,0.012982285852948314,0.005702499393351128,0.0006066488716330988,0.0,0.02018558816269441,0.13875988515842208,0.06488718838664669,0.008371754428536764,0.007037126910943946,0.0,0.001941276389225916,0.018944329820384288,0.01375853728201077,0.013551486747386562,0.0010334137099552187,0.0,0.0,0.003518563455471973,0.03317288936973132,0.025102348748832153,0.010434360592089298,0.0036398932297985924,0.006028246641405443,0.0,0.003397233681145353,0.002305265712205775,0.014517903685641617,0.013588934724581413,0.01455957291919437,0.05075199801258235,0.0056320754630237585,0.0273669900929203,0.011320072124135364,0.04149532614973022,0.04031525512730097,0.04334085107048136,0.04154623199372947,0.0,0.004305890458146745,0.011195315191181537,0.00826730967964175,0.0,0.001722356183258698,0.031788400873574374,0.016506658760239577,0.003397233681145353,0.0,0.018078136374666345,0.0,0.019125007951425962,0.0018945918015845678,0.03278014534997684,0.000970638194612958
isthmuscingulate-rh,0.0,0.0,0.004826254826254826,0.014826254826254825,0.0,0.0019305019305019305,0.05390121974208774,0.019305019305019305,0.011645569620253165,0.0,0.009790402647545505,0.00827357970215113,0.0378781933573977,0.0026199669056811915,0.0,0.022278481012658228,0.031994526171741366,0.0,0.0,0.02350653158971423,0.056666061566604066,0.12579974446158895,0.009835156779098913,0.0060759493670886075,0.0005515719801434088,0.006708860759493671,0.043476928232805266,0.02246908753237867,0.017028213954072904,0.0017926089354660783,0.0,0.0,0.0,0.016409266409266408,0.04513862609703478,0.04177215189873418,0.008481012658227849,0.004826254826254826,0.005443037974683544,0.002531645569620253,0.0,0.0,0.02730351120947866,0.014645283361377394,0.025593707890272085,0.006281706661453497,0.009376723662437948,0.01726092147430303,0.023855488141202426,0.01899530116528308,0.019551201938182047,0.035840379258100775,0.003033645890788748,0.0027578599007170436,0.009928295642581356,0.00758411472697187,0.005791505791505791,0.0001378929950358522,0.0021971416003965733,0.03428047784286482,0.0,0.0,0.0017926089354660783,0.0013789299503585218,0.02420514288507055,0.0,0.04422294679075873,0.00620253164556962
lateraloccipital-lh,0.0,0.0,0.017736257784998648,0.02810050974323093,0.007581911724884917,0.0,0.029466083990030457,0.0,0.015299214730571352,0.008394259409694016,0.014841849148418492,0.0,0.016923910100189548,0.020437956204379562,0.025859734633089628,0.008529650690495532,0.011372867587327376,0.022610343893853236,0.0,0.007717303005686434,0.009883563498510696,0.012340174051915145,0.19388090706228592,0.0,0.0,0.030015357521924493,0.014080693203357704,0.00040617384240454913,0.004738694828053073,0.0,0.0,0.00559610705596107,0.035266167398965494,0.016446977019059533,0.015299214730571352,0.02450562417356965,0.00636339019767127,0.022812343731779,0.027927564676513663,0.0267639902676399,0.01800704034660168,0.0,0.045673507385248474,0.05961070559610705,0.0,0.0,0.0077937941380516705,0.0,0.0,0.003520173300839426,0.014015863509776832,0.0,0.017769463237808363,0.0,0.009071215813701598,0.007055961070559611,0.0018954779312212293,0.0,0.05552959732458923,0.0,0.011372867587327376,0.0036555645816409425,0.020714865962632008,0.002166260492824262,0.029305195665107198,0.0037909558624424585,0.007311129163281885,0.0005415651232060655
lateraloccipital-rh,0.04046787657945635,0.014591109602986088,0.0042766827817032355,0.0,0.0,0.0,0.0059382422802850355,0.0,0.0067865626060400405,0.0,0.0,0.007995537374488658,0.01510010179843909,0.0305821843519634,0.0,0.06894506556452956,0.01170682049541907,0.025102268501301598,0.02523937523747606,0.009161859518154056,0.009840515778758059,0.008143875127248049,0.0,0.18974316684129425,0.012625303127030495,0.00334696913350688,0.027019238983792382,0.0,0.015991074748977315,0.005206396429899591,0.006107906345436036,0.037182110176777465,0.013945704722945334,0.008925251022685012,0.008652867322701051,0.026128266033254157,0.0,0.002205632846963013,0.0,0.0,0.0,0.0,0.005598914149983034,0.0,0.009483079211602826,0.0,0.0,0.0,0.0040719375636240245,0.00851828441047826,0.0,0.03459910255344103,0.0,0.0,0.03495723317218297,0.014131647452584604,0.014421445537835087,0.0,0.0,0.04312104650864921,0.013759761993306061,0.0,0.03304392223442211,0.0339328130302002,0.011197828299966068,0.0,0.05714631478167093,0.04105870376654225
lateralorbitofrontal-lh,0.0,0.0,0.052039762326845714,0.05424889340195617,0.0031741650565829424,0.0,0.0,0.0,0.03615991271605033,0.004418262150220913,0.028718703976435934,0.031717788942108936,0.02539332045266354,0.023407643117913414,0.0,0.005596465390279823,0.0,0.0,0.03563975370901908,0.0,0.0,0.0008280430582390284,0.0,0.009588389023327887,0.13150193677523367,0.022963662446235128,0.03339773668230748,0.0,0.04684512342800883,0.023314838881194722,0.013549337260677467,0.0,0.0,0.0,0.021943141043334252,0.010074523875241513,0.01159768408104497,0.008418437758763456,0.04050073637702504,0.022385861561119293,0.0,0.0024841291747170853,0.007728401876897599,0.003092783505154639,0.00235640648011782,0.0,0.0,0.0,0.007069219440353461,0.0031741650565829424,0.0,0.006348330113165885,0.06718969828257285,0.0498564034313584,0.046108746402972016,0.014807905799024966,0.04009825948357267,0.004692243996687827,0.0,0.009384487993375655,0.028015456803753794,0.0,0.0,0.00117820324005891,0.004278222467568314,0.0,0.0,0.00471281296023564
lateralorbitofrontal-rh,0.0,0.00273224043715847,0.01130153999006458,0.019249875807252858,0.0,0.0,0.007948335817188276,0.0,0.03046584496756964,0.011922503725782414,0.025815437415949393,0.06601603253313103,0.007948335817188276,0.004466775399690279,0.0,0.006458022851465474,0.007948335817188276,0.0,0.01366120218579235,0.025054941731852794,0.0022354694485842027,0.006830601092896175,0.027505105214868243,0.0035288928098809,0.022830264506994782,0.1762520787356817,0.015147351654037026,0.0,0.02779835787276834,0.05955176443544837,0.008320914058618976,0.0,0.0,0.0,0.007948335817188276,0.007948335817188276,0.007948335817188276,0.0,0.03362670651352885,0.11305215920074872,0.0,0.008445106805762544,0.017432235243743197,0.013674459638288486,0.009687034277198211,0.005216095380029807,0.0,0.018526687251874726,0.019001490312965722,0.0,0.0,0.005734450816056462,0.02605927593272752,0.018569089186717742,0.0015438906043228936,0.0513895015438906,0.0038499751614505715,0.0,0.0,0.008066283318114655,0.0012419274714356682,0.0,0.0,0.0017386984600099354,0.017753317595312866,0.0038499751614505715,0.0038499751614505715,0.002856433184302037
lingual-lh,0.007210277923439958,0.0,0.009176717357105402,0.016300261749406474,0.003015207131620346,0.0,0.017369901547116737,0.0,0.040627726556317426,0.0,0.0,0.00957000524383849,0.058712958476321964,0.018615626638699527,0.0049929676511954995,0.013783403656821378,0.018565400843881856,0.0,0.030115637332884915,0.019494319912499437,0.012883912036268777,0.027159580109405203,0.007172995780590718,0.016126573428120693,0.031200839014158363,0.008810386192847876,0.10335952302458115,0.014416315049226441,0.034434871304697995,0.003932878867330886,0.0,0.0,0.004430379746835443,0.009833967240391275,0.06777251918868747,0.03649696838282528,0.007594936708860759,0.012585212375458836,0.011111111111111112,0.009774964838255977,0.0,0.005447028012127944,0.020344286391759725,0.004289732770745429,0.0014064697609001407,0.006891701828410689,0.005555555555555556,0.008509142053445851,0.0,0.00957000524383849,0.016822027366789172,0.01993444095592742,0.002531645569620253,0.0,0.04229454441663956,0.010225485055060305,0.022179556110178137,0.0028328897090222787,0.007735583684950774,0.01932063159121366,0.038790613012832285,0.0,0.008621984147529606,0.00453975544979375,0.02195479383454399,0.0,0.024341404124415416,0.009212376933895922
lingual-rh,0.0,0.0265748031496063,0.0073818897637795275,0.0073818897637795275,0.0022759103641456584,0.047244094488188976,0.0443382077240345,0.0,0.0,0.004376750700280112,0.0,0.0,0.009453781512605041,0.0,0.019257703081232494,0.006889763779527559,0.04213260107192483,0.0070028011204481795,0.0,0.0,0.03326054831381371,0.05674474514215135,0.00017507002801120448,0.0,0.0,0.0,0.03623949579831933,0.1874434813295397,0.0,0.0,0.0,0.0,0.011204481792717087,0.014355742296918767,0.01803221288515406,0.01908263305322129,0.006889763779527559,0.0,0.0,0.015581232492997199,0.0,0.01488095238095238,0.0,0.0,0.030019685039370077,0.01803221288515406,0.016281512605042018,0.022934173669467785,0.018700787401574805,0.011204481792717087,0.04534313725490196,0.014705882352941176,0.0,0.0,0.0,0.0,0.050688976377952756,0.025746322150907608,0.025560224089635854,0.02142057610445753,0.022934173669467785,0.006889763779527559,0.02153361344537815,0.0,0.0,0.0,0.0026260504201680674,0.007177871148459383
medialorbitofrontal-lh,0.0,0.0,0.011298274445357435,0.030813475760065736,0.002957058369760864,0.0,0.01705012325390304,0.005751848808545604,0.026357287784499736,0.0,0.012175958019934024,0.025584983286191822,0.03162856574798649,0.02082797634353304,0.0,0.011092851273623664,0.017871815940838125,0.0,0.007349226575683939,0.019346330684717847,0.012336799767923054,0.02083743140852156,0.0076006573541495485,0.01105682694780149,0.04932062981085855,0.024975316470004838,0.04512818004472087,0.0,0.13292321240639748,0.034869328888995,0.0,0.0,0.0,0.0,0.035485598404196315,0.017871815940838125,0.017871815940838125,0.012342504499871433,0.033894823336072306,0.017547808294807024,0.0,0.0,0.015817584223500412,0.0,0.0,0.0,0.0,0.0,0.0,0.013885317562355361,0.006042684494728722,0.021856518385188994,0.013242478786320391,0.020367741811438324,0.04149796330505124,0.04674499615775739,0.03151568600563755,0.0,0.0,0.02352789920287992,0.02488187507355407,0.0,0.0,0.0,0.01967176451373604,0.0,0.006778964667214462,0.0
medialorbitofrontal-rh,0.0,0.0,0.032471106219042374,0.035498073747936155,0.0,0.0,0.0,0.0,0.0,0.0,0.034164489397250045,0.10460355548150398,0.0,0.00834326579261025,0.0,0.0,0.0,0.0,0.0,0.0002979737783075089,0.0011918951132300357,0.0032777115613825984,0.0,0.0077473182359952325,0.04450895167675437,0.09323496208172977,0.00834326579261025,0.0,0.06274553728099665,0.1583480543640613,0.017886626307099616,0.0,0.0,0.0,0.0,0.0,0.0,0.0,0.03164556962025317,0.0840661596903303,0.0,0.0,0.0,0.0,0.007980187121629059,0.0,0.0,0.021156138259833136,0.011832691249312053,0.009833134684147794,0.0,0.014898688915375448,0.029994496422674738,0.05686756582481831,0.005065554231227652,0.09373481022497758,0.0,0.0,0.0,0.01936829558998808,0.0008939213349225268,0.0,0.0,0.0,0.0,0.0,0.0,0.0
middletemporal-lh,0.15701985922574158,0.010306686777275012,0.026395173453996983,0.0314228255404726,0.0022624434389140274,0.0,0.0,0.013826043237807943,0.0,0.0,0.016339869281045753,0.01558572146807441,0.0,0.0,0.0,0.0,0.0,0.0,0.0,0.0,0.0,0.0,0.0,0.008547008547008548,0.02262443438914027,0.016339869281045753,0.0,0.0,0.0,0.01583710407239819,0.31052036199095023,0.010558069381598794,0.0,0.0,0.0,0.0,0.001256913021618904,0.010809451985922574,0.05169054801407742,0.01583710407239819,0.09385997988939165,0.0,0.0,0.017596782302664656,0.0,0.0,0.0,0.0,0.0,0.0,0.0,0.013826043237807943,0.02513826043237808,0.019356460532931122,0.0,0.0,0.0,0.05608974358974359,0.0,0.013826043237807943,0.0,0.0,0.011814982403217697,0.011312217194570135,0.0,0.0,0.0,0.0
middletemporal-rh,0.012313860252004582,0.0,0.0,0.0,0.028416779431664412,0.0,0.007731958762886598,0.0,0.0,0.0,0.009472259810554804,0.0,0.007731958762886598,0.05642744986801458,0.0,0.06790739164872502,0.0,0.0,0.0,0.0,0.0,0.0,0.016914749661705007,0.06633061922321579,0.0,0.0,0.0,0.0,0.0,0.0,0.013172966781214204,0.3567256764737339,0.0,0.0,0.0,0.024054982817869417,0.0,0.0014318442153493699,0.0,0.02571041948579161,0.0,0.0,0.0,0.03112313937753721,0.023004059539918808,0.017468499427262314,0.0,0.0014318442153493699,0.0,0.0,0.0,0.012675793268820904,0.0,0.0,0.0,0.012178619756427604,0.0,0.0,0.0,0.03722794959908362,0.0,0.0,0.02840089157974849,0.03350515463917526,0.053585849426564795,0.0,0.024127446922949346,0.030927835051546393
paracentral-lh,0.023176761433868973,0.0,0.008034610630407911,0.0,0.011139896373056995,0.0,0.0,0.0,0.0,0.008808290155440414,0.0,0.0,0.0,0.0,0.03989637305699482,0.0,0.00854922279792746,0.006476683937823834,0.013288009888751545,0.020704573547589616,0.00854922279792746,0.0,0.04989560450117525,0.023176761433868973,0.0,0.0,0.016580310880829015,0.016580310880829015,0.0,0.0,0.0,0.0,0.2274211109474372,0.072156823814983,0.0,0.0,0.0,0.01247013840409384,0.009844559585492229,0.008290155440414507,0.035492227979274614,0.009844559585492229,0.0188504326328801,0.018541409147095178,0.0,0.0,0.03086392078751353,0.029015544041450778,0.0,0.0,0.06974740132063509,0.0,0.0,0.0,0.013288009888751545,0.0,0.0,0.0,0.09230611578293421,0.0,0.016580310880829015,0.016321243523316063,0.030569948186528497,0.0,0.0,0.010362694300518135,0.023176761433868973,0.0
paracentral-rh,0.008099352051835854,0.0,0.004859611231101512,0.0,0.018061674008810574,0.0,0.03815694744420446,0.017818574514038878,0.0,0.0,0.017998560115190784,0.0,0.0,0.0,0.040748898678414094,0.0,0.0011013215859030838,0.004185022026431718,0.010619150467962564,0.0015418502202643172,0.04602874060824033,0.02177825773938085,0.01761099640663108,0.009359251259899209,0.0,0.0,0.021237190892570004,0.018061674008810574,0.0,0.0,0.0,0.0,0.0502917828247749,0.15582170166474787,0.0005399568034557236,0.0,0.0,0.003599712023038157,0.0,0.017180616740088105,0.007488986784140969,0.020044052863436124,0.0,0.0,0.03158057487559586,0.0026997840172786176,0.07158304868650156,0.05240625683865996,0.028077753779697623,0.0064794816414686825,0.046420268757354034,0.01583873290136789,0.0,0.0021598272138228943,0.013006853724829768,0.0,0.0,0.0,0.038858336267019344,0.0,0.020680900594031774,0.008370044052863436,0.04564878862554432,0.0,0.028257739380849533,0.016079295154185023,0.019618430525557954,0.0
parahippocampal-lh,0.003421461897356143,0.0,0.0104199066874028,0.02374116075510361,0.0035769828926905133,0.0,0.022498262682418346,0.0,0.047270898336390074,0.0,0.0,0.0052877138413685845,0.06867232731387465,0.015241057542768274,0.0,0.01511466296038916,0.01928422515635858,0.0,0.030804261858881177,0.021926812187053175,0.021592101608491295,0.036325608439418684,0.00964211257817929,0.004933144344882667,0.024883359253499222,0.005559416261292564,0.0827657285331852,0.008773453787352328,0.02948579182234077,0.0,0.0,0.0,0.0,0.0007776049766718507,0.1056903230059755,0.03934897333447173,0.009381514940931202,0.014930015552099534,0.009381514940931202,0.0064280750521195276,0.0,0.004821150855365474,0.022578211713897567,0.0054725503822098676,0.001911049339819319,0.00495135510771369,0.0,0.007123002084781098,0.0,0.013996889580093312,0.015467962566885375,0.019907957292789078,0.0031271716469770676,0.0,0.0404773381376604,0.004510108864696734,0.031183958965801593,0.001088646967340591,0.0015635858234885338,0.02008168905095447,0.03574159413883626,0.0,0.0,0.002692842251563586,0.028188072328610786,0.0,0.02735875310852858,0.01059763724808895
parahippocampal-rh,0.0,0.004285714285714286,0.0,0.009301928656767367,0.0,0.0025,0.023961000170677593,0.0,0.039245178358081584,0.0,0.0,0.0,0.054429083461341524,0.04114780679296808,0.0,0.02517494452978324,0.03559822495306367,0.0,0.018950759515275646,0.011008704557091653,0.007680491551459293,0.02867383512544803,0.029507168458781364,0.013312852022529442,0.026785714285714284,0.00546168288103772,0.0562625874722649,0.009131251066734937,0.007339136371394436,0.0,0.0,0.007168458781362007,0.0,0.0,0.04744452978323946,0.130773596176822,0.025089179040791942,0.0,0.010850401092336575,0.013995135688684076,0.003928571428571429,0.014642857142857143,0.08220387438129374,0.026568100358422938,0.0011947431302270011,0.005376344086021506,0.0,0.007339136371394436,0.0,0.0,0.02016769073220686,0.007083119986345793,0.009642857142857142,0.0,0.001109404335210787,0.0,0.0003413551800648575,0.01651391022358764,0.04192481652159071,0.011008704557091653,0.004431216931216931,0.0,0.0005120327700972862,0.006400409626216078,0.01501962792285373,0.0,0.025686977299880526,0.013824884792626729
parsopercularis-lh,0.0,0.0,0.010176593834181383,0.058677531372813674,0.0,0.0,0.014366956001197246,0.0,0.018636032426326294,0.0,0.004340017958695002,0.0074827895839568994,0.020697038197142453,0.018706973959892247,0.0,0.026365328417352372,0.02054738240546331,0.0,0.011523495959293625,0.025015835384057723,0.004788985333732416,0.01032624962586052,0.007333133792277761,0.0,0.013398079717556462,0.009577970667464832,0.016162825501346904,0.005770816158285243,0.013020053876085005,0.0,0.0010475905417539658,0.0,0.0,0.0,0.016162825501346904,0.03934084334801597,0.21734696924197183,0.0,0.07708470024302719,0.026126594734830418,0.03792250618301731,0.028029678483099753,0.046172204588967224,0.03804625289287236,0.0,0.0,0.0022448368751870696,0.0013469021251122418,0.0,0.0,0.0,0.0,0.011373840167614486,0.034430702212610916,0.013618677042801557,0.007333133792277761,0.0062855432505237955,0.007007419620774938,0.00741962077493817,0.0,0.00598623166716552,0.01483924154987634,0.0,0.021022258862324814,0.016162825501346904,0.0,0.00673451062556121,0.0
parsopercularis-rh,0.023192360163710776,0.0,0.034106412005457026,0.02796725784447476,0.016360472535005735,0.0,0.0,0.0,0.01896766169154229,0.0,0.0,0.008395522388059701,0.029850746268656716,0.01896766169154229,0.021487039563437928,0.017101990049751242,0.0,0.02353342428376535,0.00777363184079602,0.010883084577114429,0.010883084577114429,0.010883084577114429,0.04697564361005342,0.003751705320600273,0.01896766169154229,0.0,0.029850746268656716,0.0,0.029850746268656716,0.0,0.01398362892223738,0.0023874488403819918,0.01286923160459639,0.005597014925373134,0.029850746268656716,0.0,0.0,0.22325107070377986,0.0,0.0,0.033083219645293316,0.0,0.0,0.002798507462686567,0.0046641791044776115,0.0,0.01330150068212824,0.02762619372442019,0.0,0.010883084577114429,0.01258840517738728,0.010883084577114429,0.0,0.0,0.029850746268656716,0.048450618666558073,0.025497512437810944,0.0,0.015989289568528436,0.010883084577114429,0.01896766169154229,0.020402761092219664,0.013642564802182811,0.0,0.002798507462686567,0.0,0.0,0.0
parsorbitalis-lh,0.0026700949367088607,0.0,0.026602056962025316,0.06856205506645044,0.0008900316455696202,0.0,0.0052412974683544306,0.008208069620253165,0.009394778481012658,0.0,0.01855721740137745,0.011965981012658227,0.010680379746835443,0.0025712025316455694,0.0,0.0023734177215189874,0.0064280063291139245,0.0,0.011075949367088608,0.042154656532361674,0.0,0.004647943037974683,0.04561737162745635,0.0,0.026997626582278483,0.042090318877819666,0.016020569620253163,0.0,0.016317246835443038,0.010977056962025316,0.016088033656985194,0.0,0.003955696202531646,0.0,0.010878164556962026,0.011975360159228291,0.07297124123296615,0.0,0.22380667637271215,0.03661207454874787,0.03796349438699215,0.0032634493670886076,0.015879224235978012,0.015125766128182986,0.0,0.004944620253164557,0.0,0.0,0.0,0.0,0.0,0.0,0.03875940547399903,0.04317188256913583,0.020174050632911392,0.020963544409107186,0.0,0.0,0.004991680532445923,0.0,0.011768196202531646,0.007961579066534679,0.0,0.0,0.008405854430379747,0.0,0.0002966772151898734,0.0
parsorbitalis-rh,0.0,0.0003450655624568668,0.01621808143547274,0.023349436392914653,0.0,0.0,0.005521048999309869,0.0,0.008511617207269381,0.0,0.02927560748789799,0.050401370415944134,0.008511617207269381,0.0045122475290073055,0.004370830457786979,0.0021854152288934897,0.01678528202696286,0.0,0.008741660915573959,0.012537382102599495,0.00322061191626409,0.0025304807913503567,0.024725101722915664,0.0,0.017483321831147917,0.10917076608113771,0.015988037727168163,0.010006901311249138,0.01748421155756594,0.050744903671792185,0.007706464228203359,0.007735281478298238,0.003450655624568668,0.008741660915573959,0.008511617207269381,0.012327357238700449,0.018045678356584355,0.0,0.03406011130082055,0.17692615142214366,0.0,0.012652403956751783,0.01901226725127624,0.025354533734422,0.008051529790660225,0.0021854152288934897,0.008856682769726247,0.02673632829085829,0.00966183574879227,0.0,0.01429790353764121,0.0,0.01943869335173683,0.018675110368090695,0.010351966873706004,0.04018048990116029,0.0,0.0,0.018189517460831525,0.0,0.014722797331492983,0.0,0.004945939728548425,0.0040825096691018475,0.022478097654196755,0.0,0.0,0.0
parstriangularis-lh,0.044621003307607494,0.0,0.01575,0.019108875413450938,0.01175,0.0,0.0,0.0065,0.0,0.0075,0.0,0.0,0.0,0.0,0.0335,0.004410143329658214,0.0,0.02325,0.0,0.0,0.00525,0.0,0.03275,0.0,0.0,0.0,0.0,0.0,0.0,0.0,0.03231973539140022,0.0,0.03475,0.0095,0.0,0.007166482910694598,0.05292171995589857,0.024,0.058050165380374864,0.0,0.35810970231532524,0.07992805953693495,0.034909592061742004,0.0,0.0,0.0,0.00625,0.001,0.0,0.0,0.011,0.0,0.0,0.023153252480705624,0.0,0.0,0.0,0.0005512679162072767,0.016,0.0,0.0,0.02625,0.01975,0.0,0.0,0.0,0.0,0.0
parstriangularis-rh,0.014397905759162303,0.004712041884816754,0.021986970684039087,0.006514657980456026,0.003926701570680628,0.0,0.0,0.0049738219895287955,0.029315960912052116,0.0,0.0,0.0,0.01017915309446254,0.0015706806282722514,0.012827225130890052,0.0,0.0015706806282722514,0.0,0.013843648208469055,0.00968586387434555,0.03405784743421389,0.0,0.0,0.0,0.008143322475570033,0.01780104712041885,0.02024404386308986,0.022774869109947644,0.0,0.0,0.0,0.0,0.009424083769633508,0.024869109947643978,0.014250814332247556,0.01750814332247557,0.02768729641693811,0.0,0.009162303664921465,0.02931937172774869,0.06570211641113972,0.23680824394153863,0.031351791530944625,0.0,0.0,0.0028795811518324606,0.020942408376963352,0.015183246073298429,0.0,0.003926701570680628,0.024345549738219896,0.0,0.0,0.0,0.0,0.0,0.02143569759708034,0.012622149837133551,0.021465968586387434,0.0,0.04170788068966694,0.0,0.016753926701570682,0.0,0.035308337738970276,0.0592748605829084,0.004885993485342019,0.014657980456026058
pericalcarine-lh,0.0,0.0,0.0,0.014414676761793827,0.0,0.0,0.03419701000218539,0.0,0.029708622161552897,0.0,0.008548983364140481,0.0,0.037561618780123096,0.03055640184003178,0.0,0.017617938264414677,0.02817387180710025,0.0,0.008267332115401385,0.03200960386350693,0.0168899242865463,0.03307376921230233,0.04434372163975123,0.005096097845078625,0.013401109057301294,0.019253883907473058,0.04030613727894482,0.0,0.010920209668025626,0.0,0.0,0.0,0.013632162661737524,0.0,0.03686563203455281,0.07695538364318111,0.03375064727305611,0.0,0.01371478753833848,0.02107364971573813,0.015930318431429964,0.01732902033271719,0.14223388061324344,0.04630962851640171,0.008008153756552125,0.0,0.0,0.00145602795573675,0.003931275480489225,0.00014560279557367502,0.022181146025878003,0.0011648223645894002,0.006007393715341959,0.0,0.00029120559114735004,0.0002310536044362292,0.0,0.010628465804066543,0.048553284163906224,0.0,0.0029120559114735,0.0,0.0,0.0,0.02032087518853005,0.0,0.0320326150262085,0.0
pericalcarine-rh,0.015930814747382796,0.0057692307692307696,0.0065999089667728725,0.018401513427401,0.0,0.0,0.01664770141101502,0.01759074874829313,0.0,0.005528846153846154,0.015346210741920802,0.0,0.006827492034592627,0.04932294037323623,0.0,0.0,0.00904215976331361,0.01201923076923077,0.0,0.0,0.027309968138370506,0.025277366863905328,0.059375,0.0,0.00432407828857533,0.015384615384615385,0.013427401001365498,0.0,0.0,0.0,0.015930814747382796,0.010576923076923078,0.013942307692307693,0.0,0.013882567137005006,0.03838046199362767,0.03728095129722349,0.0016826923076923078,0.01808431952662722,0.029326923076923077,0.0,0.0,0.056348145197997274,0.25711908284023666,0.00864815657715066,0.0,0.0,0.0,0.002275830678197542,0.025261720527992717,0.014000625853436505,0.0029585798816568047,0.0009615384615384616,0.0033653846153846156,0.0,0.0028846153846153848,0.0,0.0,0.06695778334091944,0.0,0.0,0.0,0.0004551661356395084,0.012740384615384615,0.017548076923076923,0.0025034137460172965,0.02275830678197542,0.0
postcentral-lh,0.0,0.0,0.0047568710359408035,0.0047568710359408035,0.0,0.0,0.044573643410852716,0.019908386187455954,0.028807503349709693,0.014292094685127288,0.014094432699083862,0.03126395712371594,0.002642706131078224,0.0,0.0,0.009161381254404511,0.022554711924966504,0.003875968992248062,0.016748548459133542,0.0,0.06679519416985272,0.033300379177379914,0.0,0.008632840028188865,0.0044662795891022775,0.018758374274229567,0.00401965163019205,0.010394644115574348,0.0,0.006922733363108531,0.0,0.006342494714587738,0.0,0.03019869121326375,0.0044662795891022775,0.0026797677534613666,0.0,0.0022903453136011278,0.0,0.0160786065207682,0.0,0.0,0.011835640911121036,0.0080393032603841,0.20791098034364858,0.0,0.02420076729361398,0.01638477801268499,0.11797666518420177,0.0029950669485553204,0.00828047921071177,0.05284082450228051,0.008262617239839214,0.013592881146917937,0.0,0.0047568710359408035,0.0,0.003171247357293869,0.012728896828941492,0.0,0.0,0.0,0.007928118393234672,0.0,0.017794221282593375,0.004404510218463707,0.030267306361285194,0.013845466726217061
postcentral-rh,0.0,0.004694835680751174,0.0,0.0,0.036271273474178405,0.0,0.002347417840375587,0.009389671361502348,0.0,0.0,0.0,0.0,0.0026041666666666665,0.0,0.0,0.0,0.0,0.00390625,0.0,0.013020833333333334,0.012606367370892019,0.01568368544600939,0.0,0.0,0.0,0.010416666666666666,0.0265625,0.026822916666666665,0.0,0.0,0.0,0.01640625,0.0,0.007981220657276996,0.015364583333333333,0.016927083333333332,0.0,0.0,0.013020833333333334,0.004427083333333333,0.0,0.00234375,0.0,0.0,0.0,0.2513387617370892,0.0784037558685446,0.09867957746478874,0.0,0.11804577464788732,0.035416666666666666,0.037760416666666664,0.0,0.0,0.0,0.0,0.0,0.04771493544600939,0.009114583333333334,0.034895833333333334,0.0,0.003755868544600939,0.003125,0.0,0.00892018779342723,0.0,0.0,0.03203125
posteriorcingulate-lh,0.0,0.0,0.0,0.0,0.016230838593327322,0.0,0.024197412553905128,0.01629132726401533,0.0,0.0,0.021322472448490656,0.0,0.0,0.0,0.029531109107303877,0.0,0.003381424706943192,0.0020288548241659153,0.0,0.0,0.047385312400220696,0.016770483948251078,0.011018659458721452,0.0,0.0,0.0,0.017357980162308388,0.02096483318304779,0.0,0.0,0.0,0.0,0.024869808937892392,0.08406812666154817,0.0,0.0,0.003381424706943192,0.008340847610459874,0.0,0.017808836789900813,0.005184851217312894,0.018034265103697024,0.0,0.0,0.031129090168301086,0.03953042644944897,0.17930959095400573,0.10367401704829977,0.010781025395304265,0.03785337805462386,0.0351668169522092,0.008455019976383494,0.0,0.0,0.0,0.01375112714156898,0.0,0.011344110110119626,0.033137962128043284,0.0,0.02028854824165915,0.0016770483948251077,0.04021308430435652,0.0,0.0409678965021562,0.0,0.004551988500239578,0.0
posteriorcingulate-rh,0.0,0.014586410635155096,0.0,0.0,0.0,0.0,0.041445676224800845,0.012001477104874446,0.0,0.0,0.01310930576070901,0.013663220088626292,0.01329572925060435,0.004431909750201451,0.014101531023368252,0.0,0.0,0.0,0.0,0.0,0.014503241656023815,0.024978367138522917,0.0,0.0,0.0,0.01587887740029542,0.023569701853344078,0.02558420628525383,0.0,0.01310930576070901,0.0,0.0014101531023368251,0.02135374697824335,0.0518526596814643,0.016116035455278,0.01732473811442385,0.0022159548751007254,0.016317485898468976,0.0,0.031457810861541355,0.00040290088638195,0.011281224818694601,0.0024174053182917004,0.0,0.017540620384047266,0.042367081390740066,0.0825365080574226,0.218037967903618,0.01015509601181684,0.034359798228188305,0.011079774375503625,0.012539769352632901,0.0,0.003692762186115214,0.0,0.03073636832163512,0.0,0.009483792910134653,0.008863819500402902,0.013094278807413377,0.011684125705076551,0.003138847858197932,0.015175735011432386,0.0,0.029357459379615952,0.0,0.020077497420125046,0.009669621273166801
precentral-lh,0.0,0.0,0.003098716246126605,0.003098716246126605,0.0,0.0,0.07297297297297298,0.0285012285012285,0.04183266932270916,0.026775562233729563,0.015135961749507565,0.03652058432934927,0.0,0.0,0.0,0.0,0.016821602478972998,0.0,0.02257636122177955,0.0,0.06235337111831135,0.04152334152334152,0.0,0.005312084993359893,0.011066843736166445,0.0351925630810093,0.0,0.008845208845208846,0.0,0.0099601593625498,0.0,0.0,0.0,0.03783783783783784,0.0,0.0,0.0,0.0,0.0,0.019034971226206288,0.0,0.0,0.005533421868083223,0.0017706949977866313,0.1301939389588792,0.0,0.010073710073710074,0.01253071253071253,0.1910041515619205,0.0,0.011547911547911549,0.03583177527400635,0.016821602478972998,0.022685778861077664,0.0,0.0,0.0,0.0,0.007082779991146525,0.0,0.0,0.0,0.0,0.0,0.01203931203931204,0.0031941031941031942,0.024186410242187137,0.017042939353696326
precentral-rh,0.0,0.0,0.0,0.0,0.030133333333333335,0.0,0.004543865781195386,0.007165326808808109,0.0,0.0,0.0,0.017651170919259,0.013107305138063614,0.004019573575672841,0.006933333333333333,0.0016,0.0,0.0010666666666666667,0.0,0.013107305138063614,0.06779354538040312,0.023593149248514505,0.0064,0.010152906909006176,0.004019573575672841,0.0,0.013291110334381918,0.017066666666666667,0.019224047535826634,0.00646627053477805,0.0,0.0,0.0,0.006641034603285564,0.015029709891646278,0.0,0.0,0.00611674239776302,0.0,0.0,0.0,0.004,0.0,0.029066666666666668,0.003320517301642782,0.06862514272398929,0.027612722824187346,0.03431704532214843,0.0,0.22693603635092624,0.05932349994174531,0.05222742630781778,0.0,0.0,0.01660258650821391,0.016078294302691365,0.0,0.022458720727018523,0.04293333333333333,0.049257928463241285,0.0029709891646277527,0.003320517301642782,0.020968705580799253,0.0,0.006990562740300594,0.0010666666666666667,0.0018666666666666666,0.014933333333333333
precuneus-lh,0.0,0.00175054704595186,0.0,0.0,0.025799144223508683,0.0006564551422319475,0.010284463894967177,0.0015317286652078775,0.0,0.002391140196325195,0.0050328227571115975,0.00787746170678337,0.015317286652078774,0.008533916849015317,0.03209161842436446,0.0,0.01771525631712087,0.01069720614145482,0.0,0.03194748358862144,0.049781870073763765,0.028813748822054338,0.01257811893299465,0.0,0.0,0.0,0.029566642671732223,0.032846715328467155,0.010722100656455142,0.0,0.0,0.0,0.04278755780952501,0.034359112191097343,0.02172993747180779,0.01613930133433499,0.0,0.008036191778090734,0.0,0.015002139716610095,0.005285678328718852,0.011955700981625975,0.02100656455142232,0.01006112925265234,0.010284463894967177,0.017618927762396173,0.020135917442738484,0.007173420588975585,0.010284463894967177,0.03874682553626475,0.13131625341955355,0.03921502967789692,0.0,0.0050328227571115975,0.01400437636761488,0.006783369803063457,0.0,0.0036496350364963502,0.08643232409574254,0.02679112455463878,0.016234583438207904,0.002391140196325195,0.034231059652655424,0.0,0.0,0.0,0.0028446389496717722,0.004530581424616159
precuneus-rh,0.0037246339583868484,0.012482977757603268,0.0,0.0,0.015660463004993193,0.0,0.017168168153111625,0.007449267916773697,0.0,0.0,0.007449267916773697,0.014898535833547394,0.021707432792240085,0.01194451579758541,0.0,0.003467762650911893,0.0,0.006807089648086309,0.0003853069612124326,0.009632674030310814,0.043099985436574534,0.04034121324644406,0.0,0.02722136255128827,0.005908040071923966,0.0035961983046493705,0.03306439774172459,0.019064911484339538,0.02234780375032109,0.006935525301823786,0.012482977757603268,0.007086872990022829,0.0,0.011045466221423068,0.02884712589224301,0.019064911484339538,0.0,0.0044952478808117135,0.0,0.0,0.0,0.0,0.0013617793917385383,0.0024965955515206537,0.042109404323250214,0.0324557421697685,0.006003069629614428,0.013107549322963957,0.023206451189379453,0.0415939709983782,0.03680663840343813,0.15091778147609236,0.0,0.005265861803236578,0.01810942717698433,0.018366298484459285,0.0,0.0029505220154334997,0.008624602814344077,0.09054229695652392,0.01040328795273568,0.0,0.009761109684048292,0.020940433491027987,0.005908040071923966,0.0,0.02012749352020847,0.02156150703586019
rostralanteriorcingulate-lh,0.0,0.0,0.06471239161744187,0.0820161908207079,0.0008229098090849243,0.0,0.005924950625411455,0.0,0.02171111315824359,0.0069124423963133645,0.022053982883475973,0.032587228439763,0.005924950625411455,0.0,0.0,0.001152073732718894,0.002389078498293515,0.0,0.01728110599078341,0.0,0.0,0.008191126279863481,0.023001930046487384,0.0,0.11435974808287291,0.03577337794084935,0.005924950625411455,0.0,0.03515358361774744,0.01761026991441738,0.017116524028966424,0.0,0.0,0.0,0.005924950625411455,0.008532423208191127,0.012837393021724819,0.0,0.04691484652872489,0.027814351547070442,0.0,0.0,0.008191126279863481,0.0006825938566552901,0.0054312047399605,0.0,0.0,0.0,0.012179065174456879,0.0,0.0,0.0,0.16068063909478797,0.06122505150909863,0.03892840853174915,0.0,0.05536975331803976,0.0,0.007508532423208191,0.013651877133105802,0.003620803159973667,0.0,0.0,0.003139190279216388,0.005924950625411455,0.0,0.0,0.0008229098090849243
rostralanteriorcingulate-rh,0.0,0.0,0.07994701554889853,0.09078763424425831,0.0,0.0,0.027129669254753318,0.0,0.0,0.006893073301950235,0.046136414582951236,0.03726111145075503,0.0,0.0008406186953597848,0.0,0.0,0.0,0.0,0.013618022864828513,0.0,0.0069696969696969695,0.006060606060606061,0.0,0.0,0.07024393226141713,0.02489046483666524,0.0,0.0,0.022069654174563386,0.03682725031077418,0.0132817753866846,0.0,0.0,0.0030303030303030303,0.0,0.0,0.027333048032442787,0.0,0.05082900287338754,0.027076073444600682,0.012121212121212121,0.0,0.0,0.005184732326628762,0.01807605306596564,0.0,0.0,0.006060606060606061,0.023157058140245768,0.0,0.006363636363636364,0.011818181818181818,0.059488088687819685,0.19576348556173706,0.012887245012329074,0.01527215667094618,0.020303030303030302,0.0,0.0,0.01,0.0,0.0,0.0,0.004545454545454545,0.0,0.0,0.00773369199731002,0.0
rostralmiddlefrontal-lh,0.020365079767698156,0.0,0.022988906184241924,0.027805820176757704,0.0025871766029246343,0.0,0.009433962264150943,0.013345605154164749,0.028188883200460504,0.0,0.008053382420616659,0.021771801074336485,0.040240511813611886,0.017210348706411697,0.0,0.0022497187851518562,0.0050621260929590425,0.0032620922384701914,0.04181019020114432,0.007986501687289089,0.007536557930258717,0.008098987626546681,0.015876668200644272,0.021147356580427448,0.04572131543842339,0.0010123734533183351,0.04965832331243915,0.0,0.03787214702165911,0.0021372328458942632,0.0,0.0,0.004611923509561305,0.010256978347103759,0.044576215823919386,0.003451449608835711,0.021859180855959504,0.01079865016872891,0.046479521398987575,0.021629084215370454,0.0,0.0,0.0009203865623561896,0.0,0.0,0.0,0.0,0.0,0.0,0.010686164229471317,0.006974128233970754,0.01608548931383577,0.02775943849172558,0.010753044962798886,0.14480941838091682,0.009786276715410575,0.022722159730033747,0.0,0.0,0.014398200224971878,0.05595857121633381,0.0,0.007986501687289089,0.0,0.021664698723520122,0.0,0.024409448818897637,0.0
rostralmiddlefrontal-rh,0.0,0.00029761904761904765,0.013095238095238096,0.020833333333333332,0.0,0.0,0.011011904761904763,0.0,0.0,0.0,0.012455076370170709,0.051705370101596516,0.0041727140783744555,0.011350127859561823,0.0,0.0048984034833091435,0.0,0.009821428571428571,0.0,0.007801161103047896,0.008345428156748911,0.009615384615384616,0.0052612481857764876,0.013062409288824383,0.026355484138503006,0.04263425253991292,0.013788098693759071,0.0,0.06659064206234017,0.0690856313497823,0.0,0.00362844702467344,0.0,0.0,0.0048984034833091435,0.0,0.014583333333333334,0.03993797083419725,0.03264220056672887,0.034288824383164,0.0,0.0,0.0,0.00181422351233672,0.0048984034833091435,0.0,0.018154761904761906,0.040066262353998204,0.0,0.01632801161103048,0.0052612481857764876,0.02485486211901306,0.0,0.022313221369825144,0.015058055152394775,0.28316098209966134,0.0,0.0,0.0,0.02449201741654572,0.005624092888243832,0.003273809523809524,0.0025399129172714078,0.0,0.0,0.0,0.0,0.0
superiorfrontal-lh,0.0014615609470914938,0.027382774214625927,0.02382344343759135,0.030625720033701877,0.0033615901783104357,0.013446360713241743,0.006951871657754011,0.0,0.03562769743968912,0.0,0.0,0.0,0.029050673177777396,0.027670787695376307,0.0,0.040106951871657755,0.012024347885895077,0.0,0.02820124834499716,0.016844919786096257,0.0,0.005846243788365975,0.0032085561497326204,0.022727272727272728,0.04611482710593738,0.008288770053475936,0.036650790102653166,0.015346389944460683,0.036375672747906526,0.0,0.0,0.0,0.0,0.0,0.04103547294392765,0.0016042780748663102,0.011229946524064172,0.012277111955568546,0.0,0.0,0.0,0.014324157023230222,0.0,0.0,0.00014615609470914936,0.0,0.0,0.0,0.0,0.0,0.0,0.0,0.02554550612995856,0.00950014615609471,0.02981584332066647,0.0,0.21182574754543734,0.0,0.0,0.010961707103186204,0.02820812627886583,0.011764705882352941,0.0,0.02258455559949791,0.032438055608095324,0.022994652406417113,0.008915521777258111,0.033689839572192515
superiorfrontal-rh,0.003795066413662239,0.0,0.0,0.0,0.00625,0.0,0.017552182163187855,0.0,0.017077798861480076,0.005357142857142857,0.0,0.007142857142857143,0.019449715370018977,0.0,0.0,0.0,0.0,0.0,0.004743833017077799,0.0,0.0056925996204933585,0.0014231499051233396,0.0,0.0,0.017077798861480076,0.0,0.014900718351856872,0.046765722417999464,0.0,0.0,0.016603415559772294,0.0,0.0,0.0,0.004269449715370019,0.024500203307129303,0.007115749525616698,0.0,0.0,0.0,0.0,0.013757115749525617,0.021821631878557873,0.0,0.009487666034155597,0.07360904039034968,0.02463912984548658,0.026704391433992954,0.0,0.0657681621035511,0.025892857142857145,0.013392857142857142,0.0,0.0,0.0,0.0,0.0,0.41525142314990515,0.0,0.010714285714285714,0.0,0.0,0.026565464895635674,0.0,0.0,0.04196428571428571,0.0,0.010714285714285714
superiorparietal-lh,0.0,0.0099124020285846,0.005048047502674789,0.0,0.021646051379638438,0.007607192254495159,0.00714615029967727,0.0,0.0,0.004281636536631779,0.0,0.0,0.0,0.022821576763485476,0.06039748308818272,0.0,0.024163851503255587,0.014985727878211227,0.0,0.019363762102351315,0.03163653663177926,0.0017693197854553766,0.05047861068011804,0.0,0.0,0.0,0.013082778306374882,0.017602283539486202,0.0,0.0,0.0,0.0,0.05998277563048913,0.025796799816109623,0.0019029495718363464,0.027922429142764646,0.0036883356385431073,0.0078069515125115205,0.003227293683725219,0.01924943378696177,0.007373929590865842,0.009990485252140819,0.04686051704254088,0.048909050152679025,0.006779257849666984,0.0044005708848715505,0.01795908658420552,0.005470980019029496,0.004043767840152236,0.01962416745956232,0.08703965443348208,0.005233111322549952,0.005532503457814661,0.0,0.0,0.0,0.0,0.0,0.19197588500534518,0.002735490009514748,0.014034253092293053,0.0032112274024738343,0.03936726926736441,0.00437989857076994,0.0,0.006779257849666984,0.006779257849666984,0.0
superiorparietal-rh,0.0,0.017009067213359902,0.013171759747102213,0.013171759747102213,0.011293316831683168,0.004214963119072708,0.01036509900990099,0.0,0.0,0.0,0.0,0.0230066736916052,0.032049923577710776,0.01848616269688086,0.0,0.009282178217821782,0.01194239550403934,0.0,0.0,0.013171759747102213,0.017482522422421376,0.04365813458321596,0.0,0.04041214349306374,0.011591148577449948,0.007413624990001635,0.030661998299408445,0.015340916006774546,0.03249034070951879,0.012118018967334035,0.008508663366336634,0.02073019801980198,0.0,0.0,0.027149529033514523,0.020266089108910892,0.0,0.006146821215314366,0.0,0.0,0.0,0.0,0.0,0.0,0.0,0.02042079207920792,0.0,0.01067450495049505,0.0,0.03857331366698313,0.02512572944596883,0.07985917302214943,0.0066736916051984545,0.005093080435546189,0.02247980330172111,0.024411661397962768,0.013326462717399243,0.0018564356435643563,0.0032487623762376236,0.16349729348593448,0.01053740779768177,0.0,0.0,0.04940474948443211,0.013149752475247524,0.0,0.004641089108910891,0.03589108910891089
superiortemporal-lh,0.0022486347574686796,0.0,0.015901060070671377,0.021462691583876398,0.0036941856729842595,0.0,0.012144455097475231,0.010743254737373361,0.05146435370307119,0.001278363694471077,0.0,0.0032123353678123997,0.04052188078796564,0.028268551236749116,0.014860977948226271,0.0,0.01518056887184404,0.0022387790784878553,0.04750231942111848,0.00015979546180888463,0.0044742729306487695,0.00031959092361776926,0.013742409715564077,0.012528107934468359,0.03324767105685834,0.0019175455417066154,0.06375546335704754,0.020933205496963887,0.02904453196150495,0.0008030838419530999,0.0,0.0,0.010226909555768616,0.01615494646775032,0.04679414782101717,0.005755100544865052,0.006711409395973154,0.009797622871827819,0.01901565995525727,0.02109300095877277,0.0,0.02065385859585115,0.003515500159795462,0.0,0.0,0.0,0.014701182486417386,0.009587727708533078,0.0,0.0030517185994217797,0.02029402364972835,0.013331191776421458,0.003835091083413231,0.0,0.05287048190266347,0.00530035335689046,0.03212171106496052,0.0,0.018536273569830616,0.009958239640218438,0.1490072918678226,0.0,0.015659955257270694,0.0006391818472355385,0.028656772591603145,0.0,0.011082557018952778,0.0
superiortemporal-rh,0.0,0.2084689413823272,0.0,0.0,0.006984126984126984,0.0,0.010158730158730159,0.0,0.0,0.021372328458942633,0.0,0.0,0.0,0.012063492063492064,0.008571428571428572,0.025871766029246346,0.0,0.008571428571428572,0.0,0.029206349206349208,0.0,0.0,0.008571428571428572,0.0,0.0,0.0,0.0,0.006749156355455568,0.0,0.0,0.0,0.0,0.019365079365079366,0.012063492063492064,0.0,0.0,0.019122609673790775,0.029943757030371207,0.010658667666541683,0.0,0.03333333333333333,0.0,0.0,0.0,0.0,0.00562429696287964,0.005696787901512311,0.011811023622047244,0.0,0.011811023622047244,0.006666666666666667,0.0,0.0,0.0,0.0,0.004126984126984127,0.013333333333333334,0.0,0.008571428571428572,0.0,0.0,0.4139807524059493,0.008571428571428572,0.0,0.0,0.03873015873015873,0.0,0.0
supramarginal-lh,0.03553115313157597,0.0,0.013893259664929856,0.0002555583950932788,0.020316892409915667,0.0,0.0,0.0,0.0,0.006388959877331971,0.008264462809917356,0.0,0.0,0.004472271914132379,0.056861742908254534,0.012481176328956456,0.012394582162024022,0.04718290870510744,0.0203168044077135,0.0,0.01980577561972911,0.004476584022038568,0.01891132123690263,0.05180452035631739,0.0,0.0,0.01788688760147534,0.016227958088423203,0.0,0.0,0.006261180679785331,0.01336049433301019,0.014822386915410171,0.03228695194868557,0.0,0.0005111167901865576,0.0,0.004855609506772297,0.0,0.005750063889598774,0.009838998211091235,0.0084334270380782,0.0,0.0005111167901865576,0.016440131397848102,0.0017889087656529517,0.03191875073481839,0.012132511603970378,0.0,0.026461030160818744,0.03526705852287248,0.026859504132231406,0.0,0.0,0.023760330578512397,0.005509641873278237,0.0,0.01997245179063361,0.042806031178124204,0.0,0.012777919754663941,0.003450038333759264,0.23439615352934592,0.0,0.006198347107438017,0.0,0.03615702479338843,0.0
supramarginal-rh,0.0,0.025031289111389236,0.007374631268436578,0.03743986768120918,0.0,0.0,0.014392991239048811,0.0,0.006466416353775553,0.0,0.0,0.0,0.0490094550341319,0.010012515644555695,0.0,0.0427534787215583,0.04129793510324484,0.0,0.0,0.00020859407592824363,0.0,0.007374631268436578,0.002920317062995411,0.04297037964121819,0.0020859407592824365,0.0025031289111389237,0.019003289510117736,0.0,0.0,0.0,0.008969545264914476,0.02523988318731748,0.0,0.0,0.006466416353775553,0.01606174384647476,0.036135693215339236,0.0,0.0,0.015486725663716814,0.0,0.0,0.0,0.03761061946902655,0.0,0.0,0.0,0.0,0.0,0.0,0.0,0.019831204935372757,0.0031289111389236545,0.009587020648967551,0.0,0.0,0.0246879395704808,0.0,0.015486725663716814,0.07120441850247913,0.00041718815185648727,0.0,0.0,0.2472891999955697,0.024196912807676264,0.022123893805309734,0.007717980809345015,0.09751311558326964
temporalpole-lh,0.0,0.002006688963210702,0.00739476678043231,0.020479464477090235,0.0007584376185058779,0.0,0.04664289890584593,0.017064846416382253,0.04310525668293883,0.0,0.02825180128934395,0.0,0.04367053368388878,0.00710420146538265,0.0,0.022408026755852843,0.01750278706800446,0.0,0.015723502561312327,0.015830546265328874,0.020463737676974063,0.02819117701147676,0.023728316991412406,0.008026755852842809,0.005877891543420554,0.016089531151112987,0.03489675482552764,0.0,0.012732747129541906,0.0,0.0,0.016203677280988454,0.0,0.030527114144861586,0.03608970871175946,0.020289855072463767,0.012040133779264214,0.002085703450891164,0.009253065774804906,0.02095355140317301,0.0,0.0162932185784241,0.016389735472685466,0.01422070534698521,0.019908987485779295,0.003223359878649981,0.03204398938187334,0.030147895335608646,0.010049298445202881,0.00720515737580584,0.0,0.009101251422070534,0.004013377926421404,0.0,0.014239095556798479,0.0,0.018922257607522485,0.0,0.0,0.00947603121516165,0.024966929329594413,0.0,0.0030337504740235114,0.012931995540691193,0.12339247371151214,0.004459308807134894,0.01640292569213774,0.02418477468188108
temporalpole-rh,0.0,0.03831705484598046,0.0,0.0,0.0,0.0,0.0,0.036,0.0,0.0,0.0,0.0,0.0,0.0169045830202855,0.0,0.0,0.03142857142857143,0.0,0.0,0.02667167543200601,0.0074285714285714285,0.0,0.011269722013523666,0.0,0.0,0.011645379413974455,0.0,0.0,0.0,0.0,0.0,0.0,0.015026296018031555,0.027422990232907587,0.0,0.0,0.0,0.0,0.0,0.0,0.0,0.08367156810132016,0.0,0.0033809166040570998,0.013142857142857144,0.0,0.0,0.0,0.006285714285714286,0.002253944402704733,0.0,0.0,0.0,0.0,0.0,0.0,0.032306536438767845,0.017655897821187077,0.021412471825694966,0.0,0.0,0.0473328324567994,0.0,0.016,0.015026296018031555,0.46741612106901365,0.0,0.052
transversetemporal-lh,0.04488734835355286,0.0,0.016464471403812825,0.016999802325207213,0.0,0.0,0.040637340308648504,0.009185441941074523,0.01231146192001986,0.0,0.008492201039861352,0.0,0.02042440318302387,0.004907161803713528,0.0,0.031775763231569124,0.01816976127320955,0.011265164644714038,0.034488734835355285,0.010610079575596816,0.03573017850493498,0.04779914402217635,0.006896551724137931,0.05073829236561562,0.0,0.0038461538461538464,0.03893113102161091,0.0017241379310344827,0.004111405835543766,0.0,0.0,0.0080267458591728,0.012998266897746967,0.01854419410745234,0.0366780980926681,0.038859416445623345,0.005702917771883289,0.0,0.0001326259946949602,0.0,0.0,0.0017331022530329288,0.028647214854111407,0.013527851458885942,0.023944393621080407,0.0,0.0029462738301559792,0.013434300713927799,0.01659135103825237,0.0011936339522546418,0.0025996533795493936,0.023083588854819356,0.0,0.00636604774535809,0.037608318890814556,0.0,0.010225303292894282,0.0,0.007559681697612732,0.0034482758620689655,0.011265164644714038,0.0,0.01854419410745234,0.004907161803713528,0.016389538866082222,0.0,0.15775000114927204,0.006896551724137931
transversetemporal-rh,0.0,0.008369330453563716,0.0,0.0029697624190064796,0.005669546436285098,0.0,0.007694384449244061,0.0,0.012553995680345572,0.0,0.005785123966942148,0.0,0.02254319654427646,0.005534557235421166,0.0,0.066251584170787,0.03356768648590758,0.0,0.0016198704103671706,0.007019438444924406,0.0008099352051835853,0.006884449244060475,0.0002699784017278618,0.032937365010799136,0.00458963282937365,0.003374730021598272,0.017413606911447083,0.005534557235421166,0.0,0.0,0.0,0.01511879049676026,0.0,0.0,0.016198704103671708,0.022408207343412527,0.0,0.0,0.0,0.0,0.0,0.03305785123966942,0.0,0.0,0.008099352051835854,0.016333693304535636,0.0,0.006749460043196544,0.010394168466522679,0.007289416846652268,0.004319654427645789,0.012553995680345572,0.00040496760259179265,0.0,0.0,0.0,0.01700863930885529,0.0016198704103671706,0.0,0.03050755939524838,0.0,0.0,0.0,0.08866179961801403,0.05844943148349785,0.07851239669421488,0.007289416846652268,0.313629893079628
