,S1_D1 hbo,S1_D3 hbo,S2_D1 hbo,S2_D2 hbo,S2_D4 hbo,S3_D1 hbo,S3_D3 hbo,S3_D4 hbo,S3_D5 hbo,S4_D2 hbo,S4_D4 hbo,S4_D6 hbo,S4_D11 hbo,S5_D3 hbo,S5_D5 hbo,S5_D7 hbo,S6_D4 hbo,S6_D5 hbo,S6_D6 hbo,S6_D8 hbo,S7_D5 hbo,S7_D7 hbo,S7_D8 hbo,S8_D6 hbo,S8_D8 hbo,S8_D15 hbo,S9_D2 hbo,S9_D9 hbo,S9_D11 hbo,S10_D9 hbo,S10_D10 hbo,S10_D12 hbo,S11_D9 hbo,S11_D11 hbo,S11_D12 hbo,S11_D13 hbo,S12_D10 hbo,S12_D12 hbo,S12_D14 hbo,S13_D6 hbo,S13_D11 hbo,S13_D13 hbo,S13_D15 hbo,S14_D12 hbo,S14_D13 hbo,S14_D14 hbo,S14_D16 hbo,S15_D13 hbo,S15_D15 hbo,S15_D16 hbo,S16_D14 hbo,S16_D16 hbo
S1_D1 hbo,0.24395348837209305,-0.027906976744186046,0.0005426356589147297,0.002248062015503878,-0.011085271317829456,0.015038759689922482,0.15992248062015504,-0.02558139534883721,-0.01744186046511628,-0.023255813953488372,0.002248062015503878,0.004573643410852715,0.015038759689922482,-0.029069767441860465,-0.02558139534883721,0.005736434108527134,-0.026744186046511628,-0.015116279069767442,-0.02558139534883721,-0.01744186046511628,-0.019767441860465116,0.0010852713178294594,-0.027906976744186046,-0.026744186046511628,-0.011627906976744186,-0.011627906976744186,-0.011627906976744186,-0.02558139534883721,-0.011627906976744186,0.0017054263565891483,-7.751937984495916e-05,0.0017054263565891483,0.0017054263565891483,-0.0017829457364341075,-0.011627906976744186,-0.011627906976744186,-0.022713178294573644,0.03178294573643411,-0.004728682170542637,0.0017054263565891483,-0.015116279069767442,-0.015116279069767442,-0.02441860465116279,-0.011627906976744186,0.0017054263565891483,0.015038759689922482,0.015038759689922482,-0.011627906976744186,0.0017054263565891483,-0.012790697674418604,0.0017054263565891483,0.010387596899224808
S1_D3 hbo,-0.0282021151586369,0.019323200142537765,-0.0023501762632197414,0.02288452319844566,0.015664306591947466,-0.0023501762632197414,-0.023501762632197415,0.03614986827983217,0.031994637864987886,-0.01049094927606935,0.01990438091521124,-0.006081187135966608,-0.0023501762632197414,-0.023501762632197415,0.03316972599659776,0.012308730013956819,0.022969367106865146,0.03560474616823698,-0.0282021151586369,-0.03407755581668625,0.03904516665464711,-0.016196702117279735,0.02032860045730866,0.0020235272158047254,-0.0023501762632197414,-0.0023501762632197414,-0.0023501762632197414,0.029559617693348663,-0.0074259630844154476,-0.0023501762632197414,-0.02937720329024677,-0.004445820801181027,-0.0023501762632197414,-0.01762632197414806,0.028335744314397587,-0.01645123384253819,-0.03055229142185664,-0.009521607622376731,-0.022326674500587545,-0.0023501762632197414,-0.005875440658049354,0.0242292991468945,0.02024375654888918,-0.01527614571092832,-0.0023501762632197414,-0.0023501762632197414,-0.0023501762632197414,-0.0023501762632197414,-0.012925969447708578,-0.0035252643948296123,-0.01645123384253819,-0.021151586368977675
S2_D1 hbo,-0.010420043219881145,-0.0016207455429497568,0.04258508914100486,-0.011115613182063751,0.03170583468395462,0.04976364127498649,-0.008103727714748784,-0.02106969205834684,-0.004403025391680172,-0.019448946515397084,-0.009494867639113993,0.03402215018908698,0.053930307941653155,-0.011345218800648298,-0.017828200972447326,-0.007874122096164235,-0.02106969205834684,0.02476364127498649,-0.02106969205834684,-0.017828200972447326,-0.02106969205834684,-0.019219340896812535,-0.017828200972447326,-0.019448946515397084,-0.02106969205834684,-0.019448946515397084,-0.012736358725013506,-0.017828200972447326,0.026384386817936246,0.04143030794165316,0.07083333333333333,0.058792544570502425,-0.015282279848730419,-0.009494867639113993,0.019671799027552672,0.012263641274986494,0.049534035656401944,-0.011345218800648298,-0.011115613182063751,-0.016903025391680173,0.012263641274986494,-0.02106969205834684,-0.02106969205834684,-0.016903025391680173,-0.008569692058346838,-0.008569692058346838,-0.008569692058346838,-0.02106969205834684,0.01643030794165316,-0.02106969205834684,-0.010190437601296596,-0.011811183144246354
S2_D2 hbo,-0.014767662304670689,0.03821452790298775,-0.011788516326517758,0.026426011576469996,-0.0019231132600338874,-0.00458104053863967,-0.00893743793445879,0.016976303297635366,0.028284041309144657,-0.012909632571996028,0.013741022147294522,-0.0075286944874252346,-0.006695205443502249,-0.010923535253227408,0.02431184667160742,0.022069614180650877,0.015855187052157105,0.03523538192483483,-0.031777557100297914,-0.027805362462760674,0.026297943990376035,-0.03152142192811,0.02431184667160742,0.009512692337569364,-0.010923535253227408,-0.010923535253227408,-0.010923535253227408,0.020083516861882263,-0.0003527107289145112,-0.008809370348364829,-0.00458104053863967,-0.00781632168898052,-0.008809370348364829,-0.023705100239129476,0.025017268129436436,-0.010923535253227408,-0.015760710964055,0.007367035403339415,-0.009674351421655177,-0.008809370348364829,-0.010923535253227408,0.031263187287297586,0.026297943990376035,-0.010923535253227408,-0.008809370348364829,-0.00458104053863967,-0.006695205443502249,-0.010923535253227408,-0.008809370348364829,-0.010923535253227408,-0.008809370348364829,-0.006695205443502249
S2_D4 hbo,-0.013549703325286364,0.015633850062414422,0.0023618496664815324,0.00010448229025180125,0.04207886763193639,0.013222508784760984,-0.007992895204262877,-0.005224114512590118,0.035048309311571685,-0.011545293072824156,0.006499898267243703,0.005636544605689332,0.011674521168661913,-0.009769094138543518,-0.004995903194408551,-0.00012372902792976564,-0.0005801516642929064,0.04679706789699145,-0.010071542873482945,-0.02486678507992895,-0.00233160479298759,-0.004132549532854184,-0.0034479155783094795,-0.012507629956722336,-0.011545293072824156,-0.010657193605683837,-0.011545293072824156,0.014036370835143443,0.01101463301970316,0.006802347002183131,0.016546695335140693,0.03887841010948644,-0.010885404923865404,-0.02154259852954924,0.021190658183437905,0.0008386078559684141,-0.002053901863634114,-0.004921665777650689,-0.010225516774906653,-0.009997305456725085,-0.0024855786944112963,0.0029969920098543296,-0.0014435053258472705,-0.013321492007104795,-0.010885404923865404,-0.008449317840626015,-0.008449317840626015,-0.013321492007104795,0.002386595472067484,-0.011545293072824156,-0.009997305456725085,-0.009337417307766334
S3_D1 hbo,-0.010951293547578601,-0.0016778523489932886,0.04625581330585647,-0.008479768303210894,0.04625581330585647,0.08192235929711215,-0.008389261744966443,-0.020134228187919462,-0.006892422512462058,-0.015100671140939598,-0.010157620652204184,0.04210643571249548,0.05119886379459188,-0.01174496644295302,-0.018456375838926176,-0.008479768303210894,-0.02181208053691275,0.026302598234425906,-0.02181208053691275,-0.018456375838926176,-0.02348993288590604,-0.01183547300119747,-0.018456375838926176,-0.020134228187919462,-0.02348993288590604,-0.020134228187919462,-0.02348993288590604,-0.018456375838926176,0.02550892533905149,0.044577960956863186,0.08713692946058091,0.057910273190565034,-0.015984850594558467,-0.01430699824556518,0.018888022501322786,0.011382940209975215,0.03636971232838564,-0.01174496644295302,-0.01183547300119747,-0.017662702943551756,0.011382940209975215,-0.02348993288590604,-0.02181208053691275,-0.02348993288590604,-0.019340555292545046,-0.011041800105823054,-0.01519117769918405,-0.02348993288590604,0.01553231780333621,-0.02181208053691275,-0.017662702943551756,-0.01183547300119747
S3_D3 hbo,0.19461737017916794,-0.028089887640449437,0.005086547221378683,-0.003340419070756148,-0.003340419070756148,0.005086547221378683,0.26180534467051325,-0.018258426966292134,-0.009831460674157303,-0.02247191011235955,-0.00474491345277862,-0.0005314303067112044,0.005086547221378683,-0.09129213483146068,-0.05056179775280899,-0.0005314303067112044,-0.021067415730337078,-0.008426966292134831,-0.019662921348314606,-0.009831460674157303,-0.012640449438202247,-0.00474491345277862,-0.02247191011235955,-0.021067415730337078,-0.008426966292134831,-0.008426966292134831,-0.008426966292134831,-0.019662921348314606,-0.008426966292134831,0.005086547221378683,-0.013171879744913451,0.018600060734892197,0.005086547221378683,0.005086547221378683,-0.008426966292134831,-0.008426966292134831,-0.021598846037048286,0.007174309140601277,-0.018789857273003342,0.005086547221378683,-0.012640449438202247,-0.008426966292134831,-0.018258426966292134,-0.008426966292134831,0.005086547221378683,0.005086547221378683,0.005086547221378683,-0.008426966292134831,0.005086547221378683,-0.009831460674157303,0.005086547221378683,-0.0005314303067112044
S3_D4 hbo,-0.014073744519424416,0.043423479108436434,-0.010521346650863137,0.013781673566559911,0.0027169390964139825,-0.009633247183722818,-0.008880994671403197,0.03153347438775476,0.03085423961365126,-0.011545293072824156,0.023613596921708002,-0.008410624590336528,-0.009633247183722818,-0.010657193605683837,0.01610126032012335,0.004493138030694621,0.02477339029848972,0.04560721890717917,-0.03108348134991119,-0.02486678507992895,0.021429857122965267,-0.019955917663160686,0.01890140567636501,0.00626933696497526,-0.011545293072824156,-0.010657193605683837,-0.011545293072824156,0.02716599479026928,-0.0010969641601771447,-0.009633247183722818,-0.008745147716582498,0.010239464219610188,-0.008745147716582498,-0.021178540256546974,0.02273568597617924,-0.011545293072824156,-0.014961843986564735,0.005934813838729288,-0.012297545585143777,-0.009633247183722818,-0.011545293072824156,0.02293436214760451,0.021429857122965267,-0.011545293072824156,-0.009633247183722818,-0.009633247183722818,-0.009633247183722818,-0.011545293072824156,-0.009633247183722818,-0.011545293072824156,-0.009633247183722818,-0.008745147716582498
S3_D5 hbo,-0.010291595197255575,0.03133218982275586,-0.004230989136649515,0.018610634648370497,0.03553459119496855,-0.005088622069754145,-0.004288164665523156,0.0203830760434534,0.033333333333333326,-0.007718696397941681,0.022755860491709547,-0.004774156660949113,-0.005946255002858776,-0.006003430531732418,0.018210405946255,0.002058319039451112,0.022555746140651804,0.04039451114922813,-0.00517438536306461,-0.04202401372212693,0.01649514008004574,0.0037164093767867376,0.003430531732418529,0.0037164093767867376,-0.012006861063464836,-0.010291595197255575,-0.012006861063464836,0.032046883933676384,-0.009519725557461408,-0.005088622069754145,0.0009148084619782729,0.014865637507146942,-0.010291595197255575,-0.022298456260720412,0.019353916523727845,-0.024213836477987423,-0.005088622069754145,0.007232704402515723,-0.010291595197255575,-0.011149228130360206,-0.005088622069754145,0.007061177815894798,0.01049170954831332,-0.01972555746140652,-0.012006861063464836,-0.012006861063464836,-0.012864493996569469,-0.012006861063464836,-0.0115494568324757,-0.011149228130360206,-0.02144082332761578,-0.018867924528301886
S4_D2 hbo,-0.0290519877675841,-0.0007553148373309754,-0.021406727828746176,-0.022935779816513763,-0.017961755277992705,-0.01529051987767584,-0.022935779816513763,-0.022935779816513763,-0.011274455620647729,0.09238790022475221,-0.021406727828746176,-0.021406727828746176,-0.01529051987767584,-0.02599388379204893,-0.014903651302457539,0.03940532773295015,-0.024464831804281346,-0.01529051987767584,-0.022935779816513763,0.03691831546368962,0.03691831546368962,0.016653771047492723,0.02621495154931653,0.04380826056519657,0.056998636748830184,0.061014701005858304,-0.01529051987767584,-0.022935779816513763,-0.01529051987767584,0.028886186949633397,-0.01529051987767584,-0.01529051987767584,0.05298257249180208,0.05298257249180208,0.03691831546368962,0.04093437972071773,-0.027522935779816515,-0.02599388379204893,-0.03058103975535168,0.016837994178549056,-0.01529051987767584,-0.011274455620647729,-0.013374599314689952,-0.01529051987767584,-0.01529051987767584,-0.01529051987767584,-0.01529051987767584,-0.01529051987767584,-0.01529051987767584,-0.0032423271065915027,-0.0032423271065915027,-0.0072583913636196165
S4_D4 hbo,-0.014455449009589137,0.029878560929516348,-0.008995940365367118,0.013190312871841536,0.012590116889479946,-0.005149786519213271,-0.009099181073703366,0.017449429551340385,0.03717715405613495,-0.010009099181073703,0.03182088612024917,-0.005233778959893607,-0.0070728634422901945,-0.01091901728844404,0.0029747322740953305,0.005704486596206343,0.025141737243648078,0.04445649891509765,-0.023244907958283753,-0.025477707006369428,0.008434240918317355,-0.0037044166025057695,0.0087439630433261,0.0037814096731294197,-0.01091901728844404,-0.01091901728844404,-0.01091901728844404,0.03252432281094701,-0.001303632673059425,-0.01081577658010779,-0.005149786519213271,0.01985021348078673,-0.01081577658010779,-0.02173479386855183,0.02268320851123399,-0.01091901728844404,-0.015365367116959475,0.005685238328550432,-0.01071253587177154,-0.008995940365367118,-0.012738853503184714,0.013893749562539373,0.012280394764471202,-0.012738853503184714,-0.009905858472737453,-0.005149786519213271,-0.0070728634422901945,-0.012738853503184714,-0.008995940365367118,-0.01091901728844404,-0.008995940365367118,-0.0070728634422901945
S4_D6 hbo,-0.012465728997169159,0.007483895414929897,0.0167398524396496,0.0008080155138978674,0.014967790829859794,0.028024207030292222,-0.007099391480730223,-0.005700688763569089,-0.003672291197646168,-0.012170385395537525,0.0008080155138978674,0.028999398167755167,0.025276954283039478,-0.009127789046653144,-0.003672291197646168,0.0028364130798207883,-0.005700688763569089,0.01961527316496891,-0.030425963488843813,-0.02636916835699797,-0.005700688763569089,-0.0279740543432227,-0.003672291197646168,-0.004686489980607628,-0.013184584178498986,-0.012170385395537525,-0.010437331431246238,-0.003672291197646168,0.023543900318748187,0.016020997258319774,0.034828254909390816,0.030052604596215143,-0.010437331431246238,-0.018846265296569555,0.03554711009072064,0.008793437799522994,0.005750841450638613,0.010526491763814278,-0.007690078683993491,-0.010437331431246238,-0.00046251922519671,-0.001643893631723247,-0.005700688763569089,-0.011451530214207698,-0.00870427746695495,-0.0021955731894879957,-0.004942825936740744,-0.014198782961460446,0.008793437799522994,-0.013184584178498986,-0.007690078683993491,-0.003928627153779283
S4_D11 hbo,-0.01109131313940219,-0.0016750418760469012,0.051612644897795754,-0.00878229127042917,0.043644517407755906,0.05790573051178869,-0.008375209380234505,-0.020100502512562814,-0.007514331284576934,-0.01507537688442211,-0.010457333146476074,0.03966045366273599,0.05224662489072188,-0.011725293132328308,-0.018425460636515914,-0.00878229127042917,-0.021775544388609715,0.024358178675582428,-0.021775544388609715,-0.018425460636515914,-0.023450586264656615,-0.012132375022522974,-0.018425460636515914,-0.020100502512562814,-0.023450586264656615,-0.020100502512562814,-0.015482458774616775,-0.018425460636515914,0.023724198682656312,0.04196947553170901,0.0796812749003984,0.05496272864988956,-0.016116438767542894,-0.010457333146476074,0.01743111306866337,0.010096965571549647,0.042376557421903674,-0.011725293132328308,-0.012132375022522974,-0.017791480643589794,0.010096965571549647,-0.023450586264656615,-0.021775544388609715,-0.019466522519636695,-0.011498395029596854,-0.007514331284576934,-0.013173436905643758,-0.023450586264656615,0.014081029316569571,-0.021775544388609715,-0.009823353153549954,-0.008148311277503054
S5_D3 hbo,-0.03391959798994975,-0.02512562814070352,-0.010050251256281407,-0.017587939698492462,-0.017587939698492462,-0.010050251256281407,-0.08165829145728644,-0.018844221105527637,-0.011306532663316583,-0.022613065326633167,-0.018844221105527637,-0.01507537688442211,-0.010050251256281407,0.8932160804020101,-0.04522613065326633,-0.01507537688442211,-0.02135678391959799,-0.010050251256281407,-0.020100502512562814,-0.011306532663316583,-0.013819095477386936,-0.018844221105527637,-0.022613065326633167,-0.02135678391959799,-0.010050251256281407,-0.010050251256281407,-0.010050251256281407,-0.020100502512562814,-0.010050251256281407,-0.010050251256281407,-0.02386934673366834,-0.010050251256281407,-0.010050251256281407,-0.010050251256281407,-0.010050251256281407,-0.010050251256281407,-0.03391959798994975,-0.0414572864321608,-0.031407035175879394,-0.010050251256281407,-0.013819095477386936,-0.010050251256281407,-0.018844221105527637,-0.010050251256281407,-0.010050251256281407,-0.010050251256281407,-0.010050251256281407,-0.010050251256281407,-0.010050251256281407,-0.011306532663316583,-0.010050251256281407,-0.01507537688442211
S5_D5 hbo,-0.016101694915254237,0.05081045843757709,-0.010169491525423728,0.029014412065259527,0.0031396455125268716,-0.010169491525423728,-0.027966101694915254,0.024697839952077243,0.034019873850382326,-0.010169491525423728,0.008529194122414464,-0.005865252475421967,-0.010169491525423728,-0.029661016949152543,0.016912153352831326,0.019771662144543505,0.013071285105183413,0.04495753902533564,-0.029661016949152543,-0.023728813559322035,0.04064096691215335,-0.036440677966101696,0.03055075936431869,0.010224109376651754,-0.010169491525423728,-0.010169491525423728,-0.010169491525423728,0.024393037104901514,0.0002255188695866675,-0.010169491525423728,-0.011016949152542373,-0.00847457627118644,-0.010169491525423728,-0.022033898305084745,0.02602100144473026,-0.010169491525423728,-0.01694915254237288,0.0016825821910567695,-0.01440677966101695,-0.010169491525423728,-0.010169491525423728,0.04156770851686106,0.03563550512703055,-0.010169491525423728,-0.010169491525423728,-0.010169491525423728,-0.010169491525423728,-0.010169491525423728,-0.010169491525423728,-0.010169491525423728,-0.010169491525423728,-0.010169491525423728
S5_D7 hbo,-0.011218728048846383,0.014514778192035449,-0.00786864429675258,0.012002215377965097,-0.0029380774841951673,-0.005180472253741828,-0.005862646566164154,-0.0027624682552547693,-0.0010671637758685945,0.011279515858864214,0.0002566596422975097,-0.007828119090074026,-0.006524558275247204,-0.007537688442211055,0.005302047873777492,0.027685470362565523,-0.0032690333387366925,0.0012697898092613596,-0.02512562814070352,-0.00509942184038472,0.03099502890798076,-0.003599989193278221,0.01777030312854596,0.02226860106986546,0.0217012481763657,0.008260387961311934,-0.009212730318257957,0.007639001458907439,-0.015055114281082832,0.012292646025828066,-0.003505430377694926,-0.015406332738963633,0.0217012481763657,0.005106176041497813,0.035142108391419465,-0.0029583400875344452,-0.012056248986869833,0.003059653104230833,-0.007362079213270654,-0.0011482141892256992,-0.009212730318257957,0.0006078781001783093,0.0002769222456367876,-0.019262981574539362,-0.00786864429675258,-0.005180472253741828,-0.006524558275247204,-0.009212730318257957,-0.013731290862916733,-0.009212730318257957,-0.02043145836710434,0.004093045874533959
S6_D4 hbo,-0.01728608470181504,0.035460014999209685,-0.010371650821089023,0.013198295605500607,0.009957995486784887,-0.011235955056179775,-0.010371650821089023,0.024010506172881023,0.03762582016418417,-0.011235955056179775,0.028548944169982077,-0.007555095191172662,-0.012100259291270527,-0.012100259291270527,0.008446303838250672,0.003040198554560468,0.048438030731564594,0.046485779336738975,-0.028088206114700233,-0.024200518582541054,0.014496433483885938,-0.011008949080037266,0.01514718394882781,0.011903520778613681,-0.012100259291270527,-0.010371650821089023,-0.012100259291270527,0.033087382167083124,0.005192551513541328,-0.011235955056179775,-0.012100259291270527,0.016648786442866798,-0.010371650821089023,-0.02247191011235955,0.023566583375091224,-0.011235955056179775,-0.018150388936905792,0.004978997743392444,-0.015557476231633534,-0.011235955056179775,-0.011235955056179775,0.01968225889443045,0.018387484067543525,-0.012100259291270527,-0.012100259291270527,-0.012100259291270527,-0.012100259291270527,-0.012100259291270527,-0.011235955056179775,-0.011235955056179775,-0.011235955056179775,-0.010371650821089023
S6_D5 hbo,-0.008936550491510277,0.02064411555506921,0.0071332822673305235,0.013120999069869237,0.036843893053199836,0.006239627218179496,-0.004468275245755138,0.024088791012383506,0.02356103299228539,-0.00804289544235925,0.02115591544928963,0.002405117542995751,0.0066214823731101016,-0.006255585344057194,0.01860489504112637,-0.00411035727964108,0.02064411555506921,0.03656804544874251,-0.007417108934726706,-0.04289544235924933,0.015923929893673288,0.0049561379511590155,-0.005905646440881984,0.001381517754554907,-0.012511170688114389,-0.010723860589812333,-0.011235660484032756,0.024982446061534533,-0.00997610840582882,0.006239627218179496,0.013007012456457115,0.019116694935346793,-0.010723860589812333,-0.018384900877240977,0.023333059765461146,-0.02196750013678394,0.00675142711239992,0.00598771680253871,-0.010723860589812333,-0.01161751563896336,-0.0014134340063102994,-0.005393846546661564,-0.0018192263500574485,-0.022853176122996113,-0.011235660484032756,-0.011235660484032756,-0.012129315533183783,-0.012511170688114389,-0.011243639546971605,-0.01161751563896336,-0.027321451368751252,-0.02464048622129817
S6_D6 hbo,-0.017304189435336976,-0.01912568306010929,-0.01092896174863388,-0.029143897996357013,0.13479052823315119,-0.011839708561020037,-0.010018214936247723,-0.03278688524590164,0.13752276867030966,-0.01092896174863388,-0.0015731081304851818,-0.026411657559198543,-0.012750455373406194,-0.011839708561020037,-0.031876138433515486,-0.028233151183970857,-0.033697632058287796,0.11359496605398244,0.20963735717834078,-0.025500910746812388,-0.030965391621129327,0.11872826626924987,-0.031876138433515486,-0.03278688524590164,-0.012750455373406194,-0.01092896174863388,-0.012750455373406194,-0.016724623282000334,-0.01092896174863388,-0.011839708561020037,-0.011839708561020037,0.08180162278522934,-0.01092896174863388,-0.023679417122040074,-0.010018214936247723,-0.011839708561020037,-0.018214936247723135,-0.01639344262295082,-0.015482695810564663,-0.011839708561020037,-0.011839708561020037,-0.026411657559198543,-0.031876138433515486,-0.012750455373406194,-0.012750455373406194,-0.012750455373406194,-0.012750455373406194,-0.012750455373406194,-0.011839708561020037,-0.011839708561020037,-0.011839708561020037,-0.01092896174863388
S6_D8 hbo,-0.009844134536505332,-0.02132895816242822,-0.009844134536505332,-0.02132895816242822,-0.02378999179655455,-0.009844134536505332,-0.004101722723543888,-0.02378999179655455,-0.04183757178014766,0.04278412317788856,-0.022969647251845776,-0.020508613617719443,-0.009844134536505332,-0.005742411812961444,-0.022969647251845776,0.03577964283460591,-0.02378999179655455,-0.04019688269073011,-0.022969647251845776,0.07786962832081781,0.029721713889064177,0.039755158705117685,0.01426137439262952,0.043162743736984914,0.07042342399192277,0.04032308954376223,-0.009844134536505332,-0.022969647251845776,-0.029532403609515995,0.04032308954376223,-0.004922067268252666,-0.016406890894175553,0.07042342399192277,0.04890515554994636,0.04783239729917334,0.024799646620811508,-0.01066447908121411,-0.009023789991796555,-0.009844134536505332,0.01356723670095286,-0.009844134536505332,-0.04101722723543889,-0.03855619360131255,-0.020508613617719443,-0.009844134536505332,-0.009844134536505332,-0.009844134536505332,-0.009844134536505332,-0.020508613617719443,-0.009844134536505332,-0.027071369975389663,0.014703098378241939
S7_D5 hbo,-0.013712047012732615,0.031404695405053085,-0.011753183153770812,0.011092311110055451,-0.009049615702207983,-0.012732615083251714,-0.005876591576885406,0.009048218509726556,0.009048218509726556,0.009730048440663332,-0.0037905832021136697,-0.013605860384144101,-0.013712047012732615,-0.007835455435847209,0.01573378453335867,0.026698951127604193,-0.0004904145609811658,0.01973674099264937,-0.030362389813907934,-0.004599557648860379,0.035172923527463915,-0.010923250819802686,0.0314256532922745,0.020013385103972076,0.009112489363872236,0.00679175265222063,-0.013712047012732615,0.007706913727555852,-0.0046205155360817965,0.007685955840334432,-0.007835455435847209,-0.010773751224289911,0.010091921293353137,-0.0026406937898985766,0.036301855052457595,0.007238854246277529,-0.014691478942213516,0.0029592536756641204,-0.011753183153770812,-0.005599947465562698,-0.013712047012732615,0.015819013274725766,0.014839581345244865,-0.014691478942213516,-0.014691478942213516,-0.013712047012732615,-0.014691478942213516,-0.014691478942213516,-0.012732615083251714,-0.012732615083251714,-0.012732615083251714,-0.0031939820125439933
S7_D7 hbo,-0.013858971753708597,-0.009821851927115084,-0.013858971753708597,-0.02596355754250491,0.0058050531734742256,-0.005612002980424034,-0.008771929824561403,-0.023328591749644377,0.014400867032445978,0.01281582334213913,-0.004375804375804374,-0.02420917157759263,-0.007542504910925964,-0.010526315789473684,-0.03508771929824561,0.004399512294249133,-0.01472939104518052,0.01755740703109124,-0.007535731219941746,0.012118133170764753,0.0010634694845221178,0.05722752828015985,0.000538508433245273,0.005100589311115629,0.025276027907606857,0.014570209307051411,-0.001750999119420173,-0.006658538237485606,0.0068482015850436905,0.019484522116101063,-0.004734809997967893,0.025977104924473346,0.028083722820564927,0.01580302106617896,0.021238908081013343,0.015623518255097203,-0.014736164736164736,-0.014912280701754385,-0.010174083858294384,0.017554020185599133,0.004040506672085619,-0.02456140350877193,-0.02789405947300684,0.00983201246359141,-0.009473006841427895,0.0001795028110817571,-0.007542504910925964,0.0001795028110817571,0.002110004741583689,-0.011403508771929825,-0.009473006841427895,0.01070920544604755
S7_D8 hbo,-0.014716187806587245,0.025473020322354593,-0.008409250175192713,0.013101648655626453,0.0010022867259248322,-0.008409250175192713,-0.009110021023125438,0.011357098071036038,0.005665179065392982,0.007294471286836574,0.004248884299044738,-0.00848024932689116,-0.008409250175192713,-0.01051156271899089,0.01398867701840446,0.022770442223287717,0.005393169328366466,0.009083281082875379,-0.025227750525578137,-0.015558956957916866,0.040032456755062146,-0.0004850071921218592,0.02138365359790506,0.01855106406520857,0.015274960351123077,0.006064434035333603,-0.008409250175192713,0.014245933684948177,-0.017948032309224357,0.010011802456386233,-0.01051156271899089,-0.008752259063917679,0.015274960351123077,0.004148379006380702,0.03308099435695054,-0.008737505993434883,-0.015416958654519973,0.00045826725187179604,-0.013314646110721794,-0.004461881754140081,-0.008409250175192713,0.0064517021355069565,0.007595987164828677,-0.01751927119831815,-0.008409250175192713,-0.008409250175192713,-0.008409250175192713,-0.008409250175192713,-0.016818500350385426,-0.008409250175192713,-0.02242466713384723,-0.007865230701139675
S8_D6 hbo,-0.01692047377326565,0.009499447086880636,-0.01015228426395939,0.0044233049549009425,-0.015554844984478462,-0.010998307952622674,-0.01015228426395939,-0.0006528371770787508,0.001885233888911094,0.01892295188989701,-0.0013816166380217695,-0.0103614586247785,-0.010998307952622674,-0.011844331641285956,-0.0006528371770787508,0.023815233755679018,0.0008047217448072796,0.007807399709554071,-0.031302876480541454,0.0028485018052946433,0.027928107971275165,-0.005377246625897648,0.0195851153123626,0.04090357994590778,0.026796967637928507,0.019768975578560295,-0.010998307952622674,0.0010392102002478101,-0.005662363270581025,0.012623739291471814,-0.011844331641285956,-0.011844331641285956,0.02606818817698549,0.014223856535699533,0.044237046511318066,0.010814447686424984,-0.017766497461928935,0.0012483845610669238,-0.015228426395939087,0.0016001172442277195,-0.010998307952622674,0.0044233049549009425,-0.0014988608657420383,-0.014382402707275803,-0.010998307952622674,-0.010998307952622674,-0.010998307952622674,-0.010998307952622674,-0.014382402707275803,-0.010998307952622674,-0.014382402707275803,-0.0009379538217621271
S8_D8 hbo,-0.012063328691651026,-0.0016750418760469012,-0.01708845431979173,-0.013738370567697927,-0.01708845431979173,-0.01876349619583863,-0.008375209380234505,-0.020100502512562814,-0.023450586264656615,0.04516558697099958,-0.01541341244374483,-0.01708845431979173,-0.02043853807188553,-0.011725293132328308,-0.018425460636515914,0.04951464148049485,-0.021775544388609715,-0.023450586264656615,-0.021775544388609715,0.05085164779721903,0.024742184819680737,0.04014046134285887,0.035791406833363605,0.0521886541139432,0.060886763132933744,0.04014046134285887,-0.023450586264656615,-0.018425460636515914,-0.020100502512562814,0.026417226695727637,0.0030120481927710845,-0.013738370567697927,0.06423684688502754,0.0568757441827612,0.03277935864059252,0.026417226695727637,-0.010388286815604126,-0.011725293132328308,-0.01708845431979173,0.005332889346330045,-0.021775544388609715,-0.023450586264656615,-0.021775544388609715,-0.023450586264656615,-0.02043853807188553,-0.02043853807188553,-0.022113579947932435,-0.023450586264656615,-0.01876349619583863,-0.021775544388609715,-0.01876349619583863,0.019056123993461283
S8_D15 hbo,-0.015410958904109588,-0.0017123287671232876,-0.016063640272744026,-0.017123287671232876,-0.02054794520547945,-0.02226027397260274,-0.008561643835616438,-0.02054794520547945,-0.02226027397260274,0.07427513975059893,-0.018835616438356163,-0.02054794520547945,-0.017775969039867313,-0.011986301369863013,-0.018835616438356163,0.03220406658885681,-0.02226027397260274,-0.02226027397260274,-0.02226027397260274,0.039460347687204377,0.027067080287486944,0.028779409054610232,0.02152312795626267,0.05568523865102279,0.05845721481663493,0.06465384851649364,-0.017775969039867313,-0.018835616438356163,-0.02054794520547945,0.027067080287486944,0.0,-0.01263898273849745,0.05568523865102279,0.0618818723508815,0.039460347687204377,0.040519995085693226,-0.009214325204250876,-0.011986301369863013,-0.02054794520547945,0.013614165489280669,-0.02226027397260274,-0.02226027397260274,-0.02226027397260274,-0.017775969039867313,-0.017775969039867313,-0.017775969039867313,-0.017775969039867313,-0.02226027397260274,-0.02226027397260274,-0.02226027397260274,-0.017775969039867313,-0.007095030407273172
S9_D2 hbo,-0.01507537688442211,-0.0016750418760469012,0.007936880665007279,-0.01675041876046901,-0.020100502512562814,-0.021775544388609715,-0.008375209380234505,-0.020100502512562814,-0.023450586264656615,-0.01507537688442211,-0.018425460636515914,-0.020100502512562814,-0.014104791872133251,-0.011725293132328308,-0.018425460636515914,-0.01675041876046901,-0.021775544388609715,-0.023450586264656615,-0.021775544388609715,-0.018425460636515914,-0.023450586264656615,0.007936880665007279,-0.018425460636515914,-0.020100502512562814,-0.023450586264656615,-0.020100502512562814,0.09804474083814713,-0.018425460636515914,0.026628469450054006,-0.021775544388609715,0.0,-0.0074046243679456464,-0.020100502512562814,-0.00907966624399255,-0.018425460636515914,-0.021775544388609715,0.014637048169194884,-0.011725293132328308,-0.020100502512562814,0.09037398832167065,0.08102819392914729,-0.023450586264656615,-0.021775544388609715,0.09804474083814713,-0.0047589974796098874,0.08869894644562376,-0.015779833748180157,0.08869894644562376,0.08102819392914729,-0.021775544388609715,-0.003083955603562987,-0.01075470812003945
S9_D9 hbo,-0.015951744797992065,0.034359970852562545,-0.00943405392275929,0.017161363452352033,0.016915229536069956,-0.00943405392275929,-0.010242085661080074,0.019462391709173348,0.038962027366205174,-0.0111731843575419,0.02735001214476561,-0.009610557849566836,-0.00943405392275929,-0.012104283054003724,0.01169783823172213,0.011943972148004214,0.024679783013521174,0.046410816937899765,-0.027371063071816047,-0.0260707635009311,0.014491134321107605,-0.008363695247348393,0.016915229536069956,0.0003319569265646527,-0.0111731843575419,-0.0111731843575419,-0.0111731843575419,0.03349850214557525,-0.002477532183628856,-0.00943405392275929,-0.010365152619221114,0.01677596955712088,-0.00943405392275929,-0.02246943567322484,0.019323131730224274,-0.0111731843575419,-0.016882843494453893,0.002370658246295846,-0.014089547405068415,-0.00943405392275929,-0.0111731843575419,0.020077726499878552,0.017038296494210993,-0.0111731843575419,-0.00943405392275929,-0.00943405392275929,-0.00943405392275929,-0.0111731843575419,-0.00943405392275929,-0.0111731843575419,-0.00943405392275929,-0.00943405392275929
S9_D11 hbo,-0.010332950631458095,0.00045924225028702755,0.020068886337543054,0.0039035591274397246,0.02622273249138921,0.018920780711825486,-0.0057405281285878304,0.0016073478760045938,-0.01290470723306544,-0.010332950631458095,0.00275545350172216,0.03237657864523537,0.018920780711825486,-0.008036739380022962,0.00275545350172216,-0.013318025258323766,0.012766934557979335,0.0005970149253731322,-0.014925373134328358,-0.04133180252583238,0.00045924225028702755,0.007761194029850746,-0.025947187141216993,-0.0029850746268656712,-0.014925373134328358,-0.013777267508610792,0.00661308840413318,0.00275545350172216,0.03866819747416762,0.018920780711825486,0.033846153846153845,0.010884041331802524,-0.013777267508610792,-0.012629161882893225,0.03044776119402985,-0.015568312284730199,0.015430539609644087,0.007347876004592423,-0.013777267508610792,0.01584385763490241,0.037382319173363945,-0.025947187141216993,-0.022502870264064292,0.0009184845005740551,-0.014925373134328358,0.00045924225028702755,-0.014925373134328358,0.009690011481056257,0.019380022962112515,-0.014925373134328358,-0.03903559127439724,-0.03559127439724455
S10_D9 hbo,-0.012165305910767999,-0.001607717041800643,0.01757375494539689,-0.011468875487130853,0.013661890438158464,0.020574332834471826,-0.008038585209003215,-0.01929260450160772,-0.013291448723457852,0.015484463674485456,-0.014684309570732142,0.012965460014521313,0.01896661579267118,-0.011254019292604502,-0.017684887459807074,0.02078918902899818,-0.02090032154340836,0.005141731000044454,-0.02090032154340836,0.01687732452175975,0.009750025930920028,0.01757375494539689,0.009964882125446384,0.015269607479959105,0.01205417339635782,0.010661312549083524,-0.022508038585209004,-0.017684887459807074,0.006053017618207951,0.04340095129432336,0.041474654377880185,0.014358320861795604,0.01114288677819432,0.019181471987197534,0.037614651710699845,0.02979092269622298,0.014788033250848313,-0.011254019292604502,-0.014684309570732142,-0.0070754367507816305,-0.00889800998710863,-0.022508038585209004,-0.02090032154340836,-0.028938906752411574,-0.021811608161571856,-0.017899743654333427,-0.017899743654333427,-0.028938906752411574,-0.00016299435446826688,-0.02090032154340836,-0.01859617407797057,-0.003163572243543203
S10_D10 hbo,-0.04674327343735331,-0.06004618937644342,0.06097560975609756,-0.021893013387408698,0.03501755571828236,0.07723577235772358,-0.04157043879907621,-0.03233256351039261,-0.0022155879757411873,-0.023094688221709007,-0.0242024822095796,0.03557145271221765,0.06910569105691057,-0.04157043879907621,-0.03464203233256351,-0.0172740757430669,-0.03695150115473441,0.030858634221446142,-0.03464203233256351,-0.018475750577367205,-0.023094688221709007,-0.0242024822095796,-0.03926096997690531,-0.03695150115473441,0.0,0.0,0.0,-0.03464203233256351,0.044715447154471545,0.06097560975609756,0.06421449895792261,0.1016260162601626,0.0040650406504065045,-0.009791772282618901,0.036585365853658534,0.032520325203252036,-0.010711804577630074,-0.053117782909930716,-0.031130888676092303,0.0040650406504065045,0.025591918736739334,-0.013856812933025405,-0.03233256351039261,0.0,0.0040650406504065045,0.012195121951219513,0.008130081300813009,0.0,0.036585365853658534,-0.0023094688221709007,0.0040650406504065045,-0.0011077939878705936
S10_D12 hbo,-0.009766681153025713,1.3269947218785827e-05,0.024194431266649635,-0.00867854548108535,0.06684735911462912,0.026639419041710757,-0.0018942849654815502,0.0046345290661606395,0.022850849110747664,-0.012211668928086838,0.022837579163528878,0.021749443491588513,0.026639419041710757,-0.009497964721845319,-0.014925373134328358,-0.022247066512292947,0.014414480166405138,0.039965763536175536,0.0046345290661606395,-0.028493894165535955,-0.014925373134328358,0.03641937014195526,-0.021158930840352582,-0.017639077340569877,-0.014925373134328358,-0.014925373134328358,-0.010035397584206109,0.016859467941466262,-0.0015990286398635846,0.015233899407165106,0.06356968215158924,0.05710721785604097,-0.02604890639047483,-0.010035397584206109,0.007079516841221765,-0.008933991965046958,0.01848503647576742,-0.009497964721845319,-0.010035397584206109,-0.012480385359267234,-0.010290844068167718,-0.028493894165535955,-0.023603918615413708,-0.04097427952480319,-0.008947261912265744,-0.007590409809144984,-0.007590409809144984,-0.025780189959294438,0.0002952563256179673,-0.014925373134328358,-0.021158930840352582,-0.021158930840352582
S11_D9 hbo,-0.011051332538339943,-0.001557632398753894,-0.015724229734601622,-0.009641605886648733,-0.017281862133355516,-0.014314503082910414,-0.00778816199376947,-0.018691588785046728,-0.020249221183800622,0.04236113036967192,-0.01275687068415652,-0.01275687068415652,-0.014314503082910414,-0.010903426791277258,-0.017133956386292833,0.04970557512225335,-0.020249221183800622,-0.020249221183800622,-0.020249221183800622,0.048147942723499454,0.02722852362332104,0.04362295127430045,0.03627850652171903,0.052525028425635764,0.059869473178217184,0.037688233173410246,-0.020249221183800622,-0.017133956386292833,-0.018691588785046728,0.02255562642705936,0.005934718100890208,-0.031300553722140564,0.04585078158943214,0.057050019874834754,0.033311147471273936,0.02722852362332104,-0.009493700139586048,-0.010903426791277258,-0.01275687068415652,0.006457010270205312,-0.037383177570093455,-0.020249221183800622,-0.020249221183800622,-0.037383177570093455,-0.01883949453210941,-0.014314503082910414,-0.014314503082910414,-0.03271028037383177,-0.017281862133355516,-0.020249221183800622,-0.017281862133355516,0.019884078870739622
S11_D11 hbo,-0.00853529591808342,-0.013856812933025405,-0.004820668354712152,-0.02168952948050864,-0.028165780906536077,-0.007832716547483236,-0.005773672055427252,-0.03117782909930716,-0.03117782909930716,0.04683630596288155,-0.02399899830267954,-0.02053479506942319,-0.004820668354712152,-0.008083140877598153,-0.03002309468822171,0.028360555385514342,-0.03117782909930716,-0.025404157043879907,-0.03002309468822171,0.028360555385514342,0.01701494198503019,0.02605108656334344,0.015157628203344556,0.03809927933442778,0.05843234369348062,0.043372102729625196,-0.007832716547483236,-0.03002309468822171,-0.013856812933025405,0.03433595815131195,0.0014051587412003677,-0.005523247725312335,0.05843234369348062,0.04643284454214086,0.03850274075516848,0.03433595815131195,-0.0036659339436267008,-0.010392609699769052,-0.007832716547483236,0.013251620801914355,-0.013856812933025405,-0.03002309468822171,-0.028868360277136258,-0.01084476474025432,-0.004820668354712152,-0.004820668354712152,-0.004820668354712152,-0.013856812933025405,-0.01084476474025432,-0.013856812933025405,-0.004820668354712152,0.019275717187456527
S11_D12 hbo,-0.0145634908078347,0.02336539779978694,-0.006597474923266778,0.00880190699195224,0.006716134544188845,-0.006597474923266778,-0.008912655971479501,0.0037575546625320394,0.0037575546625320394,0.006146568363762931,0.007019375797656342,0.006716134544188845,-0.006597474923266778,-0.012477718360071301,0.005540085856827939,0.029511966163549872,0.0037575546625320394,0.014112584248330857,-0.0213903743315508,0.004060795915999536,0.02446761383412967,0.0007989747808752334,0.023291565146768764,0.02890548365661488,0.0037575546625320394,0.0007989747808752334,-0.0213903743315508,0.005540085856827939,-0.002159605100781569,0.014112584248330857,0.014792899408284023,-0.0030324125346749796,0.005236844603360442,0.007019375797656342,0.03956375449588119,0.014112584248330857,-0.003905219968568383,0.0037944709890411245,-0.019911084390722398,-0.009556054804923582,-0.01399392462740879,0.0037575546625320394,0.0037575546625320394,-0.0213903743315508,-0.019911084390722398,-0.019911084390722398,-0.019911084390722398,-0.0213903743315508,-0.009556054804923582,-0.0213903743315508,-0.019911084390722398,-0.012514634686580386
S11_D13 hbo,-0.010526315789473684,-0.014035087719298246,0.013572274243891938,-0.011695906432748537,0.010504789581315252,0.009335198938040398,-0.005847953216374269,-0.014035087719298246,-0.03859649122807018,0.03855343881175331,-0.012865497076023392,0.010504789581315252,0.01123309295734223,-0.008187134502923977,-0.012865497076023392,0.007570049869048905,-0.0152046783625731,-0.024869945825709467,-0.0152046783625731,0.003178703404728589,0.020435546945072294,0.022774728231622,-0.009091235245578162,0.030366304308829334,0.032705485595379044,0.03504466688192875,-0.013306784343271268,-0.012865497076023392,-0.01595450794675851,0.04614501488896064,0.024539877300613498,0.0042155490976931095,0.03504466688192875,0.039281742187780286,0.05155168083808704,0.026548990062067235,0.009048182829261293,-0.008187134502923977,-0.014035087719298246,0.009335198938040398,-0.0029347397122663505,-0.03859649122807018,-0.03391812865497076,-0.028511462705844367,-0.013306784343271268,-0.013306784343271268,-0.013306784343271268,-0.016374269005847954,-0.007326086176586661,-0.0152046783625731,-0.03202023463566892,-0.019309008718114307
S12_D10 hbo,-0.031604930127211356,-0.03044496487119438,0.06457872920583611,-0.015200492572923881,0.027053028553836685,0.05518905784433377,-0.026932084309133488,-0.02576112412177986,4.397972534661565e-05,-0.02224824355971897,-0.016371452760277513,0.024700113247792765,0.05988389352508494,-0.02927400468384075,-0.026932084309133488,-0.012858572198216622,-0.02810304449648712,0.03994458554606327,-0.026932084309133488,-0.01873536299765808,-0.02107728337236534,-0.016371452760277513,-0.02927400468384075,-0.02810304449648712,-0.01053864168618267,-0.01053864168618267,-0.0011489703246803217,-0.026932084309133488,0.03640971512132907,0.05049422216358259,0.03645369484667568,0.05049422216358259,-0.0058438060054314955,-0.007003771261448473,0.027020043759826723,0.02232520807907555,0.03764664489670262,-0.0351288056206089,-0.02105529350969203,-0.0058438060054314955,0.02350716319776583,-0.01639344262295082,-0.02576112412177986,-0.0058438060054314955,0.003545865356070852,0.003545865356070852,0.003545865356070852,-0.01053864168618267,0.031714879440577895,-0.0117096018735363,0.003545865356070852,-0.0011379753933436678
S12_D12 hbo,-0.010928143712574848,0.015893213572854288,-0.005414171656686627,0.02724550898203593,-0.0019211576846307407,-0.005414171656686627,-0.028268463073852296,0.021881237524950095,0.029066866267465068,-0.02155688622754491,0.026047904191616768,0.012974051896207584,-0.005414171656686627,-0.03832335329341317,0.012300399201596805,0.029640718562874254,0.019486027944111774,0.03146207584830339,-0.025149700598802394,-0.016766467065868262,0.026671656686626743,-0.01978542914171657,0.018288423153692612,0.019486027944111774,-0.009580838323353293,-0.009580838323353293,-0.009580838323353293,0.020683632734530936,0.011252495009980039,-0.005414171656686627,-0.024575848303393214,-0.005414171656686627,-0.005414171656686627,-0.010204590818363272,0.03625249500998004,-0.009580838323353293,-0.03415668662674651,0.002045908183632733,-0.025773453093812376,-0.005414171656686627,-0.013173652694610778,0.03146207584830339,0.021881237524950095,-0.009580838323353293,-0.005414171656686627,-0.005414171656686627,-0.005414171656686627,-0.009580838323353293,-0.005414171656686627,-0.010778443113772455,-0.005414171656686627,-0.010204590818363272
S12_D14 hbo,-0.013855582200905943,-0.022781774580335732,0.02264854782840394,0.01905142552624567,-0.0018651745270450333,0.03996802557953637,-0.027577937649880094,-0.02158273381294964,-0.015587529976019185,-0.0042632560618172145,0.016653343991473484,0.01905142552624567,0.03996802557953637,-0.02997601918465228,-0.02158273381294964,0.02144950706101785,-0.025179856115107913,-0.015587529976019185,-0.023980815347721823,-0.013189448441247002,-0.017985611510791366,0.015454303224087394,-0.023980815347721823,-0.023980815347721823,-0.015587529976019185,-0.014388489208633094,0.0029309885424993326,-0.02158273381294964,-0.014388489208633094,0.0029309885424993326,0.03397282174260591,0.025046629363176122,0.004130029309885423,0.02384758859579003,-0.013189448441247002,-0.015587529976019185,0.005861977084998665,-0.02997601918465228,0.0010658140154543028,0.0029309885424993326,-0.019184652278177457,-0.015587529976019185,-0.022781774580335732,0.0029309885424993326,0.02144950706101785,0.058486544098054885,0.03996802557953637,-0.015587529976019185,0.0029309885424993326,0.001731947775113242,0.03996802557953637,0.036370903277378096
S13_D6 hbo,-0.010916570722529557,-0.0016778523489932886,-0.01595012776950942,-0.008410322653112803,-0.01595012776950942,-0.013443879700092668,-0.008389261744966443,-0.020134228187919462,-0.02348993288590604,0.018372132206340736,-0.010088175002106093,-0.011766027351099379,-0.015121732049085958,-0.01174496644295302,-0.018456375838926176,0.004141978602117322,-0.02181208053691275,-0.02348993288590604,-0.02181208053691275,0.0024641262531240327,-0.010937631630675916,0.03007497683300104,-0.014272275420516133,0.01333857515936087,0.00998287046137429,0.01333857515936087,0.02671927213501446,-0.018456375838926176,0.017522675577770916,-0.0050756788632725855,0.008368200836820083,-0.012594423071522844,0.017522675577770916,0.019200527926764202,0.0024641262531240327,0.003292521973547499,-0.009238718373536268,-0.01174496644295302,-0.011766027351099379,0.0827904299233383,0.04094942573923788,-0.02348993288590604,-0.02181208053691275,0.047639774227064675,-0.019305832467496,0.039271573390244584,-0.015121732049085958,0.04345567380865462,0.03676532532082784,-0.02181208053691275,-0.01762798011850271,-0.011766027351099379
S13_D11 hbo,-0.018731988472622477,-0.007204610951008645,0.020844526937918235,-0.01440922190201729,0.015166316612123285,0.015166316612123285,-0.012968299711815562,-0.01729106628242075,-0.011698334391637767,-0.012968299711815562,-0.01729106628242075,0.012369950666731792,0.017962682557514778,-0.01585014409221902,-0.01585014409221902,-0.01440922190201729,-0.018731988472622477,0.013725394421921555,-0.018731988472622477,-0.01585014409221902,-0.020172910662824207,0.008132662531138573,-0.01585014409221902,-0.01729106628242075,-0.020172910662824207,-0.01729106628242075,0.034911835099887656,-0.01585014409221902,0.05050554388707078,0.010843550041518098,0.028134616323938846,0.006435305035900944,-0.03170028818443804,-0.011612855956625801,0.013810872856933522,0.006691740340936846,0.020844526937918235,-0.01585014409221902,-0.023054755043227664,0.04482733356127583,0.05007815171201094,-0.020172910662824207,-0.018731988472622477,0.0317735554144483,-0.017376544717432718,0.03067454696429444,-0.015935622527230988,0.027621745713867045,0.06601377423924193,-0.020172910662824207,-0.014494700337029258,-0.018817466907634445
S13_D13 hbo,-0.008396305625524769,0.046372471648955145,-0.010075566750629723,0.03778878066183068,0.011664738759580979,-0.0109151973131822,-0.0041981528127623844,0.035269888974173255,0.02230246159500978,-0.007556675062972292,0.021088060309257917,1.8017823230770391e-06,-0.011754827875734676,-0.005877413937867338,0.04469321052385019,0.017916923420647705,0.02584656742449631,0.02491504596346706,-0.022670025188916875,-0.041981528127623846,0.042174318836192756,-0.022670025188916875,0.022396154275809627,0.016889907496495535,-0.011754827875734676,-0.010075566750629723,-0.011754827875734676,0.033963596789944615,-0.020336717080536068,-0.0109151973131822,-0.0033585222502099076,-0.016792611251049538,-0.010075566750629723,-0.020990764063811923,0.027244750507201723,-0.028547439126784216,-0.009235936188077247,0.016048475151619983,-0.010075566750629723,-0.0109151973131822,-0.0109151973131822,0.02071689315070467,0.02491504596346706,-0.022670025188916875,-0.011754827875734676,-0.011754827875734676,-0.012594458438287154,-0.011754827875734676,-0.022670025188916875,-0.0109151973131822,-0.02938706968933669,-0.02686817800167926
S13_D15 hbo,-0.01347305389221557,0.04508143476360888,-0.008982035928143712,0.02930234206143925,0.012026243371245672,-0.009730538922155689,-0.0074850299401197605,0.03372249583672891,0.02820985248438035,-0.008233532934131737,0.020664292716342465,-0.003955107536406478,-0.010479041916167664,-0.008982035928143712,0.038415772006283294,0.015627029963741157,0.02508444649163212,0.02943373607813958,-0.02619760479041916,-0.0374251497005988,0.038415772006283294,-0.019531942033093577,0.026641982307574197,0.011004617982968975,-0.010479041916167664,-0.008982035928143712,-0.010479041916167664,0.03249861224296968,-0.01558716885755117,-0.009730538922155689,-0.008982035928143712,-0.009052900116925913,-0.008982035928143712,-0.019461077844311378,0.025297039057978712,-0.023203592814371257,-0.014221556886227544,0.008971701567279642,-0.011976047904191617,-0.009730538922155689,-0.009730538922155689,0.022970331526296517,0.023921092725791022,-0.020209580838323353,-0.010479041916167664,-0.010479041916167664,-0.010479041916167664,-0.010479041916167664,-0.020209580838323353,-0.009730538922155689,-0.02619760479041916,-0.023952095808383235
S14_D12 hbo,-0.010739856801909307,-0.011933174224343675,-0.00023530202695888972,-0.011933174224343675,-0.015513126491646777,-0.015513126491646777,-0.0059665871121718375,-0.014319809069212411,-0.029832935560859187,-0.010739856801909307,-0.014319809069212411,-0.014319809069212411,-0.009664190392954384,-0.008353221957040573,-0.013126491646778043,-0.027446300715990454,-0.015513126491646777,-0.032219570405727926,-0.015513126491646777,-0.028639618138424822,-0.016706443914081145,0.049060472620928434,-0.028639618138424822,-0.01909307875894988,-0.016706443914081145,-0.014319809069212411,0.0818851053816935,-0.013126491646778043,0.040589599650408426,-0.01909307875894988,0.0,-0.031143903996773,-0.026252983293556086,-0.006084238125651282,-0.013126491646778043,-0.031026252983293555,0.004537967662778581,-0.008353221957040573,-0.014319809069212411,0.1112474368886349,0.07699418467847659,-0.032219570405727926,-0.031026252983293555,0.09669232579246362,-0.003815254294261992,0.0818851053816935,-0.010857507815388752,0.08642307304447208,0.06768294732596054,-0.015513126491646777,-0.01694174594104003,-0.022790682039732425
S14_D13 hbo,0.003175250524353296,-0.0016313213703099511,0.051852714984852014,0.019401072011186203,-0.0033500349568865093,0.014507107900256347,-0.008156606851549755,-0.01957585644371941,-0.022838499184339316,-0.01468189233278956,0.0161384292705663,0.0161384292705663,0.030732929387089252,-0.011419249592169658,-0.01794453507340946,0.019401072011186203,-0.021207177814029365,-0.022838499184339316,-0.021207177814029365,-0.01794453507340946,-0.022838499184339316,0.0161384292705663,-0.01794453507340946,-0.01957585644371941,-0.022838499184339316,-0.01957585644371941,0.012875786529946396,-0.01794453507340946,-0.01957585644371941,-0.006612677697506411,0.03571428571428571,0.0161384292705663,-0.00498135632719646,0.017769750640876252,-0.01794453507340946,-0.021207177814029365,0.05837800046609182,-0.011419249592169658,0.0161384292705663,-0.0033500349568865093,-0.024469820554649267,-0.022838499184339316,-0.021207177814029365,-0.008243999067816362,0.0291016080167793,0.04695875087392216,0.0291016080167793,-0.026101141924959218,-0.0033500349568865093,-0.021207177814029365,0.0323642507573992,0.03399557212770916
S14_D14 hbo,-0.00769722604760968,-0.0016722408026755853,0.001991933897304742,-0.002016525673814676,-0.012713948455636436,0.00031969309462915804,-0.008361204013377926,-0.020066889632107024,-0.023411371237458192,-0.015050167224080268,-0.0036887664764902635,-0.005361007279165848,-0.0013525477080464261,-0.011705685618729096,-0.01839464882943144,-0.002016525673814676,-0.021739130434782608,-0.023411371237458192,-0.021739130434782608,-0.01839464882943144,-0.023411371237458192,0.001991933897304742,-0.01839464882943144,-0.020066889632107024,-0.023411371237458192,-0.020066889632107024,0.05747098170371828,-0.01839464882943144,0.001991933897304742,-0.01438618925831202,0.022058823529411766,0.005336415502655914,-0.012713948455636436,-0.0036887664764902635,-0.01839464882943144,-0.021739130434782608,0.008680897108007084,-0.011705685618729096,-0.005361007279165848,0.06649616368286446,0.04443734015345269,-0.023411371237458192,-0.021739130434782608,0.06482392288018887,-0.0013525477080464261,0.10726932913633681,-0.0030247885107220138,0.06482392288018887,0.05179028132992328,-0.021739130434782608,0.00031969309462915804,0.001991933897304742
S14_D16 hbo,0.002806975633062588,-0.0016722408026755853,0.033504538939321545,0.01899187768752986,-0.0022097467749641678,0.03183229813664596,-0.008361204013377926,-0.020066889632107024,-0.023411371237458192,-0.015050167224080268,0.017319636884854273,0.01564739608217869,0.030160057333970376,-0.011705685618729096,-0.01839464882943144,0.01899187768752986,-0.021739130434782608,-0.023411371237458192,-0.021739130434782608,-0.01839464882943144,-0.023411371237458192,0.01564739608217869,-0.01839464882943144,-0.020066889632107024,-0.023411371237458192,-0.020066889632107024,0.01230291447682752,-0.01839464882943144,-0.020066889632107024,-0.003881987577639752,0.05357142857142857,0.01899187768752986,-0.0022097467749641678,0.017319636884854273,-0.01839464882943144,-0.021739130434782608,0.04019350215002389,-0.011705685618729096,0.01564739608217869,-0.003881987577639752,-0.021739130434782608,-0.023411371237458192,-0.021739130434782608,-0.005554228380315336,0.030160057333970376,0.04634495938843765,0.02848781653129479,-0.023411371237458192,-0.003881987577639752,-0.021739130434782608,0.03183229813664596,0.033504538939321545
S15_D13 hbo,-0.013910355486862442,-0.0015455950540958269,-0.009775210824588518,-0.015455950540958269,-0.02009273570324575,-0.02009273570324575,-0.0077279752704791345,-0.01854714064914992,-0.021638330757341576,-0.013910355486862442,-0.01854714064914992,-0.01854714064914992,-0.012866400932780173,-0.010819165378670788,-0.017001545595054096,-0.015455950540958269,-0.02009273570324575,-0.021638330757341576,-0.02009273570324575,-0.017001545595054096,-0.021638330757341576,0.01654057864909569,-0.017001545595054096,-0.01854714064914992,-0.021638330757341576,-0.01854714064914992,0.09239675696195666,-0.017001545595054096,0.0340844382982185,-0.02472952086553323,0.0,-0.020594376203259306,-0.03245749613601236,-0.008229615770492693,-0.017001545595054096,-0.02009273570324575,-0.003592830608205212,-0.010819165378670788,-0.01854714064914992,0.10271428184061389,0.07126006670462864,-0.021638330757341576,-0.02009273570324575,0.09603026112421703,-0.014411995986876001,0.10116868678651807,-0.014411995986876001,0.09757585617831285,0.08517042219149108,-0.02009273570324575,-0.011320805878684347,-0.009775210824588518
S15_D15 hbo,-0.007472585779978776,-0.015151515151515152,0.023758990685060724,-0.004844161458947451,0.019867940101403136,0.02249636442243446,-0.006313131313131313,-0.015151515151515152,-0.025252525252525252,-0.011363636363636364,-0.006106787721573713,0.023758990685060724,0.025124788743465788,-0.008838383838383838,-0.013888888888888888,-0.016207797822583813,-0.016414141414141416,-0.006853555005305975,-0.016414141414141416,-0.03282828282828283,-0.017676767676767676,0.008194788350430374,-0.03156565656565657,-0.020202020202020204,-0.017676767676767676,-0.015151515151515152,0.03290688991078096,-0.013888888888888888,0.020383799080297138,0.018605313838776873,0.038910505836575876,0.017445859371929412,-0.011260464567857564,-0.006106787721573713,0.017239515780371813,0.000825374366230397,0.021027394568250597,-0.008838383838383838,-0.007369413984199977,0.03806056675706481,0.049733718508037573,-0.03787878787878788,-0.036616161616161616,0.025434304130802186,-0.009894666509452501,0.03679794049443855,-0.006003615925794913,0.03290688991078096,0.041204850056990136,-0.016414141414141416,-0.030096686711472705,-0.024943009865188853
S15_D16 hbo,-0.017828200972447326,-0.004862236628849271,0.02600559893914837,-0.01620745542949757,-0.019448946515397084,-0.02106969205834684,-0.011345218800648298,-0.019448946515397084,-0.022690437601296597,0.167231471931634,-0.017828200972447326,-0.019448946515397084,0.02276410785324886,-0.014586709886547812,-0.017828200972447326,-0.01620745542949757,-0.02106969205834684,-0.022690437601296597,-0.02106969205834684,-0.017828200972447326,-0.022690437601296597,-0.019448946515397084,-0.017828200972447326,-0.019448946515397084,-0.022690437601296597,-0.019448946515397084,0.02276410785324886,-0.017828200972447326,-0.019448946515397084,-0.02106969205834684,-0.0032414910858995136,0.029247090025047887,-0.019448946515397084,0.02762634448209813,-0.017828200972447326,-0.02106969205834684,0.029247090025047887,-0.014586709886547812,-0.022690437601296597,-0.02106969205834684,-0.024311183144246355,-0.022690437601296597,-0.02106969205834684,0.02276410785324886,0.02276410785324886,0.02276410785324886,0.02276410785324886,-0.022690437601296597,-0.02106969205834684,0.11367319876233975,0.160748489759835,0.02276410785324886
S16_D14 hbo,0.005215123859191657,-0.014689265536723164,0.047979139504563235,0.019469795740982183,0.0018252933507170808,0.016079965232507605,-0.005649717514124294,-0.013559322033898305,-0.031638418079096044,0.051368970013037814,0.018339852238157324,0.017209908735332465,0.030334637114298135,-0.007909604519774011,-0.012429378531073447,0.002520643198609302,-0.014689265536723164,-0.03954802259887006,-0.014689265536723164,-0.0384180790960452,-0.015819209039548022,0.017209908735332465,-0.03728813559322034,-0.01807909604519774,-0.015819209039548022,-0.013559322033898305,0.014950021729682749,-0.012429378531073447,-0.03954802259887006,0.0006953498478922213,0.03076923076923077,0.008170360712733596,0.0018252933507170808,0.018339852238157324,-0.012429378531073447,-0.03615819209039548,0.05249891351586267,-0.007909604519774011,0.017209908735332465,0.0006953498478922213,-0.014689265536723164,-0.04293785310734463,-0.03954802259887006,-0.015123859191655802,0.030334637114298135,0.030334637114298135,0.030334637114298135,-0.015819209039548022,-0.018513689700130377,0.03146458061712299,0.04823989569752282,0.005475880052151244
S16_D16 hbo,-0.010449260950377726,-0.01958650707290533,0.00020825632188097194,-0.0013120148278501186,-0.008272982386721577,0.00020825632188097194,-0.01088139281828074,-0.013057671381936888,-0.02720348204570185,0.009345502444408578,-0.0024001541096781917,-0.0034882933915062666,0.00020825632188097194,-0.013057671381936888,-0.011969532100108813,0.06370560886338907,-0.014145810663764961,-0.03482045701849837,-0.014145810663764961,0.03216518891451599,0.024131701297957525,0.04914328555586216,0.02368395020591344,0.030436661442903926,0.052839835269249395,0.006081084598924355,-0.00457643267333434,-0.011969532100108813,-0.035908596300326445,0.024131701297957525,0.008913370576505562,-0.007408718650915547,0.053927974551077465,0.04544673584247492,0.021523290866398363,-0.008720733478765667,0.00020825632188097194,-0.013057671381936888,-0.008928989800646636,-0.00936112166854965,-0.017410228509249184,-0.03808487486398259,-0.03808487486398259,-0.02350693233231461,0.00020825632188097194,0.004992945317096282,0.00020825632188097194,-0.014145810663764961,-0.02785948945962691,-0.015233949945593036,-0.028083365005648953,0.035413987535859136
