,bankssts-lh,bankssts-rh,caudalanteriorcingulate-lh,caudalanteriorcingulate-rh,caudalmiddlefrontal-lh,caudalmiddlefrontal-rh,cuneus-lh,cuneus-rh,entorhinal-lh,entorhinal-rh,frontalpole-lh,frontalpole-rh,fusiform-lh,fusiform-rh,inferiorparietal-lh,inferiorparietal-rh,inferiortemporal-lh,inferiortemporal-rh,insula-lh,insula-rh,isthmuscingulate-lh,isthmuscingulate-rh,lateraloccipital-lh,lateraloccipital-rh,lateralorbitofrontal-lh,lateralorbitofrontal-rh,lingual-lh,lingual-rh,medialorbitofrontal-lh,medialorbitofrontal-rh,middletemporal-lh,middletemporal-rh,paracentral-lh,paracentral-rh,parahippocampal-lh,parahippocampal-rh,parsopercularis-lh,parsopercularis-rh,parsorbitalis-lh,parsorbitalis-rh,parstriangularis-lh,parstriangularis-rh,pericalcarine-lh,pericalcarine-rh,postcentral-lh,postcentral-rh,posteriorcingulate-lh,posteriorcingulate-rh,precentral-lh,precentral-rh,precuneus-lh,precuneus-rh,rostralanteriorcingulate-lh,rostralanteriorcingulate-rh,rostralmiddlefrontal-lh,rostralmiddlefrontal-rh,superiorfrontal-lh,superiorfrontal-rh,superiorparietal-lh,superiorparietal-rh,superiortemporal-lh,superiortemporal-rh,supramarginal-lh,supramarginal-rh,temporalpole-lh,temporalpole-rh,transversetemporal-lh,transversetemporal-rh
bankssts-lh,0.09430438842203548,0.029878618113912233,0.03454715219421102,0.025210084033613446,0.0,0.026143790849673203,0.009337068160597572,0.0,0.029878618113912233,0.0,0.0,0.0056022408963585435,0.022408963585434174,0.004668534080298786,0.01027077497665733,0.0028011204481792717,0.029878618113912233,0.0,0.014005602240896359,0.004668534080298786,0.032679738562091505,0.026143790849673203,0.0009337068160597573,0.0056022408963585435,0.018674136321195144,0.0,0.026143790849673203,0.0,0.013071895424836602,0.004668534080298786,0.03734827264239029,0.009337068160597572,0.0,0.0,0.02427637721755369,0.0,0.0,0.026143790849673203,0.0,0.01027077497665733,0.0,0.02427637721755369,0.011204481792717087,0.008403361344537815,0.0018674136321195146,0.014939309056956116,0.04855275443510738,0.008403361344537815,0.0056022408963585435,0.007469654528478058,0.040149393090569564,0.012138188608776844,0.01680672268907563,0.0,0.0,0.03361344537815126,0.004668534080298786,0.03734827264239029,0.004668534080298786,0.03734827264239029,0.014005602240896359,0.017740429505135387,0.01027077497665733,0.0018674136321195146,0.004668534080298786,0.022408963585434174,0.025210084033613446,0.007469654528478058
bankssts-rh,0.04416403785488959,0.09884332281808622,0.03680336487907466,0.031545741324921134,0.0,0.025236593059936908,0.024185068349106203,0.0,0.013669821240799159,0.0,0.0010515247108307045,0.0,0.02103049421661409,0.005257623554153523,0.004206098843322818,0.0,0.010515247108307046,0.005257623554153523,0.012618296529968454,0.019978969505783387,0.05152471083070452,0.013669821240799159,0.027339642481598318,0.0,0.008412197686645636,0.04206098843322818,0.013669821240799159,0.0,0.0,0.023133543638275498,0.024185068349106203,0.002103049421661409,0.0,0.0,0.052576235541535225,0.0,0.0,0.0,0.0,0.024185068349106203,0.0,0.0031545741324921135,0.028391167192429023,0.0,0.011566771819137749,0.011566771819137749,0.050473186119873815,0.024185068349106203,0.0,0.019978969505783387,0.028391167192429023,0.01892744479495268,0.0,0.0,0.0,0.0,0.0,0.00946372239747634,0.0,0.002103049421661409,0.025236593059936908,0.00946372239747634,0.0,0.01892744479495268,0.04416403785488959,0.002103049421661409,0.027339642481598318,0.027339642481598318
caudalanteriorcingulate-lh,0.019077901430842606,0.028616852146263912,0.09141494435612083,0.05087440381558029,0.0,0.011128775834658187,0.00397456279809221,0.008744038155802861,0.0,0.0,0.000794912559618442,0.001589825119236884,0.014308426073131956,0.0,0.028616852146263912,0.009538950715421303,0.021462639109697933,0.0,0.01589825119236884,0.03179650238473768,0.04213036565977742,0.00397456279809221,0.021462639109697933,0.006359300476947536,0.01192368839427663,0.03259141494435612,0.038950715421303655,0.0,0.0,0.014308426073131956,0.04848966613672496,0.0047694753577106515,0.0,0.0,0.04213036565977742,0.0,0.001589825119236884,0.01987281399046105,0.0,0.033386327503974564,0.0,0.010333863275039745,0.00397456279809221,0.0,0.000794912559618442,0.006359300476947536,0.008744038155802861,0.003179650238473768,0.0,0.008744038155802861,0.031001589825119236,0.000794912559618442,0.005564387917329093,0.0,0.0,0.018282988871224166,0.0,0.023052464228934817,0.0,0.02702702702702703,0.04213036565977742,0.005564387917329093,0.01192368839427663,0.01589825119236884,0.037360890302066775,0.025437201907790145,0.05405405405405406,0.0
caudalanteriorcingulate-rh,0.024154589371980676,0.018357487922705314,0.050241545893719805,0.0927536231884058,0.0,0.024154589371980676,0.01352657004830918,0.004830917874396135,0.01352657004830918,0.0,0.00676328502415459,0.0,0.001932367149758454,0.0,0.00966183574879227,0.008695652173913044,0.057971014492753624,0.0,0.018357487922705314,0.022222222222222223,0.043478260869565216,0.007729468599033816,0.021256038647342997,0.0,0.03671497584541063,0.034782608695652174,0.015458937198067632,0.0,0.000966183574879227,0.04734299516908213,0.05410628019323672,0.002898550724637681,0.0,0.0,0.02995169082125604,0.0,0.0,0.018357487922705314,0.0,0.008695652173913044,0.0,0.03285024154589372,0.022222222222222223,0.00966183574879227,0.010628019323671498,0.0,0.007729468599033816,0.00676328502415459,0.004830917874396135,0.001932367149758454,0.00676328502415459,0.000966183574879227,0.000966183574879227,0.0,0.0,0.011594202898550725,0.0,0.02318840579710145,0.007729468599033816,0.025120772946859903,0.024154589371980676,0.002898550724637681,0.00966183574879227,0.014492753623188406,0.02318840579710145,0.011594202898550725,0.05217391304347826,0.0
caudalmiddlefrontal-lh,0.0,0.0,0.0,0.0,0.0,0.0,0.0,0.0,0.0,0.0,0.0,0.0,0.0,0.0,0.0,0.0,0.0,0.0,0.0,0.0,0.0,0.0,0.0,0.0,0.0,0.0,0.0,0.0,0.0,0.0,0.0,0.0,0.0,0.0,0.0,0.0,0.0,0.0,0.0,0.0,0.0,0.0,0.0,0.0,0.0,0.0,0.0,0.0,0.0,0.0,0.0,0.0,0.0,0.0,0.0,0.0,0.0,0.0,0.0,0.0,0.0,0.0,0.0,0.0,0.0,0.0,0.0,0.0
caudalmiddlefrontal-rh,0.06288032454361055,0.030425963488843813,0.038539553752535496,0.060851926977687626,0.0,0.10953346855983773,0.0,0.0,0.018255578093306288,0.0,0.006085192697768763,0.0,0.0,0.0,0.006085192697768763,0.002028397565922921,0.04665314401622718,0.0,0.02231237322515213,0.0,0.04665314401622718,0.006085192697768763,0.0,0.0,0.032454361054766734,0.014198782961460446,0.0,0.0,0.002028397565922921,0.02636916835699797,0.05070993914807302,0.014198782961460446,0.0,0.0,0.006085192697768763,0.0,0.0,0.010141987829614604,0.008113590263691683,0.0,0.0,0.04259634888438134,0.0,0.0,0.012170385395537525,0.02231237322515213,0.060851926977687626,0.0,0.006085192697768763,0.006085192697768763,0.02434077079107505,0.010141987829614604,0.002028397565922921,0.0,0.0,0.002028397565922921,0.0,0.06896551724137931,0.0,0.032454361054766734,0.008113590263691683,0.016227180527383367,0.010141987829614604,0.004056795131845842,0.002028397565922921,0.0,0.04665314401622718,0.002028397565922921
cuneus-lh,0.047058823529411764,0.06588235294117648,0.007058823529411765,0.02823529411764706,0.0,0.002352941176470588,0.11529411764705882,0.002352941176470588,0.018823529411764704,0.0,0.0,0.0,0.04941176470588235,0.007058823529411765,0.009411764705882352,0.004705882352941176,0.023529411764705882,0.01647058823529412,0.0,0.018823529411764704,0.04,0.007058823529411765,0.06352941176470588,0.0,0.0,0.007058823529411765,0.0,0.007058823529411765,0.0,0.01411764705882353,0.0,0.0,0.0,0.0,0.03529411764705882,0.0,0.0,0.0,0.0,0.0,0.0,0.0,0.09411764705882353,0.03529411764705882,0.0,0.002352941176470588,0.04470588235294118,0.04941176470588235,0.0,0.007058823529411765,0.01647058823529412,0.03529411764705882,0.0,0.0,0.0,0.0,0.0,0.0,0.0,0.0,0.011764705882352941,0.002352941176470588,0.0,0.04,0.002352941176470588,0.007058823529411765,0.002352941176470588,0.058823529411764705
cuneus-rh,0.0,0.0,0.08196721311475409,0.05737704918032787,0.0,0.0,0.040983606557377046,0.30327868852459017,0.0,0.0,0.0,0.0,0.01639344262295082,0.0,0.040983606557377046,0.0,0.0,0.0,0.0,0.0,0.0,0.0,0.0,0.03278688524590164,0.0,0.01639344262295082,0.03278688524590164,0.0,0.0,0.0,0.0,0.0,0.0,0.0,0.06557377049180328,0.0,0.01639344262295082,0.0,0.0,0.040983606557377046,0.0,0.0,0.02459016393442623,0.14754098360655737,0.0,0.0,0.02459016393442623,0.0,0.0,0.0,0.02459016393442623,0.0,0.0,0.0,0.0,0.0,0.0,0.0,0.0,0.0,0.0,0.0,0.0,0.00819672131147541,0.02459016393442623,0.0,0.0,0.0
entorhinal-lh,0.06456953642384106,0.024834437086092714,0.004966887417218543,0.011589403973509934,0.0,0.008278145695364239,0.013245033112582781,0.0,0.08609271523178808,0.0,0.0016556291390728477,0.006622516556291391,0.052980132450331126,0.0,0.011589403973509934,0.0,0.04304635761589404,0.0,0.0,0.0033112582781456954,0.0016556291390728477,0.04304635761589404,0.018211920529801324,0.008278145695364239,0.0380794701986755,0.0016556291390728477,0.014900662251655629,0.0,0.023178807947019868,0.018211920529801324,0.018211920529801324,0.0,0.0,0.0,0.006622516556291391,0.0,0.0,0.03642384105960265,0.0,0.011589403973509934,0.0,0.041390728476821195,0.023178807947019868,0.0,0.004966887417218543,0.0033112582781456954,0.0380794701986755,0.023178807947019868,0.016556291390728478,0.006622516556291391,0.006622516556291391,0.009933774834437087,0.026490066225165563,0.0,0.0,0.057947019867549666,0.011589403973509934,0.024834437086092714,0.008278145695364239,0.033112582781456956,0.018211920529801324,0.0,0.008278145695364239,0.0,0.0033112582781456954,0.024834437086092714,0.013245033112582781,0.023178807947019868
entorhinal-rh,0.0,0.0,0.0,0.0,0.0,0.0,0.0,0.0,0.0,0.0,0.0,0.0,0.0,0.0,0.0,0.0,0.0,0.0,0.0,0.0,0.0,0.0,0.0,0.0,0.0,0.0,0.0,0.0,0.0,0.0,0.0,0.0,0.0,0.0,0.0,0.0,0.0,0.0,0.0,0.0,0.0,0.0,0.0,0.0,0.0,0.0,0.0,0.0,0.0,0.0,0.0,0.0,0.0,0.0,0.0,0.0,0.0,0.0,0.0,0.0,0.0,0.0,0.0,0.0,0.0,0.0,0.0,0.0
frontalpole-lh,0.043478260869565216,0.0,0.0,0.15217391304347827,0.0,0.06521739130434782,0.0,0.0,0.06521739130434782,0.0,0.10869565217391304,0.0,0.0,0.0,0.0,0.0,0.08695652173913043,0.0,0.0,0.0,0.0,0.0,0.0,0.0,0.06521739130434782,0.08695652173913043,0.0,0.0,0.0,0.15217391304347827,0.0,0.0,0.0,0.0,0.0,0.0,0.0,0.0,0.0,0.0,0.0,0.10869565217391304,0.0,0.0,0.06521739130434782,0.0,0.0,0.0,0.0,0.0,0.0,0.0,0.0,0.0,0.0,0.0,0.0,0.0,0.0,0.0,0.0,0.0,0.0,0.0,0.0,0.0,0.0,0.0
frontalpole-rh,0.03361344537815126,0.0,0.03361344537815126,0.0,0.0,0.0,0.0,0.0,0.01680672268907563,0.0,0.0,0.06722689075630252,0.05042016806722689,0.0,0.0,0.0,0.0,0.0,0.0,0.03361344537815126,0.008403361344537815,0.0,0.0,0.0,0.0,0.0,0.05042016806722689,0.0,0.01680672268907563,0.0,0.0,0.0,0.0,0.0,0.0,0.0,0.0,0.07563025210084033,0.0,0.08403361344537816,0.0,0.008403361344537815,0.0,0.0,0.0,0.06722689075630252,0.0,0.0,0.0,0.03361344537815126,0.03361344537815126,0.0,0.025210084033613446,0.0,0.0,0.08403361344537816,0.0,0.08403361344537816,0.0,0.058823529411764705,0.05042016806722689,0.0,0.0,0.025210084033613446,0.01680672268907563,0.04201680672268908,0.0,0.0
fusiform-lh,0.02706027060270603,0.04059040590405904,0.02952029520295203,0.0,0.0,0.0012300123001230013,0.03198031980319803,0.004920049200492005,0.03198031980319803,0.0,0.0,0.007380073800738007,0.08856088560885608,0.0,0.03690036900369004,0.0036900369003690036,0.006150061500615006,0.008610086100861008,0.0,0.03075030750307503,0.023370233702337023,0.01968019680196802,0.04059040590405904,0.017220172201722016,0.004920049200492005,0.0036900369003690036,0.04797047970479705,0.007380073800738007,0.01107011070110701,0.0,0.0,0.0,0.0,0.0,0.015990159901599015,0.0,0.004920049200492005,0.01845018450184502,0.0,0.03075030750307503,0.0,0.0036900369003690036,0.03936039360393604,0.0,0.004920049200492005,0.008610086100861008,0.038130381303813035,0.02952029520295203,0.0024600246002460025,0.006150061500615006,0.02706027060270603,0.02214022140221402,0.020910209102091022,0.0,0.0,0.02214022140221402,0.0036900369003690036,0.01107011070110701,0.0,0.020910209102091022,0.03198031980319803,0.0012300123001230013,0.006150061500615006,0.007380073800738007,0.017220172201722016,0.03567035670356704,0.0036900369003690036,0.04059040590405904
fusiform-rh,0.13513513513513514,0.13513513513513514,0.0,0.0,0.0,0.0,0.02702702702702703,0.0,0.0,0.0,0.0,0.0,0.0,0.10810810810810811,0.0,0.0,0.0,0.0,0.0,0.0,0.0,0.0,0.0,0.0,0.0,0.0,0.02702702702702703,0.0,0.0,0.0,0.0,0.0,0.0,0.0,0.13513513513513514,0.0,0.0,0.0,0.0,0.0,0.0,0.0,0.0,0.0,0.0,0.0,0.13513513513513514,0.08108108108108109,0.0,0.0,0.13513513513513514,0.0,0.0,0.0,0.0,0.0,0.0,0.0,0.0,0.0,0.0,0.08108108108108109,0.0,0.0,0.0,0.0,0.0,0.0
inferiorparietal-lh,0.012477718360071301,0.017825311942959002,0.0748663101604278,0.023172905525846704,0.0,0.0017825311942959,0.0106951871657754,0.0106951871657754,0.0071301247771836,0.0,0.0,0.0,0.044563279857397504,0.0,0.08377896613190731,0.016042780748663103,0.023172905525846704,0.0071301247771836,0.016042780748663103,0.0338680926916221,0.026737967914438502,0.0035650623885918,0.0338680926916221,0.0213903743315508,0.017825311942959002,0.0213903743315508,0.06417112299465241,0.0,0.0071301247771836,0.0017825311942959,0.017825311942959002,0.0017825311942959,0.0,0.0,0.0285204991087344,0.0,0.0071301247771836,0.016042780748663103,0.0,0.0392156862745098,0.0,0.008912655971479501,0.012477718360071301,0.0,0.0,0.0,0.017825311942959002,0.0071301247771836,0.0017825311942959,0.0,0.0392156862745098,0.0035650623885918,0.0196078431372549,0.0,0.0,0.0106951871657754,0.0035650623885918,0.008912655971479501,0.0,0.023172905525846704,0.026737967914438502,0.0017825311942959,0.017825311942959002,0.0035650623885918,0.0285204991087344,0.044563279857397504,0.0213903743315508,0.0071301247771836
inferiorparietal-rh,0.0,0.0,0.038910505836575876,0.027237354085603113,0.0,0.0,0.01556420233463035,0.0,0.0,0.0,0.0,0.0,0.023346303501945526,0.0,0.042801556420233464,0.08171206225680934,0.038910505836575876,0.0038910505836575876,0.03501945525291829,0.07782101167315175,0.06614785992217899,0.007782101167315175,0.054474708171206226,0.0,0.03501945525291829,0.0,0.04669260700389105,0.019455252918287938,0.0,0.0,0.04669260700389105,0.0038910505836575876,0.0,0.0,0.0,0.0,0.0,0.019455252918287938,0.0,0.0,0.0,0.011673151750972763,0.03501945525291829,0.0,0.0,0.0,0.0,0.0038910505836575876,0.0,0.0,0.0,0.011673151750972763,0.0,0.0,0.0,0.0,0.0,0.011673151750972763,0.0,0.011673151750972763,0.023346303501945526,0.0038910505836575876,0.054474708171206226,0.019455252918287938,0.0,0.06614785992217899,0.04669260700389105,0.01556420233463035
inferiortemporal-lh,0.038751345532831,0.008611410118406888,0.023681377825618945,0.04951560818083961,0.0,0.02045209903121636,0.00968783638320775,0.0,0.04090419806243272,0.0,0.0032292787944025836,0.0,0.016146393972012917,0.0,0.012917115177610334,0.008611410118406888,0.08719052744886975,0.0,0.012917115177610334,0.0193756727664155,0.022604951560818085,0.022604951560818085,0.017222820236813777,0.004305705059203444,0.05166846071044134,0.012917115177610334,0.016146393972012917,0.0,0.00968783638320775,0.031216361679224973,0.04305705059203445,0.001076426264800861,0.0,0.0,0.006458557588805167,0.0,0.0,0.030139935414424113,0.0,0.0,0.0,0.04843918191603875,0.022604951560818085,0.010764262648008612,0.008611410118406888,0.0,0.017222820236813777,0.011840688912809472,0.016146393972012917,0.002152852529601722,0.005382131324004306,0.0,0.00968783638320775,0.0,0.0,0.03229278794402583,0.007534983853606028,0.02583423035522067,0.010764262648008612,0.02798708288482239,0.022604951560818085,0.001076426264800861,0.012917115177610334,0.00968783638320775,0.005382131324004306,0.021528525296017224,0.04628632938643703,0.002152852529601722
inferiortemporal-rh,0.03125,0.109375,0.0,0.0,0.0,0.0,0.109375,0.0,0.0,0.0,0.0,0.0,0.078125,0.015625,0.03125,0.0,0.0,0.09375,0.0,0.03125,0.015625,0.0,0.078125,0.0,0.0,0.0,0.0,0.0,0.0,0.0,0.0,0.0,0.0,0.0,0.015625,0.0,0.0,0.0,0.0,0.0,0.0,0.0,0.09375,0.0,0.0,0.0,0.046875,0.109375,0.0,0.0,0.03125,0.015625,0.0,0.0,0.0,0.0,0.0,0.0,0.0,0.0,0.0,0.0,0.0,0.0,0.0,0.0,0.0,0.09375
insula-lh,0.026252983293556086,0.016706443914081145,0.05250596658711217,0.05489260143198091,0.0,0.026252983293556086,0.0,0.0,0.00477326968973747,0.0,0.0,0.0,0.0,0.0,0.026252983293556086,0.026252983293556086,0.045346062052505964,0.0,0.06205250596658711,0.031026252983293555,0.06205250596658711,0.007159904534606206,0.00954653937947494,0.0,0.045346062052505964,0.016706443914081145,0.028639618138424822,0.0,0.0,0.01909307875894988,0.07398568019093078,0.01909307875894988,0.0,0.0,0.00954653937947494,0.0,0.0,0.021479713603818614,0.0,0.00477326968973747,0.0,0.028639618138424822,0.00477326968973747,0.0,0.0,0.014319809069212411,0.021479713603818614,0.0,0.0,0.0,0.016706443914081145,0.002386634844868735,0.0,0.0,0.0,0.0,0.0,0.031026252983293555,0.002386634844868735,0.021479713603818614,0.014319809069212411,0.01909307875894988,0.03818615751789976,0.0,0.011933174224343675,0.026252983293556086,0.057279236276849645,0.0
insula-rh,0.0013717421124828531,0.038408779149519894,0.04663923182441701,0.02880658436213992,0.0,0.0,0.019204389574759947,0.0,0.006858710562414266,0.0,0.0,0.0027434842249657062,0.039780521262002745,0.0,0.0205761316872428,0.02194787379972565,0.023319615912208505,0.0054869684499314125,0.015089163237311385,0.07818930041152264,0.05898491083676269,0.00411522633744856,0.053497942386831275,0.0,0.013717421124828532,0.023319615912208505,0.0411522633744856,0.01646090534979424,0.0,0.010973936899862825,0.027434842249657063,0.0,0.0,0.0,0.027434842249657063,0.0,0.0,0.015089163237311385,0.0,0.03017832647462277,0.0,0.0027434842249657062,0.03017832647462277,0.0,0.0,0.006858710562414266,0.0,0.019204389574759947,0.0,0.006858710562414266,0.013717421124828532,0.009602194787379973,0.0013717421124828531,0.0,0.0,0.006858710562414266,0.0,0.00823045267489712,0.0,0.015089163237311385,0.05212620027434842,0.0,0.01646090534979424,0.013717421124828532,0.03155006858710562,0.04252400548696845,0.03429355281207133,0.01783264746227709
isthmuscingulate-lh,0.02930728241563055,0.04262877442273535,0.046181172291296625,0.04706927175843695,0.0,0.022202486678507993,0.015097690941385435,0.0,0.0008880994671403197,0.0,0.0,0.0,0.013321492007104795,0.0,0.015097690941385435,0.016873889875666074,0.02930728241563055,0.0026642984014209592,0.02486678507992895,0.035523978685612786,0.08259325044404973,0.006216696269982238,0.02930728241563055,0.0,0.021314387211367674,0.03285968028419183,0.015985790408525755,0.009769094138543518,0.0,0.022202486678507993,0.04085257548845471,0.007104795737122558,0.0,0.0,0.028419182948490232,0.0,0.0,0.006216696269982238,0.0,0.018650088809946713,0.0,0.013321492007104795,0.03019538188277087,0.006216696269982238,0.003552397868561279,0.010657193605683837,0.018650088809946713,0.004440497335701598,0.0,0.013321492007104795,0.011545293072824156,0.015985790408525755,0.0,0.0,0.0,0.0008880994671403197,0.0,0.020426287744227355,0.004440497335701598,0.013321492007104795,0.016873889875666074,0.007104795737122558,0.017761989342806393,0.02486678507992895,0.03374777975133215,0.018650088809946713,0.03818827708703375,0.013321492007104795
isthmuscingulate-rh,0.05476673427991886,0.02231237322515213,0.010141987829614604,0.010141987829614604,0.0,0.008113590263691683,0.002028397565922921,0.0,0.0486815415821501,0.0,0.0,0.0,0.034482758620689655,0.0,0.012170385395537525,0.012170385395537525,0.036511156186612576,0.0,0.012170385395537525,0.012170385395537525,0.02434077079107505,0.07910750507099391,0.014198782961460446,0.014198782961460446,0.038539553752535496,0.0,0.032454361054766734,0.010141987829614604,0.014198782961460446,0.008113590263691683,0.038539553752535496,0.010141987829614604,0.0,0.0,0.012170385395537525,0.0,0.0,0.016227180527383367,0.0,0.0,0.0,0.018255578093306288,0.02434077079107505,0.002028397565922921,0.008113590263691683,0.008113590263691683,0.060851926977687626,0.010141987829614604,0.014198782961460446,0.012170385395537525,0.018255578093306288,0.016227180527383367,0.014198782961460446,0.0,0.0,0.034482758620689655,0.014198782961460446,0.004056795131845842,0.014198782961460446,0.008113590263691683,0.006085192697768763,0.018255578093306288,0.02434077079107505,0.0,0.008113590263691683,0.032454361054766734,0.02028397565922921,0.02028397565922921
lateraloccipital-lh,0.011347517730496455,0.0524822695035461,0.02695035460992908,0.029787234042553193,0.0,0.0028368794326241137,0.04822695035460993,0.0,0.019858156028368795,0.0,0.0,0.0,0.05106382978723404,0.0,0.018439716312056736,0.014184397163120567,0.019858156028368795,0.009929078014184398,0.0028368794326241137,0.04539007092198582,0.04822695035460993,0.009929078014184398,0.09929078014184398,0.0,0.0028368794326241137,0.02127659574468085,0.02127659574468085,0.015602836879432624,0.0,0.01702127659574468,0.011347517730496455,0.0,0.0,0.0,0.029787234042553193,0.0,0.0,0.0028368794326241137,0.0,0.011347517730496455,0.0,0.0,0.06524822695035461,0.0028368794326241137,0.014184397163120567,0.0,0.02127659574468085,0.04113475177304964,0.0,0.0,0.00851063829787234,0.02127659574468085,0.0,0.0,0.0,0.00425531914893617,0.0,0.0,0.0,0.0028368794326241137,0.03546099290780142,0.0,0.009929078014184398,0.015602836879432624,0.024113475177304965,0.031205673758865248,0.015602836879432624,0.0425531914893617
lateraloccipital-rh,0.012048192771084338,0.0,0.08433734939759036,0.006024096385542169,0.0,0.0,0.0,0.04819277108433735,0.018072289156626505,0.0,0.0,0.0,0.10240963855421686,0.0,0.0963855421686747,0.0,0.012048192771084338,0.0,0.0,0.0,0.0,0.030120481927710843,0.0,0.20481927710843373,0.018072289156626505,0.0,0.09036144578313253,0.0,0.0,0.0,0.0,0.0,0.0,0.0,0.018072289156626505,0.0,0.024096385542168676,0.0,0.0,0.03614457831325301,0.0,0.0,0.0,0.0,0.0,0.0,0.10843373493975904,0.0,0.0,0.0,0.018072289156626505,0.0,0.006024096385542169,0.0,0.0,0.018072289156626505,0.0,0.0,0.0,0.0,0.0,0.0,0.030120481927710843,0.0,0.006024096385542169,0.012048192771084338,0.0,0.0
lateralorbitofrontal-lh,0.03333333333333333,0.006349206349206349,0.022222222222222223,0.047619047619047616,0.0,0.020634920634920634,0.0,0.0,0.047619047619047616,0.0,0.004761904761904762,0.0,0.014285714285714285,0.0,0.022222222222222223,0.014285714285714285,0.07936507936507936,0.0,0.022222222222222223,0.01904761904761905,0.022222222222222223,0.03333333333333333,0.009523809523809525,0.007936507936507936,0.0761904761904762,0.01746031746031746,0.022222222222222223,0.0,0.012698412698412698,0.03650793650793651,0.050793650793650794,0.0015873015873015873,0.0,0.0,0.004761904761904762,0.0,0.0,0.020634920634920634,0.0,0.0,0.0,0.046031746031746035,0.011111111111111112,0.0015873015873015873,0.006349206349206349,0.0,0.025396825396825397,0.0015873015873015873,0.015873015873015872,0.0,0.0031746031746031746,0.0,0.012698412698412698,0.0,0.0,0.031746031746031744,0.011111111111111112,0.009523809523809525,0.014285714285714285,0.020634920634920634,0.011111111111111112,0.0015873015873015873,0.023809523809523808,0.0031746031746031746,0.006349206349206349,0.026984126984126985,0.046031746031746035,0.0
lateralorbitofrontal-rh,0.0016863406408094434,0.05733558178752108,0.05564924114671164,0.0775716694772344,0.0,0.01854974704890388,0.008431703204047217,0.0,0.008431703204047217,0.0,0.011804384485666104,0.0,0.0,0.0,0.01011804384485666,0.0,0.03204047217537943,0.0,0.011804384485666104,0.021922428330522766,0.05733558178752108,0.0016863406408094434,0.025295109612141653,0.0,0.02866779089376054,0.1045531197301855,0.006745362563237774,0.0,0.0,0.07082630691399663,0.03204047217537943,0.0,0.0,0.0,0.06239460370994941,0.0,0.0,0.0,0.0,0.03541315345699832,0.0,0.021922428330522766,0.011804384485666104,0.0,0.021922428330522766,0.0016863406408094434,0.0,0.0,0.0016863406408094434,0.01517706576728499,0.01011804384485666,0.0016863406408094434,0.0,0.0,0.0,0.0,0.0,0.0,0.00505902192242833,0.0,0.021922428330522766,0.0,0.0,0.03372681281618887,0.07082630691399663,0.003372681281618887,0.0387858347386172,0.0
lingual-lh,0.022988505747126436,0.01839080459770115,0.06666666666666667,0.01954022988505747,0.0,0.0,0.0,0.005747126436781609,0.008045977011494253,0.0,0.0,0.004597701149425287,0.041379310344827586,0.0,0.041379310344827586,0.016091954022988506,0.014942528735632184,0.0,0.01264367816091954,0.047126436781609195,0.03218390804597701,0.013793103448275862,0.027586206896551724,0.01264367816091954,0.01264367816091954,0.013793103448275862,0.0839080459770115,0.010344827586206896,0.005747126436781609,0.0011494252873563218,0.03333333333333333,0.0034482758620689655,0.0,0.0,0.03103448275862069,0.0,0.004597701149425287,0.02413793103448276,0.0,0.03793103448275862,0.0,0.0022988505747126436,0.005747126436781609,0.0,0.0,0.006896551724137931,0.01839080459770115,0.006896551724137931,0.0011494252873563218,0.0034482758620689655,0.04482758620689655,0.0,0.014942528735632184,0.0,0.0,0.014942528735632184,0.0022988505747126436,0.009195402298850575,0.0,0.022988505747126436,0.04367816091954023,0.008045977011494253,0.016091954022988506,0.004597701149425287,0.022988505747126436,0.054022988505747126,0.028735632183908046,0.0
lingual-rh,0.0,0.007352941176470588,0.0,0.0,0.0,0.0,0.051470588235294115,0.0,0.0,0.0,0.0,0.0,0.07352941176470588,0.0,0.0,0.051470588235294115,0.0,0.0,0.0,0.08823529411764706,0.11029411764705882,0.022058823529411766,0.10294117647058823,0.0,0.0,0.0,0.04411764705882353,0.09558823529411764,0.0,0.0,0.022058823529411766,0.0,0.0,0.0,0.0,0.0,0.0,0.0,0.0,0.0,0.0,0.0,0.08088235294117647,0.0,0.0,0.0,0.0,0.0,0.0,0.0,0.0,0.04411764705882353,0.0,0.0,0.0,0.0,0.0,0.0,0.0,0.0,0.0,0.0,0.03676470588235294,0.022058823529411766,0.0,0.08823529411764706,0.007352941176470588,0.051470588235294115
medialorbitofrontal-lh,0.0748663101604278,0.0,0.016042780748663103,0.0,0.0,0.0,0.0,0.0,0.06417112299465241,0.0,0.0,0.0213903743315508,0.06417112299465241,0.0,0.03208556149732621,0.0,0.026737967914438502,0.0,0.0,0.0053475935828877,0.0,0.0213903743315508,0.0,0.0,0.0213903743315508,0.0,0.0481283422459893,0.0,0.06417112299465241,0.0053475935828877,0.0,0.0,0.0,0.0,0.0,0.0,0.0,0.06951871657754011,0.0,0.0213903743315508,0.0,0.03208556149732621,0.0,0.0,0.0,0.0053475935828877,0.0106951871657754,0.0,0.016042780748663103,0.0,0.0213903743315508,0.0,0.0748663101604278,0.0,0.0,0.0748663101604278,0.016042780748663103,0.03208556149732621,0.0,0.06417112299465241,0.0213903743315508,0.0,0.0,0.0,0.0,0.0748663101604278,0.0,0.0
medialorbitofrontal-rh,0.02119460500963391,0.02697495183044316,0.015414258188824663,0.08285163776493257,0.0,0.025048169556840076,0.011560693641618497,0.0,0.03275529865125241,0.0,0.01348747591522158,0.0,0.0,0.0,0.0,0.0,0.07514450867052024,0.0,0.011560693641618497,0.007707129094412331,0.036608863198458574,0.015414258188824663,0.019267822736030827,0.0,0.05202312138728324,0.057803468208092484,0.0,0.0,0.005780346820809248,0.10404624277456648,0.038535645472061654,0.0,0.0,0.0,0.04046242774566474,0.0,0.0,0.007707129094412331,0.0,0.007707129094412331,0.0,0.057803468208092484,0.025048169556840076,0.0019267822736030828,0.028901734104046242,0.0,0.007707129094412331,0.0038535645472061657,0.017341040462427744,0.007707129094412331,0.0,0.0019267822736030828,0.005780346820809248,0.0,0.0,0.01348747591522158,0.0019267822736030828,0.007707129094412331,0.011560693641618497,0.005780346820809248,0.005780346820809248,0.0,0.0,0.019267822736030827,0.03275529865125241,0.0038535645472061657,0.030828516377649325,0.0
middletemporal-lh,0.03330068560235064,0.011753183153770812,0.05778648383937316,0.05386875612144956,0.0,0.021547502448579822,0.0,0.0,0.014691478942213516,0.0,0.0,0.0,0.002938295788442703,0.0,0.011753183153770812,0.015670910871694418,0.04897159647404505,0.0,0.025465230166503428,0.022526934378060724,0.03819784524975514,0.022526934378060724,0.011753183153770812,0.0019588638589618022,0.03721841332027424,0.014691478942213516,0.030362389813907934,0.004897159647404506,0.0019588638589618022,0.021547502448579822,0.08521057786483839,0.0068560235063663075,0.0,0.0,0.019588638589618023,0.0,0.0,0.019588638589618023,0.0,0.0019588638589618022,0.0,0.02742409402546523,0.009794319294809012,0.0,0.0019588638589618022,0.0039177277179236044,0.02056807051909892,0.002938295788442703,0.0068560235063663075,0.0019588638589618022,0.019588638589618023,0.0009794319294809011,0.0019588638589618022,0.0,0.0,0.025465230166503428,0.0039177277179236044,0.02644466209598433,0.007835455435847209,0.025465230166503428,0.029382957884427033,0.009794319294809012,0.02056807051909892,0.0039177277179236044,0.011753183153770812,0.023506366307541625,0.07541625857002938,0.0
middletemporal-rh,0.04794520547945205,0.0,0.0547945205479452,0.0410958904109589,0.0,0.0410958904109589,0.0,0.0,0.0,0.0,0.0,0.0,0.0,0.0,0.0273972602739726,0.0273972602739726,0.02054794520547945,0.0,0.0684931506849315,0.0136986301369863,0.0684931506849315,0.00684931506849315,0.0,0.0,0.03424657534246575,0.0,0.02054794520547945,0.0,0.0,0.0,0.06164383561643835,0.0547945205479452,0.0,0.0,0.0,0.0,0.0,0.0273972602739726,0.0,0.0,0.0,0.0273972602739726,0.0,0.0,0.0,0.0273972602739726,0.03424657534246575,0.0,0.0,0.00684931506849315,0.04794520547945205,0.0,0.0,0.0,0.0,0.0,0.0,0.04794520547945205,0.0,0.02054794520547945,0.0,0.0547945205479452,0.0547945205479452,0.0,0.0,0.02054794520547945,0.0410958904109589,0.0
paracentral-lh,0.0,0.0,0.0,0.0,0.0,0.0,0.0,0.0,0.0,0.0,0.0,0.0,0.0,0.0,0.0,0.0,0.0,0.0,0.0,0.0,0.0,0.0,0.0,0.0,0.0,0.0,0.0,0.0,0.0,0.0,0.0,0.0,0.0,0.0,0.0,0.0,0.0,0.0,0.0,0.0,0.0,0.0,0.0,0.0,0.0,0.0,0.0,0.0,0.0,0.0,0.0,0.0,0.0,0.0,0.0,0.0,0.0,0.0,0.0,0.0,0.0,0.0,0.0,0.0,0.0,0.0,0.0,0.0
paracentral-rh,0.0,0.0,0.0,0.0,0.0,0.0,0.0,0.0,0.0,0.0,0.0,0.0,0.0,0.0,0.0,0.0,0.0,0.0,0.0,0.0,0.0,0.0,0.0,0.0,0.0,0.0,0.0,0.0,0.0,0.0,0.0,0.0,0.0,0.0,0.0,0.0,0.0,0.0,0.0,0.0,0.0,0.0,0.0,0.0,0.0,0.0,0.0,0.0,0.0,0.0,0.0,0.0,0.0,0.0,0.0,0.0,0.0,0.0,0.0,0.0,0.0,0.0,0.0,0.0,0.0,0.0,0.0,0.0
parahippocampal-lh,0.03350515463917526,0.059278350515463915,0.05670103092783505,0.05670103092783505,0.0,0.00902061855670103,0.01675257731958763,0.007731958762886598,0.002577319587628866,0.0,0.001288659793814433,0.0,0.006443298969072165,0.005154639175257732,0.01288659793814433,0.0,0.01804123711340206,0.0,0.010309278350515464,0.023195876288659795,0.04768041237113402,0.015463917525773196,0.024484536082474227,0.001288659793814433,0.011597938144329897,0.05412371134020619,0.029639175257731958,0.001288659793814433,0.0,0.03479381443298969,0.03608247422680412,0.002577319587628866,0.0,0.0,0.09149484536082474,0.0,0.0,0.001288659793814433,0.0,0.029639175257731958,0.0,0.003865979381443299,0.01675257731958763,0.002577319587628866,0.005154639175257732,0.003865979381443299,0.019329896907216496,0.011597938144329897,0.0,0.015463917525773196,0.041237113402061855,0.00902061855670103,0.001288659793814433,0.0,0.0,0.0,0.0,0.0,0.002577319587628866,0.001288659793814433,0.029639175257731958,0.014175257731958763,0.001288659793814433,0.020618556701030927,0.05154639175257732,0.011597938144329897,0.029639175257731958,0.006443298969072165
parahippocampal-rh,0.0,0.0,0.0,0.0,0.0,0.0,0.0,0.0,0.0,0.0,0.0,0.0,0.0,0.0,0.0,0.0,0.0,0.0,0.0,0.0,0.0,0.0,0.0,0.0,0.0,0.0,0.0,0.0,0.0,0.0,0.0,0.0,0.0,0.0,0.0,0.0,0.0,0.0,0.0,0.0,0.0,0.0,0.0,0.0,0.0,0.0,0.0,0.0,0.0,0.0,0.0,0.0,0.0,0.0,0.0,0.0,0.0,0.0,0.0,0.0,0.0,0.0,0.0,0.0,0.0,0.0,0.0,0.0
parsopercularis-lh,0.0,0.0,0.1111111111111111,0.0,0.0,0.0,0.0,0.1111111111111111,0.0,0.0,0.0,0.0,0.08333333333333333,0.0,0.1111111111111111,0.0,0.0,0.0,0.0,0.0,0.0,0.0,0.0,0.08333333333333333,0.0,0.0,0.1111111111111111,0.0,0.0,0.0,0.0,0.0,0.0,0.0,0.0,0.0,0.08333333333333333,0.0,0.0,0.1111111111111111,0.0,0.0,0.0,0.0,0.0,0.0,0.1111111111111111,0.0,0.0,0.0,0.05555555555555555,0.0,0.0,0.0,0.0,0.0,0.0,0.0,0.0,0.0,0.0,0.0,0.0,0.0,0.027777777777777776,0.0,0.0,0.0
parsopercularis-rh,0.03171953255425709,0.00333889816360601,0.045075125208681135,0.03005008347245409,0.0,0.00333889816360601,0.0,0.0,0.02671118530884808,0.0,0.0,0.01669449081803005,0.03005008347245409,0.0,0.01669449081803005,0.01001669449081803,0.03171953255425709,0.0,0.011686143572621035,0.028380634390651086,0.015025041736227046,0.00333889816360601,0.00667779632721202,0.0,0.015025041736227046,0.0,0.04340567612687813,0.0,0.015025041736227046,0.0,0.028380634390651086,0.00333889816360601,0.0,0.0,0.001669449081803005,0.0,0.0,0.08681135225375626,0.0,0.03005008347245409,0.0,0.02671118530884808,0.0,0.0,0.0,0.02671118530884808,0.001669449081803005,0.005008347245409015,0.005008347245409015,0.021702838063439065,0.015025041736227046,0.0,0.02003338898163606,0.0,0.0,0.07345575959933222,0.00333889816360601,0.06343906510851419,0.0,0.06010016694490818,0.04340567612687813,0.00333889816360601,0.01001669449081803,0.00667779632721202,0.00667779632721202,0.04006677796327212,0.0333889816360601,0.0
parsorbitalis-lh,0.0,0.0,0.0,0.0,0.0,0.23529411764705882,0.0,0.0,0.0,0.0,0.0,0.0,0.0,0.0,0.0,0.0,0.0,0.0,0.0,0.0,0.0,0.0,0.0,0.0,0.0,0.0,0.0,0.0,0.0,0.0,0.0,0.0,0.0,0.0,0.0,0.0,0.0,0.0,0.35294117647058826,0.0,0.0,0.0,0.0,0.0,0.0,0.0,0.23529411764705882,0.0,0.0,0.0,0.0,0.0,0.0,0.0,0.0,0.0,0.0,0.17647058823529413,0.0,0.0,0.0,0.0,0.0,0.0,0.0,0.0,0.0,0.0
parsorbitalis-rh,0.008156606851549755,0.05057096247960848,0.0734094616639478,0.026101141924959218,0.0,0.0,0.0,0.008156606851549755,0.0032626427406199023,0.0,0.0,0.013050570962479609,0.02773246329526917,0.0,0.02936378466557912,0.0,0.0016313213703099511,0.0,0.0065252854812398045,0.03915171288743882,0.04730831973898858,0.0,0.01794453507340946,0.004893964110929853,0.0016313213703099511,0.053833605220228384,0.04241435562805873,0.0,0.0016313213703099511,0.01468189233278956,0.011419249592169658,0.0,0.0,0.0,0.05057096247960848,0.0,0.004893964110929853,0.01957585644371941,0.0,0.0929853181076672,0.0,0.0,0.0016313213703099511,0.0,0.0,0.024469820554649267,0.0065252854812398045,0.0,0.0,0.026101141924959218,0.037520391517128875,0.0,0.011419249592169658,0.0,0.0,0.022838499184339316,0.0,0.021207177814029365,0.0,0.021207177814029365,0.04241435562805873,0.0,0.0,0.02936378466557912,0.0636215334420881,0.022838499184339316,0.01794453507340946,0.0
parstriangularis-lh,0.0,0.0,0.0,0.0,0.0,0.0,0.0,0.0,0.0,0.0,0.0,0.0,0.0,0.0,0.0,0.0,0.0,0.0,0.0,0.0,0.0,0.0,0.0,0.0,0.0,0.0,0.0,0.0,0.0,0.0,0.0,0.0,0.0,0.0,0.0,0.0,0.0,0.0,0.0,0.0,0.0,0.0,0.0,0.0,0.0,0.0,0.0,0.0,0.0,0.0,0.0,0.0,0.0,0.0,0.0,0.0,0.0,0.0,0.0,0.0,0.0,0.0,0.0,0.0,0.0,0.0,0.0,0.0
parstriangularis-rh,0.04835924006908463,0.0,0.022452504317789293,0.05008635578583765,0.0,0.027633851468048358,0.0,0.0,0.055267702936096716,0.0,0.0051813471502590676,0.0051813471502590676,0.010362694300518135,0.0,0.008635578583765112,0.0051813471502590676,0.07944732297063903,0.0,0.012089810017271158,0.0069084628670120895,0.013816925734024179,0.018998272884283247,0.0,0.0,0.04835924006908463,0.008635578583765112,0.010362694300518135,0.0,0.015544041450777202,0.037996545768566495,0.04317789291882556,0.0034542314335060447,0.0,0.0,0.0,0.0,0.0,0.044905008635578586,0.0,0.0069084628670120895,0.0,0.08635578583765112,0.008635578583765112,0.0,0.008635578583765112,0.0,0.017271157167530225,0.0,0.022452504317789293,0.0051813471502590676,0.010362694300518135,0.0,0.015544041450777202,0.0,0.0,0.04145077720207254,0.0069084628670120895,0.05181347150259067,0.008635578583765112,0.044905008635578586,0.013816925734024179,0.0034542314335060447,0.008635578583765112,0.0,0.0017271157167530224,0.017271157167530225,0.037996545768566495,0.0
pericalcarine-lh,0.039473684210526314,0.05098684210526316,0.0,0.027960526315789474,0.0,0.001644736842105263,0.07236842105263158,0.001644736842105263,0.027960526315789474,0.0,0.0,0.0,0.05098684210526316,0.001644736842105263,0.008223684210526315,0.008223684210526315,0.039473684210526314,0.011513157894736841,0.001644736842105263,0.024671052631578948,0.047697368421052634,0.024671052631578948,0.05592105263157895,0.0,0.01644736842105263,0.004934210526315789,0.0,0.011513157894736841,0.0,0.01644736842105263,0.014802631578947368,0.0,0.0,0.0,0.018092105263157895,0.0,0.0,0.0,0.0,0.0,0.0,0.011513157894736841,0.10197368421052631,0.023026315789473683,0.006578947368421052,0.0,0.04111842105263158,0.039473684210526314,0.001644736842105263,0.006578947368421052,0.003289473684210526,0.03289473684210526,0.0,0.0,0.0,0.004934210526315789,0.001644736842105263,0.0,0.014802631578947368,0.0,0.013157894736842105,0.0,0.003289473684210526,0.02631578947368421,0.011513157894736841,0.014802631578947368,0.009868421052631578,0.05263157894736842
pericalcarine-rh,0.08870967741935484,0.0,0.0,0.04838709677419355,0.0,0.0,0.08870967741935484,0.0967741935483871,0.016129032258064516,0.0,0.0,0.0,0.0,0.0,0.0,0.0,0.08064516129032258,0.0,0.0,0.0,0.04032258064516129,0.024193548387096774,0.0,0.008064516129032258,0.024193548387096774,0.0,0.0,0.0,0.0,0.0,0.008064516129032258,0.0,0.0,0.0,0.0,0.0,0.0,0.0,0.0,0.0,0.0,0.0,0.08870967741935484,0.2661290322580645,0.0,0.0,0.008064516129032258,0.008064516129032258,0.0,0.0,0.0,0.0,0.0,0.0,0.0,0.016129032258064516,0.0,0.0,0.024193548387096774,0.0,0.0,0.0,0.0,0.06451612903225806,0.0,0.0,0.0,0.0
postcentral-lh,0.022727272727272728,0.0625,0.0,0.05113636363636364,0.0,0.05113636363636364,0.0,0.0,0.011363636363636364,0.0,0.017045454545454544,0.0,0.011363636363636364,0.0,0.0,0.0,0.056818181818181816,0.0,0.0,0.0,0.022727272727272728,0.017045454545454544,0.03409090909090909,0.0,0.028409090909090908,0.05113636363636364,0.0,0.0,0.0,0.09659090909090909,0.0,0.0,0.0,0.0,0.011363636363636364,0.0,0.0,0.005681818181818182,0.0,0.0,0.0,0.05113636363636364,0.022727272727272728,0.0,0.14772727272727273,0.0,0.056818181818181816,0.005681818181818182,0.017045454545454544,0.022727272727272728,0.0,0.022727272727272728,0.0,0.0,0.0,0.0,0.0,0.011363636363636364,0.0,0.0,0.0,0.0,0.0,0.011363636363636364,0.03977272727272727,0.0,0.017045454545454544,0.022727272727272728
postcentral-rh,0.04100946372239748,0.03470031545741325,0.0473186119873817,0.00946372239747634,0.0,0.03785488958990536,0.0,0.0,0.0,0.0,0.0,0.01892744479495268,0.015772870662460567,0.0,0.0031545741324921135,0.0,0.006309148264984227,0.0,0.028391167192429023,0.01892744479495268,0.056782334384858045,0.006309148264984227,0.0,0.0,0.0031545741324921135,0.012618296529968454,0.01892744479495268,0.0,0.0,0.0,0.025236593059936908,0.01892744479495268,0.0,0.0,0.00946372239747634,0.0,0.0,0.031545741324921134,0.0,0.05362776025236593,0.0,0.012618296529968454,0.0,0.0,0.0,0.08832807570977919,0.03785488958990536,0.0,0.0,0.0473186119873817,0.03470031545741325,0.012618296529968454,0.0,0.0,0.0,0.04100946372239748,0.0,0.06309148264984227,0.0,0.028391167192429023,0.01892744479495268,0.022082018927444796,0.00946372239747634,0.03785488958990536,0.025236593059936908,0.006309148264984227,0.012618296529968454,0.0031545741324921135
posteriorcingulate-lh,0.07429963459196103,0.05115712545676005,0.028014616321559074,0.015834348355663823,0.0,0.0438489646772229,0.015834348355663823,0.0060901339829476245,0.02192448233861145,0.0,0.0,0.0,0.03288672350791717,0.0060901339829476245,0.02192448233861145,0.0,0.020706455542021926,0.001218026796589525,0.014616321559074299,0.0,0.030450669914738125,0.03288672350791717,0.0060901339829476245,0.0194884287454324,0.018270401948842874,0.001218026796589525,0.029232643118148598,0.0,0.0048721071863581,0.00243605359317905,0.03288672350791717,0.0097442143727162,0.0,0.0,0.023142509135200974,0.0,0.0048721071863581,0.0048721071863581,0.0036540803897685747,0.0097442143727162,0.0,0.014616321559074299,0.01705237515225335,0.0,0.008526187576126675,0.014616321559074299,0.10596833130328867,0.012180267965895249,0.007308160779537149,0.0097442143727162,0.0389768574908648,0.0194884287454324,0.007308160779537149,0.0,0.0,0.014616321559074299,0.008526187576126675,0.030450669914738125,0.0048721071863581,0.013398294762484775,0.0,0.020706455542021926,0.013398294762484775,0.0,0.008526187576126675,0.0097442143727162,0.01705237515225335,0.014616321559074299
posteriorcingulate-rh,0.04892966360856269,0.0856269113149847,0.0061162079510703364,0.01529051987767584,0.0,0.0030581039755351682,0.05504587155963303,0.0,0.045871559633027525,0.0,0.0,0.0,0.07339449541284404,0.01529051987767584,0.0030581039755351682,0.0,0.021406727828746176,0.01529051987767584,0.0,0.024464831804281346,0.012232415902140673,0.027522935779816515,0.0672782874617737,0.0,0.0,0.0,0.012232415902140673,0.0,0.0,0.0,0.0030581039755351682,0.0,0.0,0.0,0.03363914373088685,0.0,0.0,0.0030581039755351682,0.0,0.0,0.0,0.0,0.0672782874617737,0.009174311926605505,0.009174311926605505,0.0030581039755351682,0.04892966360856269,0.09480122324159021,0.0,0.009174311926605505,0.021406727828746176,0.021406727828746176,0.0,0.0,0.0,0.0,0.0,0.0,0.0,0.0030581039755351682,0.039755351681957186,0.009174311926605505,0.0,0.0,0.0061162079510703364,0.0061162079510703364,0.01529051987767584,0.06422018348623854
precentral-lh,0.0625,0.0,0.0,0.00625,0.0,0.00625,0.0,0.0,0.06875,0.0,0.0,0.0,0.025,0.0,0.01875,0.0,0.0875,0.0,0.0,0.0,0.0,0.05,0.0,0.0,0.05625,0.0,0.01875,0.0,0.04375,0.03125,0.01875,0.0,0.0,0.0,0.0,0.0,0.0,0.05,0.0,0.0,0.0,0.06875,0.0,0.0,0.00625,0.0,0.03125,0.0,0.075,0.00625,0.0,0.0,0.04375,0.0,0.0,0.075,0.0375,0.03125,0.0,0.01875,0.0,0.0,0.0,0.0,0.0,0.0375,0.025,0.0
precentral-rh,0.027491408934707903,0.06529209621993128,0.041237113402061855,0.013745704467353952,0.0,0.027491408934707903,0.003436426116838488,0.0,0.003436426116838488,0.0,0.0,0.010309278350515464,0.003436426116838488,0.0,0.0,0.0,0.006872852233676976,0.0,0.006872852233676976,0.010309278350515464,0.06529209621993128,0.013745704467353952,0.0,0.0,0.003436426116838488,0.044673539518900345,0.003436426116838488,0.0,0.0,0.01718213058419244,0.01718213058419244,0.010309278350515464,0.0,0.0,0.037800687285223365,0.0,0.0,0.030927835051546393,0.0,0.044673539518900345,0.0,0.003436426116838488,0.0,0.0,0.006872852233676976,0.054982817869415807,0.027491408934707903,0.003436426116838488,0.0,0.09965635738831616,0.01718213058419244,0.024054982817869417,0.0,0.0,0.0,0.037800687285223365,0.0,0.041237113402061855,0.0,0.003436426116838488,0.010309278350515464,0.01718213058419244,0.0,0.054982817869415807,0.044673539518900345,0.0,0.03436426116838488,0.010309278350515464
precuneus-lh,0.050724637681159424,0.0391304347826087,0.06666666666666667,0.021739130434782608,0.0,0.015942028985507246,0.002898550724637681,0.002898550724637681,0.0014492753623188406,0.0,0.0,0.002898550724637681,0.020289855072463767,0.007246376811594203,0.028985507246376812,0.005797101449275362,0.010144927536231883,0.0,0.015942028985507246,0.02608695652173913,0.03188405797101449,0.015942028985507246,0.010144927536231883,0.0,0.005797101449275362,0.017391304347826087,0.05652173913043478,0.002898550724637681,0.0014492753623188406,0.002898550724637681,0.03768115942028986,0.013043478260869565,0.0,0.0,0.0536231884057971,0.0,0.0,0.017391304347826087,0.0,0.03768115942028986,0.0,0.011594202898550725,0.0,0.0,0.0,0.015942028985507246,0.028985507246376812,0.005797101449275362,0.0,0.005797101449275362,0.08115942028985507,0.002898550724637681,0.010144927536231883,0.0,0.0,0.010144927536231883,0.0,0.021739130434782608,0.0,0.02318840579710145,0.03768115942028986,0.02463768115942029,0.011594202898550725,0.0014492753623188406,0.028985507246376812,0.028985507246376812,0.02463768115942029,0.0014492753623188406
precuneus-rh,0.05639097744360902,0.07894736842105263,0.0037593984962406013,0.0037593984962406013,0.0,0.03759398496240601,0.05263157894736842,0.0,0.007518796992481203,0.0,0.0,0.0,0.045112781954887216,0.0,0.015037593984962405,0.0037593984962406013,0.0037593984962406013,0.011278195488721804,0.015037593984962405,0.018796992481203006,0.07142857142857142,0.02631578947368421,0.03759398496240601,0.0,0.0037593984962406013,0.0037593984962406013,0.0,0.011278195488721804,0.0,0.0037593984962406013,0.011278195488721804,0.007518796992481203,0.0,0.0,0.022556390977443608,0.0,0.0,0.0,0.0,0.0,0.0,0.0,0.06015037593984962,0.0,0.011278195488721804,0.03007518796992481,0.06766917293233082,0.018796992481203006,0.0,0.03007518796992481,0.015037593984962405,0.08270676691729323,0.0,0.0,0.0,0.0,0.0,0.011278195488721804,0.0,0.0,0.0,0.015037593984962405,0.0,0.011278195488721804,0.015037593984962405,0.007518796992481203,0.0037593984962406013,0.06766917293233082
rostralanteriorcingulate-lh,0.05755395683453238,0.0035971223021582736,0.039568345323741004,0.0,0.0,0.0,0.0,0.0,0.04316546762589928,0.0,0.0,0.017985611510791366,0.07194244604316546,0.0,0.046762589928057555,0.0,0.017985611510791366,0.0,0.0,0.017985611510791366,0.0035971223021582736,0.014388489208633094,0.0035971223021582736,0.0,0.014388489208633094,0.0,0.06115107913669065,0.0,0.04316546762589928,0.0035971223021582736,0.0,0.0,0.0,0.0,0.014388489208633094,0.0,0.0,0.050359712230215826,0.0,0.04316546762589928,0.0,0.02158273381294964,0.0,0.0,0.0,0.007194244604316547,0.007194244604316547,0.0,0.01079136690647482,0.0,0.04316546762589928,0.0,0.0683453237410072,0.0,0.0,0.05755395683453238,0.01079136690647482,0.025179856115107913,0.0,0.05755395683453238,0.03237410071942446,0.0,0.0,0.0,0.01079136690647482,0.07913669064748201,0.0,0.0
rostralanteriorcingulate-rh,0.0,0.0,0.0,0.0,0.0,0.0,0.0,0.0,0.0,0.0,0.0,0.0,0.0,0.0,0.0,0.0,0.0,0.0,0.0,0.0,0.0,0.0,0.0,0.0,0.0,0.0,0.0,0.0,0.0,0.0,0.0,0.0,0.0,0.0,0.0,0.0,0.0,0.0,0.0,0.0,0.0,0.0,0.0,0.0,0.0,0.0,0.0,0.0,0.0,0.0,0.0,0.0,0.0,0.0,0.0,0.0,0.0,0.0,0.0,0.0,0.0,0.0,0.0,0.0,0.0,0.0,0.0,0.0
rostralmiddlefrontal-lh,0.0,0.0,0.0,0.0,0.0,0.0,0.0,0.0,0.0,0.0,0.0,0.0,0.0,0.0,0.0,0.0,0.0,0.0,0.0,0.0,0.0,0.0,0.0,0.0,0.0,0.0,0.0,0.0,0.0,0.0,0.0,0.0,0.0,0.0,0.0,0.0,0.0,0.0,0.0,0.0,0.0,0.0,0.0,0.0,0.0,0.0,0.0,0.0,0.0,0.0,0.0,0.0,0.0,0.0,0.0,0.0,0.0,0.0,0.0,0.0,0.0,0.0,0.0,0.0,0.0,0.0,0.0,0.0
rostralmiddlefrontal-rh,0.04420731707317073,0.004573170731707317,0.036585365853658534,0.007621951219512195,0.0,0.0,0.0,0.0,0.04420731707317073,0.0,0.0,0.01524390243902439,0.036585365853658534,0.0,0.013719512195121951,0.0,0.027439024390243903,0.0,0.0,0.012195121951219513,0.006097560975609756,0.021341463414634148,0.007621951219512195,0.007621951219512195,0.019817073170731708,0.001524390243902439,0.025914634146341462,0.0,0.019817073170731708,0.001524390243902439,0.028963414634146343,0.0,0.0,0.0,0.003048780487804878,0.0,0.0,0.0625,0.0,0.03201219512195122,0.0,0.024390243902439025,0.0,0.0,0.003048780487804878,0.028963414634146343,0.018292682926829267,0.001524390243902439,0.010670731707317074,0.021341463414634148,0.01524390243902439,0.0,0.025914634146341462,0.0,0.0,0.12195121951219512,0.009146341463414634,0.053353658536585365,0.004573170731707317,0.04573170731707317,0.04420731707317073,0.0,0.007621951219512195,0.010670731707317074,0.009146341463414634,0.03048780487804878,0.03353658536585366,0.0
superiorfrontal-lh,0.07368421052631578,0.0,0.0,0.0,0.0,0.0,0.0,0.0,0.07368421052631578,0.0,0.0,0.0,0.05263157894736842,0.0,0.042105263157894736,0.0,0.05263157894736842,0.0,0.0,0.0,0.0,0.05263157894736842,0.0,0.0,0.05263157894736842,0.0,0.042105263157894736,0.0,0.05263157894736842,0.0,0.021052631578947368,0.0,0.0,0.0,0.0,0.0,0.0,0.042105263157894736,0.0,0.0,0.0,0.021052631578947368,0.0,0.0,0.0,0.0,0.05263157894736842,0.0,0.05263157894736842,0.0,0.010526315789473684,0.0,0.05263157894736842,0.0,0.0,0.07368421052631578,0.06315789473684211,0.0,0.0,0.031578947368421054,0.0,0.0,0.0,0.0,0.0,0.05263157894736842,0.031578947368421054,0.0
superiorfrontal-rh,0.044412607449856735,0.01002865329512894,0.05730659025787966,0.04011461318051576,0.0,0.03581661891117478,0.0,0.0,0.015759312320916905,0.0,0.0,0.014326647564469915,0.014326647564469915,0.0,0.0071633237822349575,0.004297994269340974,0.02865329512893983,0.0,0.015759312320916905,0.014326647564469915,0.0329512893982808,0.0,0.0,0.0,0.01002865329512894,0.0014326647564469914,0.017191977077363897,0.0,0.0057306590257879654,0.0014326647564469914,0.04871060171919771,0.0071633237822349575,0.0,0.0,0.0014326647564469914,0.0,0.0,0.05873925501432665,0.0014326647564469914,0.024355300859598854,0.0,0.03581661891117478,0.0,0.0,0.0,0.03151862464183381,0.024355300859598854,0.0,0.004297994269340974,0.02005730659025788,0.02005730659025788,0.0,0.0071633237822349575,0.0,0.0,0.05873925501432665,0.0,0.11031518624641834,0.0,0.05873925501432665,0.027220630372492838,0.0071633237822349575,0.01002865329512894,0.0071633237822349575,0.0071633237822349575,0.012893982808022923,0.044412607449856735,0.0
superiorparietal-lh,0.043478260869565216,0.0,0.0,0.034782608695652174,0.0,0.0,0.0,0.0,0.0782608695652174,0.0,0.0,0.0,0.008695652173913044,0.0,0.0,0.0,0.09565217391304348,0.0,0.008695652173913044,0.0,0.008695652173913044,0.08695652173913043,0.0,0.017391304347826087,0.09565217391304348,0.008695652173913044,0.0,0.0,0.0,0.043478260869565216,0.0782608695652174,0.0,0.0,0.0,0.0,0.0,0.0,0.0,0.0,0.0,0.0,0.05217391304347826,0.05217391304347826,0.008695652173913044,0.0,0.0,0.06956521739130435,0.0,0.008695652173913044,0.0,0.0,0.0,0.0,0.0,0.0,0.05217391304347826,0.008695652173913044,0.0,0.09565217391304348,0.0,0.0,0.0,0.017391304347826087,0.0,0.008695652173913044,0.0,0.017391304347826087,0.0
superiorparietal-rh,0.0425531914893617,0.004559270516717325,0.05927051671732523,0.041033434650455926,0.0,0.015197568389057751,0.0,0.0,0.02127659574468085,0.0,0.0,0.013677811550151976,0.030395136778115502,0.0,0.0182370820668693,0.004559270516717325,0.031914893617021274,0.0,0.007598784194528876,0.025835866261398176,0.0182370820668693,0.0,0.0060790273556231,0.0,0.010638297872340425,0.0,0.0364741641337386,0.0,0.0121580547112462,0.0,0.03951367781155015,0.001519756838905775,0.0,0.0,0.0060790273556231,0.0,0.0,0.05927051671732523,0.0,0.028875379939209727,0.0,0.028875379939209727,0.0,0.0,0.0,0.015197568389057751,0.004559270516717325,0.004559270516717325,0.0,0.0060790273556231,0.025835866261398176,0.0,0.019756838905775075,0.0,0.0,0.0486322188449848,0.001519756838905775,0.06231003039513678,0.0,0.11094224924012158,0.041033434650455926,0.001519756838905775,0.0060790273556231,0.00303951367781155,0.010638297872340425,0.03343465045592705,0.041033434650455926,0.0
superiortemporal-lh,0.010884353741496598,0.04217687074829932,0.058503401360544216,0.031292517006802724,0.0,0.0027210884353741495,0.009523809523809525,0.0,0.0163265306122449,0.0,0.0,0.005442176870748299,0.03537414965986395,0.0,0.009523809523809525,0.004081632653061225,0.02040816326530612,0.0,0.005442176870748299,0.05442176870748299,0.029931972789115645,0.009523809523809525,0.03945578231292517,0.0,0.004081632653061225,0.02312925170068027,0.03945578231292517,0.0027210884353741495,0.0013605442176870747,0.009523809523809525,0.034013605442176874,0.0,0.0,0.0,0.03537414965986395,0.0,0.0,0.02585034013605442,0.0,0.036734693877551024,0.0,0.0027210884353741495,0.017687074829931974,0.0,0.0013605442176870747,0.00816326530612245,0.0027210884353741495,0.02312925170068027,0.0,0.006802721088435374,0.02585034013605442,0.0013605442176870747,0.006802721088435374,0.0,0.0,0.034013605442176874,0.0,0.0163265306122449,0.0,0.02585034013605442,0.10068027210884353,0.0,0.0013605442176870747,0.006802721088435374,0.0326530612244898,0.02857142857142857,0.047619047619047616,0.012244897959183673
superiortemporal-rh,0.06866952789699571,0.02145922746781116,0.04721030042918455,0.030042918454935622,0.0,0.034334763948497854,0.0,0.0,0.0,0.0,0.0,0.0,0.0,0.004291845493562232,0.017167381974248927,0.017167381974248927,0.012875536480686695,0.0,0.05150214592274678,0.008583690987124463,0.05150214592274678,0.030042918454935622,0.0,0.0,0.02145922746781116,0.0,0.03862660944206009,0.0,0.0,0.0,0.060085836909871244,0.04291845493562232,0.0,0.0,0.030042918454935622,0.0,0.0,0.02145922746781116,0.0,0.0,0.0,0.017167381974248927,0.0,0.0,0.0,0.02575107296137339,0.055793991416309016,0.0,0.0,0.012875536480686695,0.06866952789699571,0.008583690987124463,0.0,0.0,0.0,0.0,0.0,0.030042918454935622,0.0,0.012875536480686695,0.0,0.07296137339055794,0.03862660944206009,0.0,0.0,0.017167381974248927,0.02575107296137339,0.004291845493562232
supramarginal-lh,0.014792899408284023,0.0,0.04437869822485207,0.03254437869822485,0.0,0.008875739644970414,0.005917159763313609,0.0,0.008875739644970414,0.0,0.0,0.0,0.026627218934911243,0.0,0.04437869822485207,0.05029585798816568,0.04142011834319527,0.0,0.04142011834319527,0.047337278106508875,0.05621301775147929,0.020710059171597635,0.029585798816568046,0.01775147928994083,0.04437869822485207,0.0,0.04142011834319527,0.011834319526627219,0.0,0.0,0.047337278106508875,0.014792899408284023,0.0,0.0,0.0,0.0,0.0,0.020710059171597635,0.0,0.0,0.0,0.020710059171597635,0.01775147928994083,0.0,0.0,0.0029585798816568047,0.023668639053254437,0.0,0.0,0.0,0.011834319526627219,0.0029585798816568047,0.0,0.0,0.0,0.008875739644970414,0.0,0.020710059171597635,0.0,0.01775147928994083,0.014792899408284023,0.014792899408284023,0.06804733727810651,0.008875739644970414,0.0,0.04437869822485207,0.04437869822485207,0.005917159763313609
supramarginal-rh,0.015706806282722512,0.05235602094240838,0.04712041884816754,0.041884816753926704,0.0,0.010471204188481676,0.04450261780104712,0.0,0.0,0.0,0.0,0.002617801047120419,0.013089005235602094,0.0,0.007853403141361256,0.007853403141361256,0.034031413612565446,0.005235602094240838,0.0,0.020942408376963352,0.07591623036649214,0.0,0.028795811518324606,0.0,0.010471204188481676,0.05759162303664921,0.002617801047120419,0.002617801047120419,0.0,0.03664921465968586,0.010471204188481676,0.0,0.0,0.0,0.04712041884816754,0.0,0.0,0.002617801047120419,0.0,0.041884816753926704,0.0,0.002617801047120419,0.041884816753926704,0.02356020942408377,0.010471204188481676,0.015706806282722512,0.0,0.007853403141361256,0.0,0.034031413612565446,0.0,0.013089005235602094,0.0,0.0,0.0,0.005235602094240838,0.0,0.005235602094240838,0.0,0.0,0.007853403141361256,0.0,0.002617801047120419,0.10471204188481675,0.04712041884816754,0.007853403141361256,0.03664921465968586,0.013089005235602094
temporalpole-lh,0.00641025641025641,0.07211538461538461,0.0641025641025641,0.05448717948717949,0.0,0.009615384615384616,0.004807692307692308,0.0016025641025641025,0.0,0.0,0.003205128205128205,0.0,0.009615384615384616,0.0,0.016025641025641024,0.0,0.017628205128205128,0.0,0.011217948717948718,0.03205128205128205,0.06570512820512821,0.004807692307692308,0.02403846153846154,0.0,0.016025641025641024,0.07852564102564102,0.019230769230769232,0.0,0.0,0.04326923076923077,0.02564102564102564,0.0,0.0,0.0,0.06570512820512821,0.0,0.0,0.003205128205128205,0.0,0.046474358974358976,0.0,0.00641025641025641,0.01282051282051282,0.0,0.011217948717948718,0.00641025641025641,0.009615384615384616,0.0,0.0,0.020833333333333332,0.019230769230769232,0.008012820512820512,0.0016025641025641025,0.0,0.0,0.003205128205128205,0.0,0.003205128205128205,0.004807692307692308,0.004807692307692308,0.03205128205128205,0.0,0.0,0.03205128205128205,0.08653846153846154,0.00641025641025641,0.030448717948717948,0.004807692307692308
temporalpole-rh,0.021739130434782608,0.009510869565217392,0.043478260869565216,0.016304347826086956,0.0,0.0,0.010869565217391304,0.0,0.014945652173913044,0.0,0.0,0.008152173913043478,0.050271739130434784,0.0,0.036684782608695655,0.02309782608695652,0.02309782608695652,0.001358695652173913,0.009510869565217392,0.05434782608695652,0.035326086956521736,0.012228260869565218,0.042119565217391304,0.0,0.014945652173913044,0.006793478260869565,0.0625,0.017663043478260868,0.014945652173913044,0.0,0.02309782608695652,0.002717391304347826,0.0,0.0,0.01358695652173913,0.0,0.0,0.03125,0.0,0.02717391304347826,0.0,0.006793478260869565,0.020380434782608696,0.0,0.0,0.005434782608695652,0.004076086956521739,0.008152173913043478,0.002717391304347826,0.0,0.029891304347826088,0.008152173913043478,0.025815217391304348,0.0,0.0,0.024456521739130436,0.004076086956521739,0.012228260869565218,0.0,0.029891304347826088,0.036684782608695655,0.002717391304347826,0.017663043478260868,0.006793478260869565,0.01358695652173913,0.07608695652173914,0.02717391304347826,0.009510869565217392
transversetemporal-lh,0.02258064516129032,0.021505376344086023,0.060215053763440864,0.05161290322580645,0.0,0.021505376344086023,0.0032258064516129032,0.0,0.013978494623655914,0.0,0.001075268817204301,0.0,0.00967741935483871,0.0,0.012903225806451613,0.013978494623655914,0.05053763440860215,0.0,0.017204301075268817,0.02903225806451613,0.035483870967741936,0.011827956989247311,0.017204301075268817,0.0,0.034408602150537634,0.02258064516129032,0.02795698924731183,0.0032258064516129032,0.0032258064516129032,0.01935483870967742,0.07204301075268817,0.002150537634408602,0.0,0.0,0.01827956989247312,0.0,0.0,0.021505376344086023,0.0,0.005376344086021506,0.0,0.02258064516129032,0.0064516129032258064,0.0,0.005376344086021506,0.0,0.008602150537634409,0.00967741935483871,0.008602150537634409,0.0064516129032258064,0.012903225806451613,0.001075268817204301,0.0032258064516129032,0.0,0.0,0.030107526881720432,0.005376344086021506,0.024731182795698924,0.0,0.025806451612903226,0.043010752688172046,0.002150537634408602,0.012903225806451613,0.012903225806451613,0.016129032258064516,0.023655913978494623,0.09247311827956989,0.002150537634408602
transversetemporal-rh,0.04011461318051576,0.08595988538681948,0.0,0.0,0.0,0.011461318051575931,0.07163323782234957,0.0,0.03151862464183381,0.0,0.0,0.0,0.07163323782234957,0.0028653295128939827,0.011461318051575931,0.0057306590257879654,0.0,0.02005730659025788,0.0,0.02005730659025788,0.04011461318051576,0.03151862464183381,0.0659025787965616,0.0,0.0,0.0,0.0,0.008595988538681949,0.0,0.0,0.0,0.0028653295128939827,0.0,0.0,0.02005730659025788,0.0,0.0,0.0,0.0,0.0,0.0,0.0,0.08595988538681948,0.0,0.011461318051575931,0.008595988538681949,0.05730659025787966,0.054441260744985676,0.0,0.02005730659025788,0.014326647564469915,0.06303724928366762,0.0,0.0,0.0,0.0,0.0,0.0,0.0,0.0,0.014326647564469915,0.008595988538681949,0.0,0.008595988538681949,0.011461318051575931,0.008595988538681949,0.0,0.09169054441260745
