,bankssts-lh,bankssts-rh,caudalanteriorcingulate-lh,caudalanteriorcingulate-rh,caudalmiddlefrontal-lh,caudalmiddlefrontal-rh,cuneus-lh,cuneus-rh,entorhinal-lh,entorhinal-rh,frontalpole-lh,frontalpole-rh,fusiform-lh,fusiform-rh,inferiorparietal-lh,inferiorparietal-rh,inferiortemporal-lh,inferiortemporal-rh,insula-lh,insula-rh,isthmuscingulate-lh,isthmuscingulate-rh,lateraloccipital-lh,lateraloccipital-rh,lateralorbitofrontal-lh,lateralorbitofrontal-rh,lingual-lh,lingual-rh,medialorbitofrontal-lh,medialorbitofrontal-rh,middletemporal-lh,middletemporal-rh,paracentral-lh,paracentral-rh,parahippocampal-lh,parahippocampal-rh,parsopercularis-lh,parsopercularis-rh,parsorbitalis-lh,parsorbitalis-rh,parstriangularis-lh,parstriangularis-rh,pericalcarine-lh,pericalcarine-rh,postcentral-lh,postcentral-rh,posteriorcingulate-lh,posteriorcingulate-rh,precentral-lh,precentral-rh,precuneus-lh,precuneus-rh,rostralanteriorcingulate-lh,rostralanteriorcingulate-rh,rostralmiddlefrontal-lh,rostralmiddlefrontal-rh,superiorfrontal-lh,superiorfrontal-rh,superiorparietal-lh,superiorparietal-rh,superiortemporal-lh,superiortemporal-rh,supramarginal-lh,supramarginal-rh,temporalpole-lh,temporalpole-rh,transversetemporal-lh,transversetemporal-rh
bankssts-lh,0.0,0.0,0.0,0.0,0.0,0.0,0.0,0.0,0.0,0.0,0.0,0.0,0.0,0.0,0.0,0.0,0.0,0.0,0.0,0.0,0.0,0.0,0.0,0.0,0.0,0.0,0.0,0.0,0.0,0.0,0.0,0.0,0.0,0.0,0.0,0.0,0.0,0.0,0.0,0.0,0.0,0.0,0.0,0.0,0.0,0.0,0.0,0.0,0.0,0.0,0.0,0.0,0.0,0.0,0.0,0.0,0.0,0.0,0.0,0.0,0.0,0.0,0.0,0.0,0.0,0.0,0.0,0.0
bankssts-rh,0.0,0.2675,0.065,0.0,0.0,0.0,0.0,0.0,0.0,0.0,0.0,0.0,0.0,0.05,0.0,0.0,0.0,0.0375,0.0,0.0475,0.0,0.0175,0.0,0.0,0.0,0.0,0.0,0.0025,0.0,0.0,0.0,0.2525,0.03,0.0,0.0,0.0425,0.0,0.0,0.0,0.0,0.0,0.0,0.0,0.0,0.01,0.0175,0.0,0.0,0.0075,0.0,0.0,0.0,0.0,0.0,0.0,0.0,0.0,0.0,0.025,0.0,0.0,0.0,0.01,0.0275,0.0,0.0425,0.015,0.0325
caudalanteriorcingulate-lh,0.0,0.11764705882352941,0.17254901960784313,0.0,0.0,0.0,0.0,0.0,0.0,0.0,0.0,0.0,0.0,0.050980392156862744,0.0,0.0,0.0,0.023529411764705882,0.0,0.03529411764705882,0.0,0.027450980392156862,0.0,0.0,0.0,0.0,0.0,0.0,0.0,0.0,0.0,0.07450980392156863,0.11764705882352941,0.00784313725490196,0.0,0.027450980392156862,0.0,0.0,0.0,0.0,0.0,0.00392156862745098,0.0,0.0,0.0,0.0,0.0,0.0,0.0784313725490196,0.0,0.0,0.0,0.0,0.0,0.0,0.0,0.0,0.023529411764705882,0.10980392156862745,0.0,0.0,0.011764705882352941,0.0,0.00784313725490196,0.0,0.050980392156862744,0.058823529411764705,0.0
caudalanteriorcingulate-rh,0.0,0.0,0.0,0.0,0.0,0.0,0.0,0.0,0.0,0.0,0.0,0.0,0.0,0.0,0.0,0.0,0.0,0.0,0.0,0.0,0.0,0.0,0.0,0.0,0.0,0.0,0.0,0.0,0.0,0.0,0.0,0.0,0.0,0.0,0.0,0.0,0.0,0.0,0.0,0.0,0.0,0.0,0.0,0.0,0.0,0.0,0.0,0.0,0.0,0.0,0.0,0.0,0.0,0.0,0.0,0.0,0.0,0.0,0.0,0.0,0.0,0.0,0.0,0.0,0.0,0.0,0.0,0.0
caudalmiddlefrontal-lh,0.0,0.0,0.0,0.0,0.0,0.0,0.0,0.0,0.0,0.0,0.0,0.0,0.0,0.0,0.0,0.0,0.0,0.0,0.0,0.0,0.0,0.0,0.0,0.0,0.0,0.0,0.0,0.0,0.0,0.0,0.0,0.0,0.0,0.0,0.0,0.0,0.0,0.0,0.0,0.0,0.0,0.0,0.0,0.0,0.0,0.0,0.0,0.0,0.0,0.0,0.0,0.0,0.0,0.0,0.0,0.0,0.0,0.0,0.0,0.0,0.0,0.0,0.0,0.0,0.0,0.0,0.0,0.0
caudalmiddlefrontal-rh,0.0,0.0,0.0,0.0,0.0,0.0,0.0,0.0,0.0,0.0,0.0,0.0,0.0,0.0,0.0,0.0,0.0,0.0,0.0,0.0,0.0,0.0,0.0,0.0,0.0,0.0,0.0,0.0,0.0,0.0,0.0,0.0,0.0,0.0,0.0,0.0,0.0,0.0,0.0,0.0,0.0,0.0,0.0,0.0,0.0,0.0,0.0,0.0,0.0,0.0,0.0,0.0,0.0,0.0,0.0,0.0,0.0,0.0,0.0,0.0,0.0,0.0,0.0,0.0,0.0,0.0,0.0,0.0
cuneus-lh,0.0,0.0,0.0,0.0,0.0,0.0,0.0,0.0,0.0,0.0,0.0,0.0,0.0,0.0,0.0,0.0,0.0,0.0,0.0,0.0,0.0,0.0,0.0,0.0,0.0,0.0,0.0,0.0,0.0,0.0,0.0,0.0,0.0,0.0,0.0,0.0,0.0,0.0,0.0,0.0,0.0,0.0,0.0,0.0,0.0,0.0,0.0,0.0,0.0,0.0,0.0,0.0,0.0,0.0,0.0,0.0,0.0,0.0,0.0,0.0,0.0,0.0,0.0,0.0,0.0,0.0,0.0,0.0
cuneus-rh,0.0,0.0,0.0,0.0,0.0,0.0,0.0,0.0,0.0,0.0,0.0,0.0,0.0,0.0,0.0,0.0,0.0,0.0,0.0,0.0,0.0,0.0,0.0,0.0,0.0,0.0,0.0,0.0,0.0,0.0,0.0,0.0,0.0,0.0,0.0,0.0,0.0,0.0,0.0,0.0,0.0,0.0,0.0,0.0,0.0,0.0,0.0,0.0,0.0,0.0,0.0,0.0,0.0,0.0,0.0,0.0,0.0,0.0,0.0,0.0,0.0,0.0,0.0,0.0,0.0,0.0,0.0,0.0
entorhinal-lh,0.0,0.0,0.0,0.0,0.0,0.0,0.0,0.0,0.0,0.0,0.0,0.0,0.0,0.0,0.0,0.0,0.0,0.0,0.0,0.0,0.0,0.0,0.0,0.0,0.0,0.0,0.0,0.0,0.0,0.0,0.0,0.0,0.0,0.0,0.0,0.0,0.0,0.0,0.0,0.0,0.0,0.0,0.0,0.0,0.0,0.0,0.0,0.0,0.0,0.0,0.0,0.0,0.0,0.0,0.0,0.0,0.0,0.0,0.0,0.0,0.0,0.0,0.0,0.0,0.0,0.0,0.0,0.0
entorhinal-rh,0.0,0.0,0.0045662100456621,0.0,0.0,0.0,0.0,0.0,0.0,0.11643835616438356,0.0,0.0,0.0,0.091324200913242,0.0,0.0,0.0,0.0958904109589041,0.0,0.0639269406392694,0.0,0.0228310502283105,0.0,0.0,0.0,0.0,0.0,0.0136986301369863,0.0,0.0,0.0,0.0,0.04794520547945205,0.0821917808219178,0.0,0.1004566210045662,0.0,0.0,0.0,0.0,0.0228310502283105,0.02054794520547945,0.0,0.0,0.04337899543378995,0.0,0.06164383561643835,0.0,0.0319634703196347,0.01598173515981735,0.0,0.0,0.0,0.0,0.0,0.0,0.0,0.03424657534246575,0.0045662100456621,0.02054794520547945,0.0,0.0730593607305936,0.0,0.0136986301369863,0.0,0.0,0.0,0.0182648401826484
frontalpole-lh,0.0,0.0,0.0,0.0,0.0,0.0,0.0,0.0,0.0,0.0,0.0,0.0,0.0,0.0,0.0,0.0,0.0,0.0,0.0,0.0,0.0,0.0,0.0,0.0,0.0,0.0,0.0,0.0,0.0,0.0,0.0,0.0,0.0,0.0,0.0,0.0,0.0,0.0,0.0,0.0,0.0,0.0,0.0,0.0,0.0,0.0,0.0,0.0,0.0,0.0,0.0,0.0,0.0,0.0,0.0,0.0,0.0,0.0,0.0,0.0,0.0,0.0,0.0,0.0,0.0,0.0,0.0,0.0
frontalpole-rh,0.0,0.0,0.0,0.0,0.0,0.0,0.0,0.0,0.0,0.0,0.0,0.34146341463414637,0.0,0.0,0.0,0.0,0.0,0.0,0.0,0.0,0.0,0.0,0.0,0.0,0.0,0.0,0.0,0.0,0.0,0.0,0.0,0.0,0.0,0.0,0.0,0.0,0.0,0.0,0.0,0.0,0.0,0.0,0.0,0.0,0.0,0.0,0.0,0.0,0.0,0.1951219512195122,0.0,0.0,0.0,0.0,0.0,0.17073170731707318,0.0,0.0,0.0,0.0,0.0,0.0,0.0,0.0,0.0,0.0,0.0,0.2926829268292683
fusiform-lh,0.0,0.0,0.0,0.0,0.0,0.0,0.0,0.0,0.0,0.0,0.0,0.0,0.0,0.0,0.0,0.0,0.0,0.0,0.0,0.0,0.0,0.0,0.0,0.0,0.0,0.0,0.0,0.0,0.0,0.0,0.0,0.0,0.0,0.0,0.0,0.0,0.0,0.0,0.0,0.0,0.0,0.0,0.0,0.0,0.0,0.0,0.0,0.0,0.0,0.0,0.0,0.0,0.0,0.0,0.0,0.0,0.0,0.0,0.0,0.0,0.0,0.0,0.0,0.0,0.0,0.0,0.0,0.0
fusiform-rh,0.0,0.022222222222222223,0.022222222222222223,0.0,0.0,0.0,0.0,0.0,0.0,0.047058823529411764,0.0,0.0,0.0,0.14640522875816994,0.0,0.0,0.0,0.11764705882352941,0.0,0.0718954248366013,0.0,0.043137254901960784,0.0,0.0,0.0,0.0,0.0,0.02091503267973856,0.0,0.0,0.0,0.03529411764705882,0.054901960784313725,0.04183006535947712,0.0,0.11633986928104575,0.0,0.0,0.0,0.0,0.00522875816993464,0.022222222222222223,0.0,0.0,0.01437908496732026,0.0,0.030065359477124184,0.0,0.0457516339869281,0.00130718954248366,0.0,0.0,0.0,0.0,0.0,0.026143790849673203,0.0,0.026143790849673203,0.026143790849673203,0.00392156862745098,0.0,0.04183006535947712,0.00130718954248366,0.0,0.0,0.0,0.01568627450980392,0.0
inferiorparietal-lh,0.0,0.0,0.0,0.0,0.0,0.0,0.0,0.0,0.0,0.0,0.0,0.0,0.0,0.0,0.0,0.0,0.0,0.0,0.0,0.0,0.0,0.0,0.0,0.0,0.0,0.0,0.0,0.0,0.0,0.0,0.0,0.0,0.0,0.0,0.0,0.0,0.0,0.0,0.0,0.0,0.0,0.0,0.0,0.0,0.0,0.0,0.0,0.0,0.0,0.0,0.0,0.0,0.0,0.0,0.0,0.0,0.0,0.0,0.0,0.0,0.0,0.0,0.0,0.0,0.0,0.0,0.0,0.0
inferiorparietal-rh,0.0,0.0,0.0,0.0,0.0,0.0,0.0,0.0,0.0,0.0,0.0,0.0,0.0,0.0,0.0,0.0,0.0,0.0,0.0,0.0,0.0,0.0,0.0,0.0,0.0,0.0,0.0,0.0,0.0,0.0,0.0,0.0,0.0,0.0,0.0,0.0,0.0,0.0,0.0,0.0,0.0,0.0,0.0,0.0,0.0,0.0,0.0,0.0,0.0,0.0,0.0,0.0,0.0,0.0,0.0,0.0,0.0,0.0,0.0,0.0,0.0,0.0,0.0,0.0,0.0,0.0,0.0,0.0
inferiortemporal-lh,0.0,0.0,0.0,0.0,0.0,0.0,0.0,0.0,0.0,0.0,0.0,0.0,0.0,0.0,0.0,0.0,1.0,0.0,0.0,0.0,0.0,0.0,0.0,0.0,0.0,0.0,0.0,0.0,0.0,0.0,0.0,0.0,0.0,0.0,0.0,0.0,0.0,0.0,0.0,0.0,0.0,0.0,0.0,0.0,0.0,0.0,0.0,0.0,0.0,0.0,0.0,0.0,0.0,0.0,0.0,0.0,0.0,0.0,0.0,0.0,0.0,0.0,0.0,0.0,0.0,0.0,0.0,0.0
inferiortemporal-rh,0.0,0.015895953757225433,0.014450867052023121,0.0,0.0,0.0,0.0,0.0,0.0,0.05491329479768786,0.0,0.0,0.0,0.13005780346820808,0.0,0.0,0.0,0.1315028901734104,0.0,0.07369942196531792,0.0,0.04335260115606936,0.0,0.0,0.0,0.0,0.0,0.023121387283236993,0.0,0.0,0.0,0.028901734104046242,0.05057803468208093,0.049132947976878616,0.0,0.12572254335260116,0.0,0.0,0.0,0.0,0.0072254335260115606,0.024566473988439308,0.0,0.0,0.017341040462427744,0.0,0.03468208092485549,0.0,0.04046242774566474,0.002890173410404624,0.0,0.0,0.0,0.0,0.0,0.014450867052023121,0.0,0.028901734104046242,0.01878612716763006,0.005780346820809248,0.0,0.05057803468208093,0.0,0.0,0.0,0.0,0.01300578034682081,0.0
insula-lh,0.0,0.0,0.0,0.0,0.0,0.0,0.0,0.0,0.0,0.0,0.0,0.0,0.0,0.0,0.0,0.0,0.0,0.0,0.0,0.0,0.0,0.0,0.0,0.0,0.0,0.0,0.0,0.0,0.0,0.0,0.0,0.0,0.0,0.0,0.0,0.0,0.0,0.0,0.0,0.0,0.0,0.0,0.0,0.0,0.0,0.0,0.0,0.0,0.0,0.0,0.0,0.0,0.0,0.0,0.0,0.0,0.0,0.0,0.0,0.0,0.0,0.0,0.0,0.0,0.0,0.0,0.0,0.0
insula-rh,0.0,0.03802281368821293,0.024714828897338403,0.0,0.0,0.0,0.0,0.0,0.0,0.045627376425855515,0.0,0.0,0.0,0.10836501901140684,0.0,0.0,0.0,0.09695817490494296,0.0,0.11216730038022814,0.0,0.013307984790874524,0.0,0.0,0.0,0.0,0.0,0.0,0.0,0.0,0.0,0.03802281368821293,0.07224334600760456,0.057034220532319393,0.0,0.09885931558935361,0.0,0.0,0.0,0.0,0.0038022813688212928,0.03231939163498099,0.0,0.0,0.02091254752851711,0.0,0.039923954372623575,0.0,0.058935361216730035,0.0,0.0,0.0,0.0,0.0,0.0,0.0,0.0,0.03612167300380228,0.030418250950570342,0.0019011406844106464,0.0,0.04752851711026616,0.0,0.0,0.0,0.0,0.015209125475285171,0.0076045627376425855
isthmuscingulate-lh,0.0,0.0,0.0,0.0,0.0,0.0,0.0,0.0,0.0,0.0,0.0,0.0,0.0,0.0,0.0,0.0,0.0,0.0,0.0,0.0,0.0,0.0,0.0,0.0,0.0,0.0,0.0,0.0,0.0,0.0,0.0,0.0,0.0,0.0,0.0,0.0,0.0,0.0,0.0,0.0,0.0,0.0,0.0,0.0,0.0,0.0,0.0,0.0,0.0,0.0,0.0,0.0,0.0,0.0,0.0,0.0,0.0,0.0,0.0,0.0,0.0,0.0,0.0,0.0,0.0,0.0,0.0,0.0
isthmuscingulate-rh,0.0,0.03626943005181347,0.03626943005181347,0.0,0.0,0.0,0.0,0.0,0.0,0.046632124352331605,0.0,0.0,0.0,0.14507772020725387,0.0,0.0,0.0,0.14507772020725387,0.0,0.015544041450777202,0.0,0.17616580310880828,0.0,0.0,0.0,0.0,0.0,0.031088082901554404,0.0,0.0,0.0,0.04145077720207254,0.03626943005181347,0.0,0.0,0.12953367875647667,0.0,0.0,0.0,0.0,0.0,0.0,0.0,0.0,0.0,0.0,0.0,0.0,0.025906735751295335,0.0,0.0,0.0,0.0,0.0,0.0,0.04145077720207254,0.0,0.0,0.03626943005181347,0.0,0.0,0.03626943005181347,0.0,0.0,0.0,0.02072538860103627,0.0,0.0
lateraloccipital-lh,0.0,0.0,0.0,0.0,0.0,0.0,0.0,0.0,0.0,0.0,0.0,0.0,0.0,0.0,0.0,0.0,0.0,0.0,0.0,0.0,0.0,0.0,0.0,0.0,0.0,0.0,0.0,0.0,0.0,0.0,0.0,0.0,0.0,0.0,0.0,0.0,0.0,0.0,0.0,0.0,0.0,0.0,0.0,0.0,0.0,0.0,0.0,0.0,0.0,0.0,0.0,0.0,0.0,0.0,0.0,0.0,0.0,0.0,0.0,0.0,0.0,0.0,0.0,0.0,0.0,0.0,0.0,0.0
lateraloccipital-rh,0.0,0.0,0.0,0.0,0.0,0.0,0.0,0.0,0.0,0.0,0.0,0.0,0.0,0.0,0.0,0.0,0.0,0.0,0.0,0.0,0.0,0.0,0.0,0.0,0.0,0.0,0.0,0.0,0.0,0.0,0.0,0.0,0.0,0.0,0.0,0.0,0.0,0.0,0.0,0.0,0.0,0.0,0.0,0.0,0.0,0.0,0.0,0.0,0.0,0.0,0.0,0.0,0.0,0.0,0.0,0.0,0.0,0.0,0.0,0.0,0.0,0.0,0.0,0.0,0.0,0.0,0.0,0.0
lateralorbitofrontal-lh,0.0,0.0,0.0,0.0,0.0,0.0,0.0,0.0,0.0,0.0,0.0,0.0,0.0,0.0,0.0,0.0,0.0,0.0,0.0,0.0,0.0,0.0,0.0,0.0,0.0,0.0,0.0,0.0,0.0,0.0,0.0,0.0,0.0,0.0,0.0,0.0,0.0,0.0,0.0,0.0,0.0,0.0,0.0,0.0,0.0,0.0,0.0,0.0,0.0,0.0,0.0,0.0,0.0,0.0,0.0,0.0,0.0,0.0,0.0,0.0,0.0,0.0,0.0,0.0,0.0,0.0,0.0,0.0
lateralorbitofrontal-rh,0.0,0.0,0.0,0.0,0.0,0.0,0.0,0.0,0.0,0.0,0.0,0.0,0.0,0.0,0.0,0.0,0.0,0.0,0.0,0.0,0.0,0.0,0.0,0.0,0.0,0.0,0.0,0.0,0.0,0.0,0.0,0.0,0.0,0.0,0.0,0.0,0.0,0.0,0.0,0.0,0.0,0.0,0.0,0.0,0.0,0.0,0.0,0.0,0.0,0.0,0.0,0.0,0.0,0.0,0.0,0.0,0.0,0.0,0.0,0.0,0.0,0.0,0.0,0.0,0.0,0.0,0.0,0.0
lingual-lh,0.0,0.0,0.0,0.0,0.0,0.0,0.0,0.0,0.0,0.0,0.0,0.0,0.0,0.0,0.0,0.0,0.0,0.0,0.0,0.0,0.0,0.0,0.0,0.0,0.0,0.0,0.0,0.0,0.0,0.0,0.0,0.0,0.0,0.0,0.0,0.0,0.0,0.0,0.0,0.0,0.0,0.0,0.0,0.0,0.0,0.0,0.0,0.0,0.0,0.0,0.0,0.0,0.0,0.0,0.0,0.0,0.0,0.0,0.0,0.0,0.0,0.0,0.0,0.0,0.0,0.0,0.0,0.0
lingual-rh,0.0,0.0,0.0,0.0,0.0,0.0,0.0,0.0,0.0,0.09411764705882353,0.0,0.0,0.0,0.18823529411764706,0.0,0.0,0.0,0.18823529411764706,0.0,0.0,0.0,0.09411764705882353,0.0,0.0,0.0,0.0,0.0,0.17647058823529413,0.0,0.0,0.0,0.07058823529411765,0.0,0.0,0.0,0.18823529411764706,0.0,0.0,0.0,0.0,0.0,0.0,0.0,0.0,0.0,0.0,0.0,0.0,0.0,0.0,0.0,0.0,0.0,0.0,0.0,0.0,0.0,0.0,0.0,0.0,0.0,0.0,0.0,0.0,0.0,0.0,0.0,0.0
medialorbitofrontal-lh,0.0,0.0,0.0,0.0,0.0,0.0,0.0,0.0,0.0,0.0,0.0,0.0,0.0,0.0,0.0,0.0,0.0,0.0,0.0,0.0,0.0,0.0,0.0,0.0,0.0,0.0,0.0,0.0,0.0,0.0,0.0,0.0,0.0,0.0,0.0,0.0,0.0,0.0,0.0,0.0,0.0,0.0,0.0,0.0,0.0,0.0,0.0,0.0,0.0,0.0,0.0,0.0,0.0,0.0,0.0,0.0,0.0,0.0,0.0,0.0,0.0,0.0,0.0,0.0,0.0,0.0,0.0,0.0
medialorbitofrontal-rh,0.0,0.0,0.0,0.0,0.0,0.0,0.0,0.0,0.0,0.0,0.0,0.0,0.0,0.0,0.0,0.0,0.0,0.0,0.0,0.0,0.0,0.0,0.0,0.0,0.0,0.0,0.0,0.0,0.0,0.0,0.0,0.0,0.0,0.0,0.0,0.0,0.0,0.0,0.0,0.0,0.0,0.0,0.0,0.0,0.0,0.0,0.0,0.0,0.0,0.0,0.0,0.0,0.0,0.0,0.0,0.0,0.0,0.0,0.0,0.0,0.0,0.0,0.0,0.0,0.0,0.0,0.0,0.0
middletemporal-lh,0.0,0.0,0.0,0.0,0.0,0.0,0.0,0.0,0.0,0.0,0.0,0.0,0.0,0.0,0.0,0.0,0.0,0.0,0.0,0.0,0.0,0.0,0.0,0.0,0.0,0.0,0.0,0.0,0.0,0.0,0.0,0.0,0.0,0.0,0.0,0.0,0.0,0.0,0.0,0.0,0.0,0.0,0.0,0.0,0.0,0.0,0.0,0.0,0.0,0.0,0.0,0.0,0.0,0.0,0.0,0.0,0.0,0.0,0.0,0.0,0.0,0.0,0.0,0.0,0.0,0.0,0.0,0.0
middletemporal-rh,0.0,0.23040380047505937,0.035629453681710214,0.0,0.0,0.0,0.0,0.0,0.0,0.0,0.0,0.0,0.0,0.07600950118764846,0.0,0.0,0.0,0.057007125890736345,0.0,0.04513064133016627,0.0,0.019002375296912115,0.0,0.0,0.0,0.0,0.0,0.019002375296912115,0.0,0.0,0.0,0.2660332541567696,0.014251781472684086,0.0,0.0,0.06175771971496437,0.0,0.0,0.0,0.0,0.0,0.0,0.0,0.0,0.007125890736342043,0.019002375296912115,0.0,0.0,0.004750593824228029,0.0,0.0,0.0,0.0,0.0,0.0,0.007125890736342043,0.0,0.0,0.019002375296912115,0.0,0.0,0.0,0.011876484560570071,0.028503562945368172,0.0,0.040380047505938245,0.0,0.03800475059382423
paracentral-lh,0.0,0.03007518796992481,0.06390977443609022,0.0,0.0,0.0,0.0,0.0,0.0,0.03195488721804511,0.0,0.0,0.0,0.07142857142857142,0.0,0.0,0.0,0.05827067669172932,0.0,0.06390977443609022,0.0,0.013157894736842105,0.0,0.0,0.0,0.0,0.0,0.0,0.0,0.0,0.0,0.015037593984962405,0.18233082706766918,0.043233082706766915,0.0,0.06015037593984962,0.0,0.0,0.0,0.0,0.02819548872180451,0.02819548872180451,0.0,0.0,0.011278195488721804,0.0,0.02631578947368421,0.0,0.07330827067669173,0.0,0.0,0.0,0.0,0.0,0.0,0.0,0.0,0.03195488721804511,0.06015037593984962,0.0,0.0,0.03383458646616541,0.0,0.0,0.0,0.013157894736842105,0.06015037593984962,0.0
paracentral-rh,0.0,0.0,0.010075566750629723,0.0,0.0,0.0,0.0,0.0,0.0,0.08060453400503778,0.0,0.0,0.0,0.0906801007556675,0.0,0.0,0.0,0.09319899244332494,0.0,0.08564231738035265,0.0,0.0,0.0,0.0,0.0,0.0,0.0,0.0,0.0,0.0,0.0,0.0,0.06801007556675064,0.09571788413098237,0.0,0.10075566750629723,0.0,0.0,0.0,0.0,0.012594458438287154,0.0327455919395466,0.0,0.0,0.04030226700251889,0.0,0.06801007556675064,0.0,0.05037783375314862,0.005037783375314861,0.0,0.0,0.0,0.0,0.0,0.0,0.0,0.042821158690176324,0.012594458438287154,0.010075566750629723,0.0,0.08060453400503778,0.0,0.0025188916876574307,0.0,0.0,0.010075566750629723,0.007556675062972292
parahippocampal-lh,0.0,0.0,0.0,0.0,0.0,0.0,0.0,0.0,0.0,0.0,0.0,0.0,0.0,0.0,0.0,0.0,0.0,0.0,0.0,0.0,0.0,0.0,0.0,0.0,0.0,0.0,0.0,0.0,0.0,0.0,0.0,0.0,0.0,0.0,0.0,0.0,0.0,0.0,0.0,0.0,0.0,0.0,0.0,0.0,0.0,0.0,0.0,0.0,0.0,0.0,0.0,0.0,0.0,0.0,0.0,0.0,0.0,0.0,0.0,0.0,0.0,0.0,0.0,0.0,0.0,0.0,0.0,0.0
parahippocampal-rh,0.0,0.01818181818181818,0.015384615384615385,0.0,0.0,0.0,0.0,0.0,0.0,0.055944055944055944,0.0,0.0,0.0,0.12867132867132866,0.0,0.0,0.0,0.1258741258741259,0.0,0.07412587412587412,0.0,0.04195804195804196,0.0,0.0,0.0,0.0,0.0,0.022377622377622378,0.0,0.0,0.0,0.03076923076923077,0.05034965034965035,0.05034965034965035,0.0,0.12867132867132866,0.0,0.0,0.0,0.0,0.005594405594405594,0.023776223776223775,0.0,0.0,0.02097902097902098,0.0,0.03776223776223776,0.0,0.04055944055944056,0.0013986013986013986,0.0,0.0,0.0,0.0,0.0,0.011188811188811189,0.0,0.027972027972027972,0.019580419580419582,0.004195804195804196,0.0,0.04895104895104895,0.0013986013986013986,0.0,0.0,0.0,0.011188811188811189,0.002797202797202797
parsopercularis-lh,0.0,0.0,0.0,0.0,0.0,0.0,0.0,0.0,0.0,0.0,0.0,0.0,0.0,0.0,0.0,0.0,0.0,0.0,0.0,0.0,0.0,0.0,0.0,0.0,0.0,0.0,0.0,0.0,0.0,0.0,0.0,0.0,0.0,0.0,0.0,0.0,0.0,0.0,0.0,0.0,0.0,0.0,0.0,0.0,0.0,0.0,0.0,0.0,0.0,0.0,0.0,0.0,0.0,0.0,0.0,0.0,0.0,0.0,0.0,0.0,0.0,0.0,0.0,0.0,0.0,0.0,0.0,0.0
parsopercularis-rh,0.0,0.0,0.0,0.0,0.0,0.0,0.0,0.0,0.0,0.0,0.0,0.0,0.0,0.0,0.0,0.0,0.0,0.0,0.0,0.0,0.0,0.0,0.0,0.0,0.0,0.0,0.0,0.0,0.0,0.0,0.0,0.0,0.0,0.0,0.0,0.0,0.0,0.0,0.0,0.0,0.0,0.0,0.0,0.0,0.0,0.0,0.0,0.0,0.0,0.0,0.0,0.0,0.0,0.0,0.0,0.0,0.0,0.0,0.0,0.0,0.0,0.0,0.0,0.0,0.0,0.0,0.0,0.0
parsorbitalis-lh,0.0,0.0,0.0,0.0,0.0,0.0,0.0,0.0,0.0,0.0,0.0,0.0,0.0,0.0,0.0,0.0,0.0,0.0,0.0,0.0,0.0,0.0,0.0,0.0,0.0,0.0,0.0,0.0,0.0,0.0,0.0,0.0,0.0,0.0,0.0,0.0,0.0,0.0,0.0,0.0,0.0,0.0,0.0,0.0,0.0,0.0,0.0,0.0,0.0,0.0,0.0,0.0,0.0,0.0,0.0,0.0,0.0,0.0,0.0,0.0,0.0,0.0,0.0,0.0,0.0,0.0,0.0,0.0
parsorbitalis-rh,0.0,0.0,0.0,0.0,0.0,0.0,0.0,0.0,0.0,0.0,0.0,0.0,0.0,0.0,0.0,0.0,0.0,0.0,0.0,0.0,0.0,0.0,0.0,0.0,0.0,0.0,0.0,0.0,0.0,0.0,0.0,0.0,0.0,0.0,0.0,0.0,0.0,0.0,0.0,0.0,0.0,0.0,0.0,0.0,0.0,0.0,0.0,0.0,0.0,0.0,0.0,0.0,0.0,0.0,0.0,0.0,0.0,0.0,0.0,0.0,0.0,0.0,0.0,0.0,0.0,0.0,0.0,0.0
parstriangularis-lh,0.0,0.0,0.0,0.0,0.0,0.0,0.0,0.0,0.0,0.0851063829787234,0.0,0.0,0.0,0.0425531914893617,0.0,0.0,0.0,0.04964539007092199,0.0,0.028368794326241134,0.0,0.0,0.0,0.0,0.0,0.0,0.0,0.0,0.0,0.0,0.0,0.0,0.1347517730496454,0.04964539007092199,0.0,0.0425531914893617,0.0,0.0,0.0,0.0,0.2695035460992908,0.0,0.0,0.0,0.0,0.0,0.03546099290780142,0.0,0.0,0.10638297872340426,0.0,0.0,0.0,0.0,0.0,0.0,0.0,0.028368794326241134,0.0,0.07092198581560284,0.0,0.04964539007092199,0.0,0.0,0.0,0.0070921985815602835,0.0,0.0
parstriangularis-rh,0.0,0.0,0.01675977653631285,0.0,0.0,0.0,0.0,0.0,0.0,0.03910614525139665,0.0,0.0,0.0,0.09497206703910614,0.0,0.0,0.0,0.0893854748603352,0.0,0.08379888268156424,0.0,0.0,0.0,0.0,0.0,0.0,0.0,0.0,0.0,0.0,0.0,0.0,0.09497206703910614,0.061452513966480445,0.0,0.08379888268156424,0.0,0.0,0.0,0.0,0.0,0.12290502793296089,0.0,0.0,0.03910614525139665,0.0,0.027932960893854747,0.0,0.1340782122905028,0.0,0.0,0.0,0.0,0.0,0.0,0.0,0.0,0.0,0.0335195530726257,0.0,0.0,0.027932960893854747,0.0,0.0,0.0,0.0,0.05027932960893855,0.0
pericalcarine-lh,0.0,0.0,0.0,0.0,0.0,0.0,0.0,0.0,0.0,0.0,0.0,0.0,0.0,0.0,0.0,0.0,0.0,0.0,0.0,0.0,0.0,0.0,0.0,0.0,0.0,0.0,0.0,0.0,0.0,0.0,0.0,0.0,0.0,0.0,0.0,0.0,0.0,0.0,0.0,0.0,0.0,0.0,0.0,0.0,0.0,0.0,0.0,0.0,0.0,0.0,0.0,0.0,0.0,0.0,0.0,0.0,0.0,0.0,0.0,0.0,0.0,0.0,0.0,0.0,0.0,0.0,0.0,0.0
pericalcarine-rh,0.0,0.0,0.0,0.0,0.0,0.0,0.0,0.0,0.0,0.0,0.0,0.0,0.0,0.0,0.0,0.0,0.0,0.0,0.0,0.0,0.0,0.0,0.0,0.0,0.0,0.0,0.0,0.0,0.0,0.0,0.0,0.0,0.0,0.0,0.0,0.0,0.0,0.0,0.0,0.0,0.0,0.0,0.0,0.0,0.0,0.0,0.0,0.0,0.0,0.0,0.0,0.0,0.0,0.0,0.0,0.0,0.0,0.0,0.0,0.0,0.0,0.0,0.0,0.0,0.0,0.0,0.0,0.0
postcentral-lh,0.0,0.010050251256281407,0.0,0.0,0.0,0.0,0.0,0.0,0.0,0.09045226130653267,0.0,0.0,0.0,0.06532663316582915,0.0,0.0,0.0,0.07035175879396985,0.0,0.06532663316582915,0.0,0.0,0.0,0.0,0.0,0.0,0.0,0.0,0.0,0.0,0.0,0.005025125628140704,0.04020100502512563,0.09045226130653267,0.0,0.08542713567839195,0.0,0.0,0.0,0.0,0.0,0.04522613065326633,0.0,0.0,0.20603015075376885,0.0,0.06532663316582915,0.0,0.05527638190954774,0.0,0.0,0.0,0.0,0.0,0.0,0.0,0.0,0.0,0.0,0.0,0.0,0.06532663316582915,0.0,0.01507537688442211,0.0,0.0,0.0,0.02512562814070352
postcentral-rh,0.0,0.13157894736842105,0.0,0.0,0.0,0.0,0.0,0.0,0.0,0.02631578947368421,0.0,0.0,0.0,0.0,0.0,0.0,0.0,0.0,0.0,0.0,0.0,0.0,0.0,0.0,0.0,0.0,0.0,0.0,0.0,0.0,0.0,0.15789473684210525,0.0,0.0,0.0,0.0,0.0,0.0,0.0,0.0,0.0,0.0,0.0,0.0,0.0,0.18421052631578946,0.0,0.0,0.0,0.0,0.0,0.0,0.0,0.0,0.0,0.0,0.0,0.0,0.0,0.0,0.0,0.0,0.13157894736842105,0.21052631578947367,0.0,0.02631578947368421,0.0,0.13157894736842105
posteriorcingulate-lh,0.0,0.0,0.0035842293906810036,0.0,0.0,0.0,0.0,0.0,0.0,0.0967741935483871,0.0,0.0,0.0,0.08960573476702509,0.0,0.0,0.0,0.0931899641577061,0.0,0.08960573476702509,0.0,0.0,0.0,0.0,0.0,0.0,0.0,0.0,0.0,0.0,0.0,0.0,0.06451612903225806,0.0967741935483871,0.0,0.0967741935483871,0.0,0.0,0.0,0.0,0.010752688172043012,0.025089605734767026,0.0,0.0,0.04659498207885305,0.0,0.08960573476702509,0.0,0.03942652329749104,0.0,0.0,0.0,0.0,0.0,0.0,0.0,0.0,0.05017921146953405,0.0035842293906810036,0.007168458781362007,0.0,0.0931899641577061,0.0,0.0,0.0,0.0,0.0,0.0035842293906810036
posteriorcingulate-rh,0.0,0.0,0.0,0.0,0.0,0.0,0.0,0.0,0.0,0.0,0.0,0.0,0.0,0.0,0.0,0.0,0.0,0.0,0.0,0.0,0.0,0.0,0.0,0.0,0.0,0.0,0.0,0.0,0.0,0.0,0.0,0.0,0.0,0.0,0.0,0.0,0.0,0.0,0.0,0.0,0.0,0.0,0.0,0.0,0.0,0.0,0.0,0.0,0.0,0.0,0.0,0.0,0.0,0.0,0.0,0.0,0.0,0.0,0.0,0.0,0.0,0.0,0.0,0.0,0.0,0.0,0.0,0.0
precentral-lh,0.0,0.016260162601626018,0.06504065040650407,0.0,0.0,0.0,0.0,0.0,0.0,0.02710027100271003,0.0,0.0,0.0,0.08401084010840108,0.0,0.0,0.0,0.06504065040650407,0.0,0.07317073170731707,0.0,0.018970189701897018,0.0,0.0,0.0,0.0,0.0,0.0,0.0,0.0,0.0,0.01084010840108401,0.10840108401084012,0.04336043360433604,0.0,0.06775067750677506,0.0,0.0,0.0,0.0,0.0,0.05962059620596206,0.0,0.0,0.018970189701897018,0.0,0.018970189701897018,0.0,0.14092140921409213,0.0,0.0,0.0,0.0,0.0,0.0,0.0,0.0,0.02710027100271003,0.07317073170731707,0.0,0.0,0.02981029810298103,0.0,0.0,0.0,0.008130081300813009,0.04336043360433604,0.0
precentral-rh,0.0,0.0,0.0,0.0,0.0,0.0,0.0,0.0,0.0,0.09574468085106383,0.0,0.06382978723404255,0.0,0.031914893617021274,0.0,0.0,0.0,0.0425531914893617,0.0,0.010638297872340425,0.0,0.0,0.0,0.0,0.0,0.0,0.0,0.0,0.0,0.0,0.0,0.0,0.0,0.0425531914893617,0.0,0.031914893617021274,0.0,0.0,0.0,0.0,0.1595744680851064,0.0,0.0,0.0,0.0,0.0,0.02127659574468085,0.0,0.0,0.24468085106382978,0.0,0.0,0.0,0.0,0.0,0.0,0.0,0.010638297872340425,0.0,0.09574468085106383,0.0,0.0425531914893617,0.0,0.0,0.0,0.0,0.0,0.10638297872340426
precuneus-lh,0.0,0.0,0.0,0.0,0.0,0.0,0.0,0.0,0.0,0.0,0.0,0.0,0.0,0.0,0.0,0.0,0.0,0.0,0.0,0.0,0.0,0.0,0.0,0.0,0.0,0.0,0.0,0.0,0.0,0.0,0.0,0.0,0.0,0.0,0.0,0.0,0.0,0.0,0.0,0.0,0.0,0.0,0.0,0.0,0.0,0.0,0.0,0.0,0.0,0.0,0.0,0.0,0.0,0.0,0.0,0.0,0.0,0.0,0.0,0.0,0.0,0.0,0.0,0.0,0.0,0.0,0.0,0.0
precuneus-rh,0.0,0.0,0.0,0.0,0.0,0.0,0.0,0.0,0.0,0.0,0.0,0.0,0.0,0.0,0.0,0.0,0.0,0.0,0.0,0.0,0.0,0.0,0.0,0.0,0.0,0.0,0.0,0.0,0.0,0.0,0.0,0.0,0.0,0.0,0.0,0.0,0.0,0.0,0.0,0.0,0.07142857142857142,0.0,0.0,0.0,0.0,0.0,0.0,0.0,0.0,0.0,0.0,0.42857142857142855,0.0,0.0,0.0,0.0,0.0,0.0,0.0,0.0,0.0,0.0,0.0,0.0,0.0,0.5,0.0,0.0
rostralanteriorcingulate-lh,0.0,0.0,0.0,0.0,0.0,0.0,0.0,0.0,0.0,0.0,0.0,0.0,0.0,0.0,0.0,0.0,0.0,0.0,0.0,0.0,0.0,0.0,0.0,0.0,0.0,0.0,0.0,0.0,0.0,0.0,0.0,0.0,0.0,0.0,0.0,0.0,0.0,0.0,0.0,0.0,0.0,0.0,0.0,0.0,0.0,0.0,0.0,0.0,0.0,0.0,0.0,0.0,0.0,0.0,0.0,0.0,0.0,0.0,0.0,0.0,0.0,0.0,0.0,0.0,0.0,0.0,0.0,0.0
rostralanteriorcingulate-rh,0.0,0.0,0.0,0.0,0.0,0.0,0.0,0.0,0.0,0.0,0.0,0.0,0.0,0.0,0.0,0.0,0.0,0.0,0.0,0.0,0.0,0.0,0.0,0.0,0.0,0.0,0.0,0.0,0.0,0.0,0.0,0.0,0.0,0.0,0.0,0.0,0.0,0.0,0.0,0.0,0.0,0.0,0.0,0.0,0.0,0.0,0.0,0.0,0.0,0.0,0.0,0.0,0.0,0.0,0.0,0.0,0.0,0.0,0.0,0.0,0.0,0.0,0.0,0.0,0.0,0.0,0.0,0.0
rostralmiddlefrontal-lh,0.0,0.0,0.0,0.0,0.0,0.0,0.0,0.0,0.0,0.0,0.0,0.0,0.0,0.0,0.0,0.0,0.0,0.0,0.0,0.0,0.0,0.0,0.0,0.0,0.0,0.0,0.0,0.0,0.0,0.0,0.0,0.0,0.0,0.0,0.0,0.0,0.0,0.0,0.0,0.0,0.0,0.0,0.0,0.0,0.0,0.0,0.0,0.0,0.0,0.0,0.0,0.0,0.0,0.0,0.0,0.0,0.0,0.0,0.0,0.0,0.0,0.0,0.0,0.0,0.0,0.0,0.0,0.0
rostralmiddlefrontal-rh,0.0,0.0,0.0,0.0,0.0,0.0,0.0,0.0,0.0,0.0,0.0,0.08823529411764706,0.0,0.1568627450980392,0.0,0.0,0.0,0.0784313725490196,0.0,0.0,0.0,0.058823529411764705,0.0,0.0,0.0,0.0,0.0,0.0,0.0,0.0,0.0,0.00980392156862745,0.0,0.0,0.0,0.058823529411764705,0.0,0.0,0.0,0.0,0.0,0.0,0.0,0.0,0.0,0.0,0.0,0.0,0.0,0.00980392156862745,0.0,0.0,0.0,0.0,0.0,0.46078431372549017,0.0,0.0,0.0,0.0,0.0,0.0,0.0,0.0,0.0,0.0,0.029411764705882353,0.049019607843137254
superiorfrontal-lh,0.0,0.0,0.0,0.0,0.0,0.0,0.0,0.0,0.0,0.0,0.0,0.0,0.0,0.0,0.0,0.0,0.0,0.0,0.0,0.0,0.0,0.0,0.0,0.0,0.0,0.0,0.0,0.0,0.0,0.0,0.0,0.0,0.0,0.0,0.0,0.0,0.0,0.0,0.0,0.0,0.0,0.0,0.0,0.0,0.0,0.0,0.0,0.0,0.0,0.0,0.0,0.0,0.0,0.0,0.0,0.0,0.0,0.0,0.0,0.0,0.0,0.0,0.0,0.0,0.0,0.0,0.0,0.0
superiorfrontal-rh,0.0,0.0,0.0392156862745098,0.0,0.0,0.0,0.0,0.0,0.0,0.06372549019607843,0.0,0.0,0.0,0.09803921568627451,0.0,0.0,0.0,0.08823529411764706,0.0,0.09803921568627451,0.0,0.004901960784313725,0.0,0.0,0.0,0.0,0.0,0.0,0.0,0.0,0.0,0.0,0.09313725490196079,0.07352941176470588,0.0,0.09803921568627451,0.0,0.0,0.0,0.0,0.00980392156862745,0.0,0.0,0.0,0.0,0.0,0.058823529411764705,0.0,0.058823529411764705,0.0,0.0,0.0,0.0,0.0,0.0,0.0,0.0,0.09313725490196079,0.0392156862745098,0.004901960784313725,0.0,0.0784313725490196,0.0,0.0,0.0,0.0,0.0,0.0
superiorparietal-lh,0.0,0.06060606060606061,0.1341991341991342,0.0,0.0,0.0,0.0,0.0,0.0,0.0,0.0,0.0,0.0,0.06926406926406926,0.0,0.0,0.0,0.03896103896103896,0.0,0.05194805194805195,0.0,0.030303030303030304,0.0,0.0,0.0,0.0,0.0,0.0,0.0,0.0,0.0,0.04329004329004329,0.12987012987012986,0.008658008658008658,0.0,0.04329004329004329,0.0,0.0,0.0,0.0,0.0,0.017316017316017316,0.0,0.0,0.0,0.0,0.0,0.0,0.09956709956709957,0.0,0.0,0.0,0.0,0.0,0.0,0.0,0.0,0.025974025974025976,0.1341991341991342,0.0,0.0,0.012987012987012988,0.0,0.0,0.0,0.03896103896103896,0.06060606060606061,0.0
superiorparietal-rh,0.0,0.0,0.0,0.0,0.0,0.0,0.0,0.0,0.0,0.13333333333333333,0.0,0.0,0.0,0.06666666666666667,0.0,0.0,0.0,0.08,0.0,0.04,0.0,0.0,0.0,0.0,0.0,0.0,0.0,0.0,0.0,0.0,0.0,0.0,0.013333333333333334,0.08,0.0,0.06666666666666667,0.0,0.0,0.0,0.0,0.13333333333333333,0.0,0.0,0.0,0.0,0.0,0.05333333333333334,0.0,0.0,0.09333333333333334,0.0,0.0,0.0,0.0,0.0,0.0,0.0,0.04,0.0,0.12,0.0,0.08,0.0,0.0,0.0,0.0,0.0,0.0
superiortemporal-lh,0.0,0.0,0.0,0.0,0.0,0.0,0.0,0.0,0.0,0.0,0.0,0.0,0.0,0.0,0.0,0.0,0.0,0.0,0.0,0.0,0.0,0.0,0.0,0.0,0.0,0.0,0.0,0.0,0.0,0.0,0.0,0.0,0.0,0.0,0.0,0.0,0.0,0.0,0.0,0.0,0.0,0.0,0.0,0.0,0.0,0.0,0.0,0.0,0.0,0.0,0.0,0.0,0.0,0.0,0.0,0.0,0.0,0.0,0.0,0.0,1.0,0.0,0.0,0.0,0.0,0.0,0.0,0.0
superiortemporal-rh,0.0,0.0,0.0136986301369863,0.0,0.0,0.0,0.0,0.0,0.0,0.07945205479452055,0.0,0.0,0.0,0.09315068493150686,0.0,0.0,0.0,0.09863013698630137,0.0,0.07945205479452055,0.0,0.0136986301369863,0.0,0.0,0.0,0.0,0.0,0.0,0.0,0.0,0.0,0.0,0.06027397260273973,0.08493150684931507,0.0,0.0958904109589041,0.0,0.0,0.0,0.0,0.0136986301369863,0.019178082191780823,0.0,0.0,0.03561643835616438,0.0,0.07123287671232877,0.0,0.0410958904109589,0.005479452054794521,0.0,0.0,0.0,0.0,0.0,0.0,0.0,0.049315068493150684,0.0136986301369863,0.010958904109589041,0.0,0.1178082191780822,0.0,0.0,0.0,0.0,0.0,0.0027397260273972603
supramarginal-lh,0.0,0.037037037037037035,0.0,0.0,0.0,0.0,0.0,0.0,0.0,0.07407407407407407,0.0,0.0,0.0,0.037037037037037035,0.0,0.0,0.0,0.037037037037037035,0.0,0.0,0.0,0.0,0.0,0.0,0.0,0.0,0.0,0.037037037037037035,0.0,0.0,0.0,0.1111111111111111,0.0,0.0,0.0,0.037037037037037035,0.0,0.0,0.0,0.0,0.0,0.0,0.0,0.0,0.0,0.1111111111111111,0.0,0.0,0.0,0.0,0.0,0.0,0.0,0.0,0.0,0.0,0.0,0.0,0.0,0.0,0.0,0.0,0.14814814814814814,0.18518518518518517,0.0,0.0,0.0,0.18518518518518517
supramarginal-rh,0.0,0.10344827586206896,0.0,0.0,0.0,0.0,0.0,0.0,0.0,0.09195402298850575,0.0,0.0,0.0,0.0,0.0,0.0,0.0,0.0,0.0,0.0,0.0,0.0,0.0,0.0,0.0,0.0,0.0,0.0,0.0,0.0,0.0,0.11494252873563218,0.0,0.034482758620689655,0.0,0.022988505747126436,0.0,0.0,0.0,0.0,0.0,0.0,0.0,0.0,0.05747126436781609,0.09195402298850575,0.011494252873563218,0.0,0.0,0.0,0.0,0.0,0.0,0.0,0.0,0.0,0.0,0.0,0.0,0.0,0.0,0.011494252873563218,0.05747126436781609,0.20689655172413793,0.0,0.05747126436781609,0.0,0.13793103448275862
temporalpole-lh,0.0,0.0,0.0,0.0,0.0,0.0,0.0,0.0,0.0,0.0,0.0,0.0,0.0,0.0,0.0,0.0,0.0,0.0,0.0,0.0,0.0,0.0,0.0,0.0,0.0,0.0,0.0,0.0,0.0,0.0,0.0,0.0,0.0,0.0,0.0,0.0,0.0,0.0,0.0,0.0,0.0,0.0,0.0,0.0,0.0,0.0,0.0,0.0,0.0,0.0,0.0,0.0,0.0,0.0,0.0,0.0,0.0,0.0,0.0,0.0,0.0,0.0,0.0,0.0,0.0,0.0,0.0,0.0
temporalpole-rh,0.0,0.1650485436893204,0.10679611650485436,0.0,0.0,0.0,0.0,0.0,0.0,0.0,0.0,0.0,0.0,0.0,0.0,0.0,0.0,0.0,0.0,0.0,0.0,0.019417475728155338,0.0,0.0,0.0,0.0,0.0,0.0,0.0,0.0,0.0,0.1650485436893204,0.04854368932038835,0.0,0.0,0.0,0.0,0.0,0.0,0.0,0.02912621359223301,0.0,0.0,0.0,0.0,0.02912621359223301,0.0,0.0,0.009708737864077669,0.0,0.0,0.05825242718446602,0.0,0.0,0.0,0.0,0.0,0.0,0.06796116504854369,0.0,0.0,0.0,0.0,0.06796116504854369,0.0,0.23300970873786409,0.0,0.0
transversetemporal-lh,0.0,0.05,0.10625,0.0,0.0,0.0,0.0,0.0,0.0,0.0,0.0,0.0,0.0,0.0625,0.0,0.0,0.0,0.04375,0.0,0.0375,0.0,0.0,0.0,0.0,0.0,0.0,0.0,0.0,0.0,0.0,0.0,0.0,0.1875,0.0125,0.0,0.0375,0.0,0.0,0.0,0.0,0.0,0.04375,0.0,0.0,0.0,0.0,0.0,0.0,0.0875,0.0,0.0,0.0,0.0,0.0,0.0,0.00625,0.0,0.0,0.0875,0.0,0.0,0.0,0.0,0.0,0.0,0.0,0.2375,0.0
transversetemporal-rh,0.0,0.09259259259259259,0.0,0.0,0.0,0.0,0.0,0.0,0.0,0.06172839506172839,0.0,0.06172839506172839,0.0,0.006172839506172839,0.0,0.0,0.0,0.006172839506172839,0.0,0.037037037037037035,0.0,0.0,0.0,0.0,0.0,0.0,0.0,0.0,0.0,0.0,0.0,0.1111111111111111,0.0,0.030864197530864196,0.0,0.024691358024691357,0.0,0.0,0.0,0.0,0.0,0.0,0.0,0.0,0.043209876543209874,0.018518518518518517,0.018518518518518517,0.0,0.0,0.06172839506172839,0.0,0.0,0.0,0.0,0.0,0.018518518518518517,0.0,0.0,0.0,0.0,0.0,0.018518518518518517,0.024691358024691357,0.06172839506172839,0.0,0.0,0.0,0.30246913580246915
